Peptide,HLA,EL_rank_mut,agg_label,fold,BA_rank,BA_score,EL_rank_wt,HLA_full,PMIDs,Peptide_mut,Peptide_wt,Pos_mut,Pos_wt,Related Object_Ending Position,Related Object_Starting Position,anchor_mutation,binder,blsm_mut_score,core,core_blsm_mut_score,core_mut,core_mutation_position,core_mutation_score,core_wt,dissimilarity_score,icore,icore_mut,icore_wt,label,len,len_icore_mut,len_icore_wt,len_pep_mut,len_pep_wt,len_wt,mhc_anchor,mut_wt_sim,mutation_position,mutation_score,mutation_type,percentage_pos,ratio_rank,responses,total_count,trainset,trueHLA_EL_rank,wild_type,wt_EL_rank,wt_core,wt_true,pred
AAQFSSDVL,HLA-B0702,2.966,0,0,0.3921,0.5569,2.108,HLA-B*07:02,27198675,AAQFSSDVL,AAQFSSEVL,0,0,580.0,572.0,False,Conserved,2,AAQFSSDVL,2,AAQFSSDVL,6,1.3862943611198906,AAQFSSEVL,0.03917400000000004,AAQFSSDVL,AAQFSSDVL,AAQFSSEVL,Negative,9,9,9,9,9,9,"1,8",0.960826,6,1.3862943611198906,substitution,0.0,0.7107215104517869,Negative,1,cedar,2.966,AAQFSSEVL,2.108,AAQFSSEVL,True,0.0913594804970482
AEAERLDVKAI,HLA-B4403,0.37,0,0,0.574,0.3796,0.2139,HLA-B*44:03,30556813,AERLDVKAI,AERLDVKAM,2,2,275.0,265.0,True,Conserved,1,AEAEDVKAI,1,AERLDVKAI,8,1.0986122886681098,AERLDVKAM,0.013988,AEAERLDVKAI,AERLDVKAI,AERLDVKAM,Negative,11,9,9,9,9,11,"1,8",0.986012,10,1.0986122886681098,substitution,0.0,0.5781081081081081,Negative,1,cedar,0.5602,AEAERLDVKAM,0.3118,AEAEDVKAM,True,0.10697439184823652
AEHSLQVAY,HLA-B4408,0.0073,1,0,0.0095,0.7441,0.8174,HLA-B*44:08,27312342,AEHSLQVAY,AEHSLQVAH,0,0,218.0,210.0,True,Improved,2,AEHSLQVAY,2,AEHSLQVAY,8,0.6931471805599453,AEHSLQVAH,0.02154900000000004,AEHSLQVAY,AEHSLQVAY,AEHSLQVAH,Positive,9,9,9,9,9,9,"1,8",0.978451,8,0.6931471805599453,substitution,1.0,111.97260273972603,Positive_all,1,cedar,0.0073,AEHSLQVAH,0.8174,AEHSLQVAH,True,0.16532509911084942
AEHSLQVAY,HLA-B4403,0.0028,1,0,0.0095,0.7441,0.386,HLA-B*44:03,27312342,AEHSLQVAY,AEHSLQVAH,0,0,218.0,210.0,True,Conserved,2,AEHSLQVAY,2,AEHSLQVAY,8,0.6931471805599453,AEHSLQVAH,0.02154900000000004,AEHSLQVAY,AEHSLQVAY,AEHSLQVAH,Positive,9,9,9,9,9,9,"1,8",0.978451,8,0.6931471805599453,substitution,1.0,137.85714285714286,Positive_all,1,cedar,0.0028,AEHSLQVAH,0.386,AEHSLQVAH,True,0.18118184236087723
AERLDVKAI,HLA-B4403,0.37,0,0,0.0914,0.6669,0.2139,HLA-B*44:03,30556813,AERLDVKAI,AERLDVKAM,0,0,275.0,267.0,True,Conserved,1,AERLDVKAI,1,AERLDVKAI,8,1.0986122886681098,AERLDVKAM,0.013988,AERLDVKAI,AERLDVKAI,AERLDVKAM,Negative,9,9,9,9,9,9,"1,8",0.986012,8,1.0986122886681098,substitution,0.0,0.5781081081081081,Negative,1,cedar,0.37,AERLDVKAM,0.2139,AERLDVKAM,True,0.12468999100571246
AEVDQDGVVM,HLA-B4403,0.3688,0,0,0.1557,0.635,0.4456,HLA-B*44:03,"34244308,34244308",AEVDQDGVVM,AEVDEDGVVM,0,0,1527.0,1518.0,False,Conserved,2,AEVDQGVVM,2,AEVDQGVVM,4,0.6931471805599453,AEVDEGVVM,0.03817599999999999,AEVDQDGVVM,AEVDQDGVVM,AEVDEDGVVM,Negative,10,10,10,10,10,10,"1,8",0.961824,4,0.6931471805599453,substitution,0.0,1.2082429501084597,"Negative,Negative",2,cedar,0.3688,AEVDEDGVVM,0.4456,AEVDEGVVM,True,0.20746013704256136
ALAFTPVEQV,HLA-A0201,0.2253,0,0,0.3031,0.7652,0.3085,HLA-A*02:01,27198675,ALAFTPVEQV,ALALTPVEQV,0,0,227.0,218.0,False,Conserved,0,ALFTPVEQV,0,ALFTPVEQV,2,1.791759469228055,ALLTPVEQV,0.04745299999999997,ALAFTPVEQV,ALAFTPVEQV,ALALTPVEQV,Negative,10,10,10,10,10,10,"1,3,8",0.952547,3,1.791759469228055,substitution,0.0,1.3692853972481136,Negative,1,cedar,0.2253,ALALTPVEQV,0.3085,ALLTPVEQV,True,0.12234510958133507
ALAFTPVEQVV,HLA-A0201,0.2253,0,0,1.9353,0.5656,0.1672,HLA-A*02:01,27198675,ALAFTPVEQV,ALTPVEQVV,0,2,228.0,218.0,True,Conserved,0,ALAPVEQVV,-7,ALFTPVEQV,"2,3,4,5,6,7",2.0794415416798357,ALTPVEQVV,0.11536599999999997,ALAFTPVEQVV,ALAFTPVEQV,ALTPVEQVV,Negative,11,10,9,10,9,11,"1,3,8",0.884634,3,1.791759469228055,substitution,0.0,0.7421216156236129,Negative,1,cedar,0.7099,ALALTPVEQVV,0.7545,ALAPVEQVV,True,0.12721425298466638
ALALAQKGV,HLA-A0201,1.0758,1,0,0.521,0.7184,2.9565,HLA-A*02:01,"27198675,27198675,27198675,27198675",ALALAQKGV,ALALARKGV,0,0,36.0,28.0,False,Conserved,1,ALALAQKGV,1,ALALAQKGV,5,0.6931471805599453,ALALARKGV,0.04974199999999995,ALALAQKGV,ALALAQKGV,ALALARKGV,Positive,9,9,9,9,9,9,"1,3,8",0.950258,5,0.6931471805599453,substitution,0.5,2.748187395426659,"Positive_all,Positive_all,Negative,Negative",4,cedar,1.0758,ALALARKGV,2.9565,ALALARKGV,True,0.08936648849042962
ALAQKGVQL,HLA-A0201,0.2014,0,0,1.1361,0.638,0.4706,HLA-A*02:01,"27198675,27198675,27198675,27198675",ALAQKGVQL,ALARKGVQL,0,0,38.0,30.0,True,Conserved,1,ALAQKGVQL,1,ALAQKGVQL,3,0.6931471805599453,ALARKGVQL,0.05340800000000001,ALAQKGVQL,ALAQKGVQL,ALARKGVQL,Negative,9,9,9,9,9,9,"1,3,8",0.946592,3,0.6931471805599453,substitution,0.0,2.3366434955312814,"Negative,Negative,Negative,Negative",4,cedar,0.2014,ALARKGVQL,0.4706,ALARKGVQL,True,0.11363172493208366
ALAQKGVQL,HLA-B0702,0.9954,0,0,1.1361,0.638,1.3579,HLA-B*07:02,"27198675,27198675",ALAQKGVQL,ALARKGVQL,0,0,38.0,30.0,False,Conserved,1,ALAQKGVQL,1,ALAQKGVQL,3,0.6931471805599453,ALARKGVQL,0.05340800000000001,ALAQKGVQL,ALAQKGVQL,ALARKGVQL,Negative,9,9,9,9,9,9,"1,8",0.946592,3,0.6931471805599453,substitution,0.0,1.364175205947358,"Negative,Negative",2,cedar,0.9954,ALARKGVQL,1.3579,ALARKGVQL,True,0.09617612288097105
ALAQKGVQLGL,HLA-A0201,0.2014,0,0,1.9183,0.567,0.4706,HLA-A*02:01,27198675,ALAQKGVQL,ALARKGVQL,0,0,40.0,30.0,True,Conserved,1,ALAGVQLGL,1,ALAQKGVQL,3,0.6931471805599453,ALARKGVQL,0.05340800000000001,ALAQKGVQLGL,ALAQKGVQL,ALARKGVQL,Negative,11,9,9,9,9,11,"1,3,8",0.946592,3,0.6931471805599453,substitution,0.0,2.3366434955312814,Negative,1,cedar,1.0357,ALARKGVQLGL,1.1037,ALAGVQLGL,True,0.1012780832160807
ALAQKGVQLGL,HLA-B0702,0.9954,0,0,1.9183,0.567,1.3579,HLA-B*07:02,27198675,ALAQKGVQL,ALARKGVQL,0,0,40.0,30.0,False,Conserved,1,ALAGVQLGL,1,ALAQKGVQL,3,0.6931471805599453,ALARKGVQL,0.05340800000000001,ALAQKGVQLGL,ALAQKGVQL,ALARKGVQL,Negative,11,9,9,9,9,11,"1,8",0.946592,3,0.6931471805599453,substitution,0.0,1.364175205947358,Negative,1,cedar,7.217,ALARKGVQLGL,9.844,ALARKGVQL,True,0.10786178861910221
ALFLVFGRTRK,HLA-A1101,1.4748,1,0,0.1851,0.6456,1.1815,HLA-A*11:01,32226429,ALFLVFGRTRK,ALFLVFGRTKK,0,0,350.0,340.0,False,Conserved,2,ALFFGRTRK,2,ALFFGRTRK,7,0.6931471805599453,ALFFGRTKK,0.013376000000000055,ALFLVFGRTRK,ALFLVFGRTRK,ALFLVFGRTKK,Positive,11,11,11,11,11,11,"0,1,8",0.986624,9,0.6931471805599453,substitution,1.0,0.8011255763493355,Positive_all,1,cedar,1.4748,ALFLVFGRTKK,1.1815,ALFFGRTKK,True,0.17526339218842704
ALFTWTNLL,HLA-A0201,0.126,0,0,0.0602,0.9097,0.8968,HLA-A*02:01,24323902,ALFTWTNLL,AVFTWTNLL,0,0,1092.0,1084.0,True,Improved,1,ALFTWTNLL,1,ALFTWTNLL,1,1.791759469228055,AVFTWTNLL,0.026364000000000054,ALFTWTNLL,ALFTWTNLL,AVFTWTNLL,Negative,9,9,9,9,9,9,"1,3,8",0.973636,1,1.791759469228055,substitution,0.0,7.117460317460318,Negative,1,cedar,0.126,AVFTWTNLL,0.8968,AVFTWTNLL,True,0.3724350600143643
ALFTWTNLLV,HLA-A0201,0.126,0,0,0.1817,0.8707,0.8968,HLA-A*02:01,24323902,ALFTWTNLL,AVFTWTNLL,0,0,1093.0,1084.0,True,Improved,1,ALFTWTNLV,1,ALFTWTNLL,1,1.791759469228055,AVFTWTNLL,0.026364000000000054,ALFTWTNLLV,ALFTWTNLL,AVFTWTNLL,Negative,10,9,9,9,9,10,"1,3,8",0.973636,1,1.791759469228055,substitution,0.0,7.117460317460318,Negative,1,cedar,0.7175,AVFTWTNLLV,2.6995,AVFTWTLLV,True,0.25396513094516654
ALFTWTNLLVV,HLA-A0201,0.126,0,0,0.6122,0.7786,0.4466,HLA-A*02:01,24323902,ALFTWTNLL,FTWTNLLVV,0,2,1094.0,1084.0,True,Conserved,1,ALFTWTNLV,-8,ALFTWTNLL,"0,1,2,4,5,6,7,8",2.4849066497880004,FTWTNLLVV,0.16978000000000004,ALFTWTNLLVV,ALFTWTNLL,FTWTNLLVV,Negative,11,9,9,9,9,11,"1,3,8",0.83022,1,1.791759469228055,substitution,0.0,3.5444444444444443,Negative,1,cedar,1.262,AVFTWTNLLVV,4.079,AVWTNLLVV,True,0.2526723742154761
ALPILGEQV,HLA-A0201,0.8351,0,0,0.9048,0.2467,2.7731,HLA-A*02:01,27198675,ALPILGEQV,ALPILGGQV,0,0,140.0,132.0,False,Improved,-2,ALPILGEQV,-2,ALPILGEQV,6,0.6931471805599453,ALPILGGQV,0.07725499999999996,ALPILGEQV,ALPILGEQV,ALPILGGQV,Negative,9,9,9,9,9,9,"1,3,8",0.922745,6,0.6931471805599453,substitution,0.0,3.3206801580649024,Negative,1,cedar,0.8351,ALPILGGQV,2.7731,ALPILGGQV,True,0.11830264735903767
ALQQCLQGA,HLA-A0201,1.2079,0,0,1.0933,0.6399,1.1715,HLA-A*02:01,31511069,ALQQCLQGA,ALQQRLQGA,0,0,1098.0,1090.0,False,Conserved,-3,ALQQCLQGA,-3,ALQQCLQGA,4,0.6931471805599453,ALQQRLQGA,0.12289899999999998,ALQQCLQGA,ALQQCLQGA,ALQQRLQGA,Negative,9,9,9,9,9,9,"1,3,8",0.877101,4,0.6931471805599453,substitution,0.0,0.9698650550542264,Negative,1,cedar,1.2079,ALQQRLQGA,1.1715,ALQQRLQGA,True,0.10457240938280292
ALSYTPAEV,HLA-A0201,0.1425,1,0,0.119,0.8222,0.0578,HLA-A*02:01,30418433,ALSYTPAEV,ALSYTPVEV,0,0,232.0,224.0,False,Conserved,0,ALSYTPAEV,0,ALSYTPAEV,6,1.3862943611198906,ALSYTPVEV,0.045559000000000016,ALSYTPAEV,ALSYTPAEV,ALSYTPVEV,Positive,9,9,9,9,9,9,"1,3,8",0.954441,6,1.3862943611198906,substitution,1.0,0.4056140350877193,Positive_all,1,cedar,0.1425,ALSYTPVEV,0.0578,ALSYTPVEV,True,0.10589008537870036
ALWSLSRHASL,HLA-A0201,0.4606,0,0,1.1746,0.7011,0.4606,HLA-A*02:01,31511069,ALWSLSRHA,ALWSLSRHA,0,0,637.0,627.0,False,Conserved,1,ALWSLSASL,4,ALWSLSRHA,-1,,ALWSLSRHA,0.0,ALWSLSRHASL,ALWSLSRHA,ALWSLSRHA,Negative,11,9,9,9,9,11,"1,3,8",1.0,9,1.3862943611198906,substitution,0.0,1.0,Negative,1,cedar,0.9784,ALWSLSRHAAL,1.3771,ALWSLSAAL,True,0.07208248929847669
AMVLAVRGV,HLA-A0201,1.47,0,0,0.1701,0.8002,3.5082,HLA-A*02:01,31511069,AMVLAVRGV,AMVLADRGV,0,0,405.0,397.0,False,Conserved,-3,AMVLAVRGV,-3,AMVLAVRGV,5,0.6931471805599453,AMVLADRGV,0.08941500000000002,AMVLAVRGV,AMVLAVRGV,AMVLADRGV,Negative,9,9,9,9,9,9,"1,3,8",0.910585,5,0.6931471805599453,substitution,0.0,2.386530612244898,Negative,1,cedar,1.47,AMVLADRGV,3.5082,AMVLADRGV,True,0.1493687527589974
APGPLPRSL,HLA-B0702,0.0078,0,0,0.0898,0.7076,0.0206,HLA-B*07:02,33479501,APGPLPRSL,GPGPLPRSL,0,0,490.0,482.0,False,Conserved,0,APGPLPRSL,0,APGPLPRSL,0,1.3862943611198906,GPGPLPRSL,0.020511999999999975,APGPLPRSL,APGPLPRSL,GPGPLPRSL,Negative,9,9,9,9,9,9,"1,8",0.979488,0,1.3862943611198906,substitution,0.0,2.641025641025641,Negative,1,cedar,0.0078,GPGPLPRSL,0.0206,GPGPLPRSL,True,0.15236662573685536
APLLQENLRL,HLA-B0702,0.7624,0,0,3.3696,0.3941,0.4586,HLA-B*07:02,27198675,APLLQENLRL,APLLQENSRL,0,0,152.0,143.0,True,Conserved,-2,ALLQENLRL,-4,APLLQNLRL,"5,6,7",1.791759469228055,APLLQENSL,0.05162,APLLQENLRL,APLLQENLRL,APLLQENSRL,Negative,10,10,10,10,10,10,"1,8",0.94838,7,0.6931471805599453,substitution,0.0,0.6015215110178385,Negative,1,cedar,0.7624,APLLQENSRL,0.4586,APLLQENSL,True,0.14362081635360663
AQFSSDVLNLV,HLA-A0201,0.4712,1,0,0.0895,0.3836,0.4736,HLA-A*02:01,27198675,FSSDVLNLV,FSSEVLNLV,2,2,583.0,573.0,True,Conserved,2,AQFDVLNLV,2,FSSDVLNLV,3,1.3862943611198906,FSSEVLNLV,0.04589299999999996,AQFSSDVLNLV,FSSDVLNLV,FSSEVLNLV,Negative,11,9,9,9,9,11,"1,3,8",0.954107,5,1.3862943611198906,substitution,0.0,1.0050933786078098,Negative,1,cedar,1.0001,AQFSSEVLNLV,1.2905,AQFEVLNLV,True,0.12036688429616513
ARLPVGAYEV,HLA-A0201,0.2948,0,0,0.8956,0.4636,0.1106,HLA-A*02:01,"34244308,34244308",RLPVGAYEV,ALLPVGAYEV,1,0,36.0,27.0,True,Conserved,-2,ARLPVGYEV,-6,RLPVGAYEV,"0,2,3",1.3862943611198906,ALLPGAYEV,0.05655600000000005,ARLPVGAYEV,RLPVGAYEV,ALLPVGAYEV,Negative,10,9,10,9,10,10,"1,3,8",0.943444,1,1.3862943611198906,substitution,0.0,0.3751696065128901,"Negative,Negative",2,cedar,2.927,ALLPVGAYEV,0.1106,ALLPGAYEV,True,0.11375203606794065
ARRASKARL,HLA-C0702,2.2124,0,0,1.8905,0.3638,1.5746,HLA-C*07:02,"34244308,34244308",ARRASKARL,ARRASKALL,0,0,29.0,21.0,False,Conserved,-2,ARRASKARL,-2,ARRASKARL,7,1.3862943611198906,ARRASKALL,0.042312000000000016,ARRASKARL,ARRASKARL,ARRASKALL,Negative,9,9,9,9,9,9,"1,8",0.957688,7,1.3862943611198906,substitution,0.0,0.7117157837642378,"Negative,Negative",2,cedar,2.2124,ARRASKALL,1.5746,ARRASKALL,True,0.08365878642182051
ASMSGRWKR,HLA-A1101,0.1379,0,0,0.0133,0.8484,0.0441,HLA-A*11:01,"34270940,34270940",ASMSGRWKR,ATMSGRWKR,0,0,616.0,608.0,True,Conserved,1,ASMSGRWKR,1,ASMSGRWKR,1,1.791759469228055,ATMSGRWKR,0.02386699999999997,ASMSGRWKR,ASMSGRWKR,ATMSGRWKR,Negative,9,9,9,9,9,9,"0,1,8",0.976133,1,1.791759469228055,substitution,0.0,0.3197969543147208,"Negative,Negative",2,cedar,0.1379,ATMSGRWKR,0.0441,ATMSGRWKR,True,0.1389038926090958
ASMSGRWKRK,HLA-A1101,0.1379,0,0,0.0627,0.7568,0.0441,HLA-A*11:01,"34270940,34270940",ASMSGRWKR,ATMSGRWKR,0,0,617.0,608.0,True,Conserved,1,ASMSGRWKK,1,ASMSGRWKR,1,1.791759469228055,ATMSGRWKR,0.02386699999999997,ASMSGRWKRK,ASMSGRWKR,ATMSGRWKR,Negative,10,9,9,9,9,10,"0,1,8",0.976133,1,1.791759469228055,substitution,0.0,0.3197969543147208,"Negative,Negative",2,cedar,0.1466,ATMSGRWKRK,0.061,ATMSGRWKK,True,0.11614769696458306
AVADMQVGAV,HLA-A0201,1.3756,0,0,0.3246,0.662,2.3358,HLA-A*02:01,31511069,AVADMQVGAV,TVADMQVGAV,0,0,253.0,244.0,True,Conserved,0,AVADMQVAV,0,AVADMQVAV,"0,7",2.0794415416798357,TVADMQVGV,0.011804000000000037,AVADMQVGAV,AVADMQVGAV,TVADMQVGAV,Negative,10,10,10,10,10,10,"1,3,8",0.988196,0,1.3862943611198906,substitution,0.0,1.698022681011922,Negative,1,cedar,1.3756,TVADMQVGAV,2.3358,TVADMQVGV,True,0.11985682071746878
AVAGIIPPSV,HLA-A0201,0.4201,0,0,0.11,0.7898,0.4763,HLA-A*02:01,33479501,AVAGIIPPSV,AVAGKIPPSV,0,0,38.0,29.0,False,Conserved,-3,AVAGIIPSV,-3,AVAGIIPSV,4,0.0,AVAGKIPSV,0.07211500000000004,AVAGIIPPSV,AVAGIIPPSV,AVAGKIPPSV,Negative,10,10,10,10,10,10,"1,3,8",0.927885,4,0.0,substitution,0.0,1.1337776719828614,Negative,1,cedar,0.4201,AVAGKIPPSV,0.4763,AVAGKIPSV,True,0.15806325898290263
CISNVFMQR,HLA-A0301,1.1846,1,0,0.0904,0.674,1.5064,HLA-A*03:01,31511069,CISNVFMQR,CISNVFVQR,0,0,1376.0,1368.0,False,Conserved,1,CISNVFMQR,1,CISNVFMQR,6,0.0,CISNVFVQR,0.04430400000000001,CISNVFMQR,CISNVFMQR,CISNVFVQR,Positive,9,9,9,9,9,9,"0,1,8",0.955696,6,0.0,substitution,1.0,1.271652878608813,Positive_all,1,cedar,1.1846,CISNVFVQR,1.5064,CISNVFVQR,True,0.18028096554636697
CMFCSEEFL,HLA-A0201,3.009,0,0,0.2246,0.7839,2.8451,HLA-A*02:01,31511069,CMFCSEEFL,CMFCNEEFL,0,0,65.0,57.0,False,Conserved,1,CMFCSEEFL,1,CMFCSEEFL,4,0.6931471805599453,CMFCNEEFL,0.06433,CMFCSEEFL,CMFCSEEFL,CMFCNEEFL,Negative,9,9,9,9,9,9,"1,3,8",0.93567,4,0.6931471805599453,substitution,0.0,0.9455300764373546,Negative,1,cedar,3.009,CMFCNEEFL,2.8451,CMFCNEEFL,True,0.19013427714762898
DLAGGTFDV,HLA-B2705,44.3333,0,0,0.8156,0.4646,62.0,HLA-B*27:05,30556813,DLAGGTFDV,DLGGGTFDV,0,0,207.0,199.0,False,Conserved,0,DLAGGTFDV,0,DLAGGTFDV,2,1.3862943611198906,DLGGGTFDV,0.049336999999999964,DLAGGTFDV,DLAGGTFDV,DLGGGTFDV,Negative,9,9,9,9,9,9,"1,8",0.950663,2,1.3862943611198906,substitution,0.0,1.398497292103227,Negative,1,cedar,44.3333,DLGGGTFDV,62.0,DLGGGTFDV,True,0.11826008651326875
DMKARQKALV,HLA-B0801,0.004,1,0,0.3413,0.492,0.0039,HLA-B*08:01,33479501,DMKARQKAL,DMKARQEAL,0,0,81.0,72.0,False,Conserved,1,DMKARQKAL,1,DMKARQKAL,6,0.6931471805599453,DMKARQEAL,0.03937500000000005,DMKARQKAL,DMKARQKAL,DMKARQEAL,Positive,10,9,9,9,9,10,"1,4,8",0.960625,6,0.6931471805599453,substitution,1.0,0.975,Positive_all,1,cedar,0.8434,DMKARQEALV,0.7905,DMKARQEAL,True,0.10002360276860228
EEFWLVDLL,HLA-B1801,0.2685,0,0,0.0968,0.6842,0.1878,HLA-B*18:01,33479501,EEFWLVDLL,EEFRLVDLL,0,0,1012.0,1004.0,False,Conserved,-3,EEFWLVDLL,-3,EEFWLVDLL,3,0.6931471805599453,EEFRLVDLL,0.12626199999999999,EEFWLVDLL,EEFWLVDLL,EEFRLVDLL,Negative,9,9,9,9,9,9,"1,8",0.873738,3,0.6931471805599453,substitution,0.0,0.6994413407821228,Negative,1,cedar,0.2685,EEFRLVDLL,0.1878,EEFRLVDLL,True,0.33610809719960566
EEFWLVDLLP,HLA-B1801,0.2685,0,0,1.1166,0.2669,0.1878,HLA-B*18:01,33479501,EEFWLVDLL,EEFRLVDLL,0,0,1013.0,1004.0,False,Conserved,-3,EEFWLVLLP,-3,EEFWLVDLL,3,0.6931471805599453,EEFRLVDLL,0.12626199999999999,EEFWLVDLLP,EEFWLVDLL,EEFRLVDLL,Negative,10,9,9,9,9,10,"1,8",0.873738,3,0.6931471805599453,substitution,0.0,0.6994413407821228,Negative,1,cedar,6.38,EEFRLVDLLP,6.4259,EEFRLVLLP,True,0.24162381904941915
EESGGAVAFF,HLA-B1801,0.0174,0,0,0.119,0.5649,0.0174,HLA-B*18:01,33479501,EESGGAVAF,EESGGAVAF,0,0,755.0,746.0,False,Conserved,-2,EESGGAVAF,6,EESGGAVAF,-1,,EESGGAVAF,0.0,EESGGAVAFF,EESGGAVAF,EESGGAVAF,Negative,10,9,9,9,9,10,"1,8",1.0,9,0.6931471805599453,substitution,0.0,1.0,Negative,1,cedar,0.2581,EESGGAVAFS,1.5529,EESGGAVAF,True,0.11697201284287208
ELNARRCSF,HLA-B0801,0.0954,0,0,0.0596,0.6635,0.0689,HLA-B*08:01,30556813,ELNARRCSF,ELNARRRSF,0,0,111.0,103.0,False,Conserved,-3,ELNARRCSF,-3,ELNARRCSF,6,0.6931471805599453,ELNARRRSF,0.10294599999999998,ELNARRCSF,ELNARRCSF,ELNARRRSF,Negative,9,9,9,9,9,9,"1,4,8",0.897054,6,0.6931471805599453,substitution,0.0,0.7222222222222222,Negative,1,cedar,0.0954,ELNARRRSF,0.0689,ELNARRRSF,True,0.1537615258211325
ESGGAVAFF,HLA-A2501,0.2559,0,0,0.1769,0.3217,5.3945,HLA-A*25:01,33479501,ESGGAVAFF,ESGGAVAF,0,0,755.0,747.0,True,Improved,-2,ESGGAVAFF,-8,ESGGAVAFF,"2,4,5,6,7",2.1972245773362196,ES-GGAVAF,0.042517999999999945,ESGGAVAFF,ESGGAVAFF,ESGGAVAF,Negative,9,9,8,9,8,9,"0,1,8",0.957482,8,0.6931471805599453,substitution,0.0,21.080500195388822,Negative,1,cedar,0.2559,ESGGAVAFS,27.8333,ESGGAVAFS,True,0.1342553226016802
EYVPRFVFK,HLA-A1101,1.8574,0,0,0.0511,0.7179,2.3909,HLA-A*11:01,27198675,YVPRFVFK,YVPRFVSK,1,1,3301.0,3293.0,False,Conserved,-2,EYVPRFVFK,-2,YV-PRFVFK,7,0.6931471805599453,YV-PRFVSK,0.07557599999999998,EYVPRFVFK,YVPRFVFK,YVPRFVSK,Negative,9,8,8,8,8,9,"0,1,8",0.924424,7,0.6931471805599453,substitution,0.0,1.2872294605362333,Negative,1,cedar,2.9385,EYVPRFVSK,2.9665,EYVPRFVSK,True,0.26970905518638855
FASLALARRY,HLA-C1203,0.6753,0,0,0.5303,0.5232,0.4063,HLA-C*12:03,29895573,ASLALARRY,ASLALVRRY,1,1,143.0,134.0,False,Conserved,0,FASALARRY,0,ASLALARRY,5,1.3862943611198906,ASLALVRRY,0.04522499999999996,FASLALARRY,ASLALARRY,ASLALVRRY,Negative,10,9,9,9,9,10,"1,8",0.954775,6,1.3862943611198906,substitution,0.0,0.6016585221383088,Negative,1,cedar,0.7878,FASLALVRRY,0.6483,FASALVRRY,True,0.10934768189866909
FASLALARRYL,HLA-C1203,0.6753,0,0,0.8507,0.4293,0.4063,HLA-C*12:03,29895573,ASLALARRY,ASLALVRRY,1,1,144.0,134.0,False,Conserved,0,FAALARRYL,0,ASLALARRY,5,1.3862943611198906,ASLALVRRY,0.04522499999999996,FASLALARRYL,ASLALARRY,ASLALVRRY,Negative,11,9,9,9,9,11,"1,8",0.954775,6,1.3862943611198906,substitution,0.0,0.6016585221383088,Negative,1,cedar,2.6933,FASLALVRRYL,2.1619,FAALVRRYL,True,0.13482290109912767
FFYLLDFTF,HLA-A2902,0.4428,1,0,0.253,0.5449,0.0422,HLA-A*29:02,27312342,FFYLLDFTF,FFYPLDFTF,0,0,106.0,98.0,False,Conserved,-3,FFYLLDFTF,-3,FFYLLDFTF,3,1.3862943611198906,FFYPLDFTF,0.10631000000000002,FFYLLDFTF,FFYLLDFTF,FFYPLDFTF,Positive,9,9,9,9,9,9,"1,8",0.89369,3,1.3862943611198906,substitution,1.0,0.09530261969286359,Positive_all,1,cedar,0.4428,FFYPLDFTF,0.0422,FFYPLDFTF,True,0.40904762181904436
FGMPPCLLAL,HLA-B0702,0.8119,0,0,0.0604,0.5508,7.3284,HLA-B*07:02,27198675,MPPCLLAL,GMTPCLLAL,2,1,62.0,53.0,True,Improved,-1,FMPPCLLAL,-11,MP-PCLLAL,"0,1,2",,GMTPCLLAL,0.123367,FGMPPCLLAL,MPPCLLAL,GMTPCLLAL,Negative,10,8,9,8,9,10,"1,8",0.876633,3,1.3862943611198906,substitution,0.0,9.026234757975121,Negative,1,cedar,4.462,FGMTPCLLAL,9.8977,FGMTPLLAL,True,0.34719922317069735
FHATNPLNL,HLA-B3801,0.0069,0,0,0.0117,0.7188,2.9622,HLA-B*38:01,30556813,FHATNPLNL,FDATNPLNL,0,0,259.0,251.0,True,Improved,-1,FHATNPLNL,-1,FHATNPLNL,1,0.6931471805599453,FDATNPLNL,0.06312700000000004,FHATNPLNL,FHATNPLNL,FDATNPLNL,Negative,9,9,9,9,9,9,"1,8",0.936873,1,0.6931471805599453,substitution,0.0,429.304347826087,Negative,1,cedar,0.0069,FDATNPLNL,2.9622,FDATNPLNL,True,0.2711786312020771
FIGQQFAVGSY,HLA-B3501,3.4464,0,0,0.2135,0.6606,23.4483,HLA-B*35:01,27198675,QQFAVGSY,QQFAVGSH,3,3,469.0,459.0,True,Conserved,2,FQQFAVGSY,-13,QQFAVG-SY,"3,4,5,6,8",1.3862943611198906,QQF-AVGSH,0.032888999999999946,FIGQQFAVGSY,QQFAVGSY,QQFAVGSH,Negative,11,8,8,8,8,11,"1,8",0.967111,10,0.6931471805599453,substitution,0.0,6.803708217270195,Negative,1,cedar,6.2667,FIGQQFAVGSH,42.3333,FIGQQFASH,True,0.13405565349271292
FIYQYYSSI,HLA-A0201,0.9144,1,0,0.1059,0.8283,0.5806,HLA-A*02:01,30418433,FIYQYYSSI,FIDQYYSSI,0,0,374.0,366.0,False,Conserved,-3,FIYQYYSSI,-3,FIYQYYSSI,2,0.6931471805599453,FIDQYYSSI,0.09286099999999997,FIYQYYSSI,FIYQYYSSI,FIDQYYSSI,Positive,9,9,9,9,9,9,"1,3,8",0.907139,2,0.6931471805599453,substitution,1.0,0.6349518810148731,Positive_all,1,cedar,0.9144,FIDQYYSSI,0.5806,FIDQYYSSI,True,0.24834997313975116
FLAKILKPL,HLA-A0201,0.1589,0,0,0.0115,0.8995,0.3461,HLA-A*02:01,31511069,FLAKILKPL,FLAKIFKPL,0,0,361.0,353.0,False,Conserved,0,FLAKILKPL,0,FLAKILKPL,5,1.791759469228055,FLAKIFKPL,0.056964000000000015,FLAKILKPL,FLAKILKPL,FLAKIFKPL,Negative,9,9,9,9,9,9,"1,3,8",0.943036,5,1.791759469228055,substitution,0.0,2.1780994336060413,Negative,1,cedar,0.1589,FLAKIFKPL,0.3461,FLAKIFKPL,True,0.23482171866371632
FLFQDSKKI,HLA-A0201,0.1664,0,0,0.3583,0.7513,7.3356,HLA-A*02:01,33479501,FLFQDSKKI,FFFQDSKKI,0,0,1062.0,1054.0,True,Improved,0,FLFQDSKKI,0,FLFQDSKKI,1,1.791759469228055,FFFQDSKKI,0.03845200000000004,FLFQDSKKI,FLFQDSKKI,FFFQDSKKI,Negative,9,9,9,9,9,9,"1,3,8",0.961548,1,1.791759469228055,substitution,0.0,44.08413461538462,Negative,1,cedar,0.1664,FFFQDSKKI,7.3356,FFFQDSKKI,True,0.15801723411324314
FLHTVSKTRL,HLA-A0201,1.4964,0,0,0.6568,0.275,8.8663,HLA-A*02:01,27198675,FLHTVSKTRL,FLHTVSKTR,0,0,131.0,122.0,True,Improved,-3,FHTVSKTRL,-4,FLHTVSTRL,"6,7,8",2.0794415416798357,FLHTVSKTR,0.029815000000000036,FLHTVSKTRL,FLHTVSKTRL,FLHTVSKTR,Negative,10,10,9,10,9,10,"1,3,8",0.970185,9,1.3862943611198906,substitution,0.0,5.925086875167068,Negative,1,cedar,1.4964,FLHTVSKTRP,12.0258,FLHTVSTRP,True,0.13004293420938592
FLIYLDVSV,HLA-A0201,0.1231,1,0,0.0116,0.8834,0.15,HLA-A*02:01,"30418433,27312342,26389673,26389673,26389673,26389673",FLIYLDVSV,FLTYLDVSV,0,0,306.0,298.0,False,Conserved,-1,FLIYLDVSV,-1,FLIYLDVSV,2,1.0986122886681098,FLTYLDVSV,0.052922000000000025,FLIYLDVSV,FLIYLDVSV,FLTYLDVSV,Positive,9,9,9,9,9,9,"1,3,8",0.947078,2,1.0986122886681098,substitution,1.0,1.2185215272136474,"Positive_all,Positive_all,Positive_all,Positive_all,Positive_all,Positive_all",6,cedar,0.1231,FLTYLDVSV,0.15,FLTYLDVSV,True,0.5501405915531327
FLKRLELKPL,HLA-A0201,4.8166,0,0,0.0907,0.6239,7.3102,HLA-A*02:01,31511069,FLKRLELKPL,FLKRLESKPL,0,0,29.0,20.0,False,Conserved,-2,FLKRELKPL,-2,FLKRLELKL,6,0.6931471805599453,FLKRLESKL,0.060841000000000034,FLKRLELKPL,FLKRLELKPL,FLKRLESKPL,Negative,10,10,10,10,10,10,"1,3,8",0.939159,6,0.6931471805599453,substitution,0.0,1.5177095876759539,Negative,1,cedar,4.8166,FLKRLESKPL,7.3102,FLKRLESKL,True,0.13721567743296725
FLLDEAIGL,HLA-A0201,0.0087,1,0,0.0114,0.8839,0.0224,HLA-A*02:01,"28678784,28678784,28678784,28678784",FLLDEAIGL,FLLDEANGL,0,0,149.0,141.0,False,Conserved,-3,FLLDEAIGL,-3,FLLDEAIGL,6,0.6931471805599453,FLLDEANGL,0.08100799999999997,FLLDEAIGL,FLLDEAIGL,FLLDEANGL,Positive,9,9,9,9,9,9,"1,3,8",0.918992,6,0.6931471805599453,substitution,0.5,2.574712643678161,"Positive_all,Negative,Positive_all,Negative",4,cedar,0.0087,FLLDEANGL,0.0224,FLLDEANGL,True,0.4480554675384294
FLMASISSF,HLA-B0702,2.4314,0,0,0.006,0.8917,17.2614,HLA-B*07:02,27198675,FLMASISSF,FLMASISSS,0,0,80.0,72.0,True,Conserved,-2,FLMASISSF,-2,FLMASISSF,8,0.6931471805599453,FLMASISSS,0.022294999999999954,FLMASISSF,FLMASISSF,FLMASISSS,Negative,9,9,9,9,9,9,"1,8",0.977705,8,0.6931471805599453,substitution,0.0,7.099366620054289,Negative,1,cedar,2.4314,FLMASISSS,17.2614,FLMASISSS,True,0.1835614346809006
FLMASISSF,HLA-A0201,0.7728,0,0,0.006,0.8917,1.0157,HLA-A*02:01,"27198675,27198675,27198675",FLMASISSF,FLMASISSS,0,0,80.0,72.0,True,Conserved,-2,FLMASISSF,-2,FLMASISSF,8,0.6931471805599453,FLMASISSS,0.022294999999999954,FLMASISSF,FLMASISSF,FLMASISSS,Negative,9,9,9,9,9,9,"1,3,8",0.977705,8,0.6931471805599453,substitution,0.0,1.3143115942028984,"Negative,Negative,Negative",3,cedar,0.7728,FLMASISSS,1.0157,FLMASISSS,True,0.19543022726884227
FLMASISSF,HLA-B3501,0.3827,0,0,0.006,0.8917,16.1402,HLA-B*35:01,27198675,FLMASISSF,FLMASISSS,0,0,80.0,72.0,True,Improved,-2,FLMASISSF,-2,FLMASISSF,8,0.6931471805599453,FLMASISSS,0.022294999999999954,FLMASISSF,FLMASISSF,FLMASISSS,Negative,9,9,9,9,9,9,"1,8",0.977705,8,0.6931471805599453,substitution,0.0,42.17454925529135,Negative,1,cedar,0.3827,FLMASISSS,16.1402,FLMASISSS,True,0.23183423009697413
FLSSPAYFS,HLA-A0201,2.6663,0,0,1.0223,0.7186,6.8498,HLA-A*02:01,31511069,FLSSPAYFS,FLSSPADFS,0,0,626.0,618.0,False,Conserved,-3,FLSSPAYFS,-3,FLSSPAYFS,6,0.6931471805599453,FLSSPADFS,0.09443299999999999,FLSSPAYFS,FLSSPAYFS,FLSSPADFS,Negative,9,9,9,9,9,9,"1,3,8",0.905567,6,0.6931471805599453,substitution,0.0,2.56902824138319,Negative,1,cedar,2.6663,FLSSPADFS,6.8498,FLSSPADFS,True,0.18174763145872316
FLTVFSHFM,HLA-A0201,0.4018,1,0,0.0229,0.8833,0.4956,HLA-A*02:01,30418433,FLTVFSHFM,FLTVFSPFM,0,0,826.0,818.0,False,Conserved,-2,FLTVFSHFM,-2,FLTVFSHFM,6,0.6931471805599453,FLTVFSPFM,0.09918400000000005,FLTVFSHFM,FLTVFSHFM,FLTVFSPFM,Positive,9,9,9,9,9,9,"1,3,8",0.900816,6,0.6931471805599453,substitution,1.0,1.2334494773519165,Positive_all,1,cedar,0.4018,FLTVFSPFM,0.4956,FLTVFSPFM,True,0.3956756964539416
FLYSMGSIKFI,HLA-A0201,1.3734,0,0,0.4652,0.8046,1.3834,HLA-A*02:01,31511069,FLYSMGSIKFI,FLYCMGSIKFI,0,0,404.0,394.0,False,Conserved,-1,FLMGSIKFI,4,FLMGSIKFI,-1,,FLMGSIKFI,0.06571800000000005,FLYSMGSIKFI,FLYSMGSIKFI,FLYCMGSIKFI,Negative,11,11,11,11,11,11,"1,3,8",0.934282,3,1.3862943611198906,substitution,0.0,1.0072811999417504,Negative,1,cedar,1.3734,FLYCMGSIKFI,1.3834,FLMGSIKFI,True,0.17743398677556846
FLYVLGRKK,HLA-A1101,1.8474,0,0,0.373,0.5761,1.4569,HLA-A*11:01,27198675,FLYVLGRKK,FLYVVGRKK,0,0,47.0,39.0,False,Conserved,1,FLYVLGRKK,1,FLYVLGRKK,4,1.791759469228055,FLYVVGRKK,0.04027000000000003,FLYVLGRKK,FLYVLGRKK,FLYVVGRKK,Negative,9,9,9,9,9,9,"0,1,8",0.95973,4,1.791759469228055,substitution,0.0,0.7886218469199957,Negative,1,cedar,1.8474,FLYVVGRKK,1.4569,FLYVVGRKK,True,0.18052364429489223
FMASILKGYRL,HLA-A0201,1.6276,0,0,0.142,0.8097,5.712,HLA-A*02:01,27198675,FMASILKGYRL,FMASILKGY,0,0,579.0,569.0,True,Improved,-2,FMASIGYRL,-5,FMASILYRL,"6,7,8",1.791759469228055,FMASILKGY,0.061494999999999966,FMASILKGYRL,FMASILKGYRL,FMASILKGY,Negative,11,11,9,11,9,11,"1,3,8",0.938505,10,0.6931471805599453,substitution,0.0,3.5094617842221676,Negative,1,cedar,1.6276,FMASILKGYRS,14.5171,FMASILYRS,True,0.1428713335520879
FRSIYLNTLL,HLA-C0702,0.0387,1,0,0.0725,0.5232,0.0584,HLA-C*07:02,32226429,FRSIYLNTL,FRTIYLNTL,0,0,253.0,244.0,False,Conserved,1,FRSYLNTLL,1,FRSIYLNTL,2,1.791759469228055,FRTIYLNTL,0.03248799999999996,FRSIYLNTLL,FRSIYLNTL,FRTIYLNTL,Positive,10,9,9,9,9,10,"1,8",0.967512,2,1.791759469228055,substitution,1.0,1.509043927648579,Positive_all,1,cedar,1.6994,FRTIYLNTLL,2.0737,FRIYLNTLL,True,0.18161122577883468
FSSDVLNLV,HLA-A0201,0.4712,1,0,0.0093,0.8677,0.4736,HLA-A*02:01,"30418433,27198675",FSSDVLNLV,FSSEVLNLV,0,0,583.0,575.0,True,Conserved,2,FSSDVLNLV,2,FSSDVLNLV,3,1.3862943611198906,FSSEVLNLV,0.04589299999999996,FSSDVLNLV,FSSDVLNLV,FSSEVLNLV,Positive,9,9,9,9,9,9,"1,3,8",0.954107,3,1.3862943611198906,substitution,0.5,1.0050933786078098,"Positive_all,Negative",2,cedar,0.4712,FSSEVLNLV,0.4736,FSSEVLNLV,True,0.21012770469818942
FTLMYEERAV,HLA-A0201,0.8135,1,0,0.362,0.7503,0.5673,HLA-A*02:01,"34244308,34244308",TLMYEERAV,ILMYEERAV,1,1,375.0,366.0,False,Conserved,-1,FLMYEERAV,-1,TLMYEERAV,0,1.0986122886681098,ILMYEERAV,0.018982000000000054,FTLMYEERAV,TLMYEERAV,ILMYEERAV,Positive,10,9,9,9,9,10,"1,3,8",0.981018,1,1.0986122886681098,substitution,0.5,0.6973570989551322,"Positive_all,Negative",2,cedar,2.0961,FILMYEERAV,2.0689,FLMYEERAV,True,0.11764212052174204
FTSKHHFSF,HLA-A2402,0.4064,0,0,0.0322,0.6873,0.8247,HLA-A*24:02,"34270940,34270940",FTSKHHFSF,FTSKHHFGF,0,0,235.0,227.0,False,Conserved,0,FTSKHHFSF,0,FTSKHHFSF,7,0.6931471805599453,FTSKHHFGF,0.04281400000000002,FTSKHHFSF,FTSKHHFSF,FTSKHHFGF,Negative,9,9,9,9,9,9,"1,8",0.957186,7,0.6931471805599453,substitution,0.0,2.029281496062992,"Negative,Negative",2,cedar,0.4064,FTSKHHFGF,0.8247,FTSKHHFGF,True,0.13324797766656596
FTVPNLLPR,HLA-A1101,0.4083,0,0,0.0433,0.8329,0.0731,HLA-A*11:01,"34270940,34270940",FTVPNLLPR,FTVPNLLPK,0,0,268.0,260.0,True,Conserved,2,FTVPNLLPR,2,FTVPNLLPR,8,0.6931471805599453,FTVPNLLPK,0.012850999999999946,FTVPNLLPR,FTVPNLLPR,FTVPNLLPK,Negative,9,9,9,9,9,9,"0,1,8",0.987149,8,0.6931471805599453,substitution,0.0,0.1790350232672055,"Negative,Negative",2,cedar,0.4083,FTVPNLLPK,0.0731,FTVPNLLPK,True,0.18441255459406064
FVHLSNVKV,HLA-A0201,1.0158,0,0,0.302,0.5764,2.9696,HLA-A*02:01,27198675,FVHLSNVKV,LVHLSNVKV,0,0,500.0,492.0,False,Conserved,0,FVHLSNVKV,0,FVHLSNVKV,0,1.791759469228055,LVHLSNVKV,0.018589999999999995,FVHLSNVKV,FVHLSNVKV,LVHLSNVKV,Negative,9,9,9,9,9,9,"1,3,8",0.98141,0,1.791759469228055,substitution,0.0,2.923410120102382,Negative,1,cedar,1.0158,LVHLSNVKV,2.9696,LVHLSNVKV,True,0.17531412084611
GEEDGAGGHSL,HLA-B4402,0.4342,1,0,0.2942,0.5539,4.1568,HLA-B*44:02,27827318,EEDGAGGHSL,EEDGAGGHSP,1,1,816.0,806.0,True,Improved,-3,GEEDGGHSL,-3,EEDAGGHSL,"3,8",2.0794415416798357,EEDGGGHSP,0.022275000000000045,GEEDGAGGHSL,EEDGAGGHSL,EEDGAGGHSP,Positive,11,10,10,10,10,11,"1,8",0.977725,10,1.3862943611198906,substitution,1.0,9.573468447719945,Positive_all,1,cedar,0.8259,GEEDGAGGHSP,6.321,GEEDGGHSP,True,0.08839871344163958
GFTVPNLLPR,HLA-A1101,0.4083,0,0,0.5493,0.5784,0.0731,HLA-A*11:01,"34270940,34270940",FTVPNLLPR,FTVPNLLPK,1,1,268.0,259.0,True,Conserved,2,GTVPNLLPR,2,FTVPNLLPR,8,0.6931471805599453,FTVPNLLPK,0.012850999999999946,GFTVPNLLPR,FTVPNLLPR,FTVPNLLPK,Negative,10,9,9,9,9,10,"0,1,8",0.987149,9,0.6931471805599453,substitution,0.0,0.1790350232672055,"Negative,Negative",2,cedar,0.5869,GFTVPNLLPK,0.1047,GTVPNLLPK,True,0.14625191463606432
GIIAAQPPNFL,HLA-A0201,3.3438,0,0,7.5669,0.3359,0.5517,HLA-A*02:01,27198675,IIAAQPPNFL,IIAAQPPNI,1,1,849.0,839.0,True,Conserved,0,GIAQPPNFL,-1,IIAAQPPFL,"7,8",1.3862943611198906,IIAAQPPNI,0.057545999999999986,GIIAAQPPNFL,IIAAQPPNFL,IIAAQPPNI,Negative,11,10,9,10,9,11,"1,3,8",0.942454,9,0.6931471805599453,substitution,0.0,0.16499192535438723,Negative,1,cedar,4.4282,GIIAAQPPNIL,6.7057,GIIQPPNIL,True,0.08875478208039592
GLAYEIEPI,HLA-A0201,0.5943,0,0,0.1549,0.8051,1.446,HLA-A*02:01,31511069,GLAYEIEPI,GLTYEIEPI,0,0,148.0,140.0,False,Conserved,0,GLAYEIEPI,0,GLAYEIEPI,2,1.3862943611198906,GLTYEIEPI,0.04921600000000004,GLAYEIEPI,GLAYEIEPI,GLTYEIEPI,Negative,9,9,9,9,9,9,"1,3,8",0.950784,2,1.3862943611198906,substitution,0.0,2.43311458859162,Negative,1,cedar,0.5943,GLTYEIEPI,1.446,GLTYEIEPI,True,0.14149825683753264
GLLDEAKRLLY,HLA-A0301,1.6138,0,0,0.639,0.5094,1.6807,HLA-A*03:01,30556813,GLLDEAKRLLY,GLLDEAQRLLY,0,0,33.0,23.0,False,Conserved,1,GLLDEALLY,1,GLLDKRLLY,4,0.6931471805599453,GLLDQRLLY,0.03468899999999997,GLLDEAKRLLY,GLLDEAKRLLY,GLLDEAQRLLY,Negative,11,11,11,11,11,11,"0,1,8",0.965311,6,0.6931471805599453,substitution,0.0,1.041454951047218,Negative,1,cedar,1.6138,GLLDEAQRLLY,1.6807,GLLDQRLLY,True,0.16598328338124502
GLMSNTPTPR,HLA-A1101,2.2515,0,0,0.5826,0.5175,2.812,HLA-A*11:01,"34270940,34270940",GLMSNTPTPR,KSNTPTPR,0,2,323.0,314.0,True,Conserved,-1,GLMSNTPTR,-14,GLMSNTPTR,"0,1,2,3,4,6,7",2.1972245773362196,KSNTPT-PR,0.10593399999999997,GLMSNTPTPR,GLMSNTPTPR,KSNTPTPR,Negative,10,10,8,10,8,10,"0,1,8",0.894066,2,0.0,substitution,0.0,1.2489451476793247,"Negative,Negative",2,cedar,2.2515,GLKSNTPTPR,4.1566,GLSNTPTPR,True,0.1078543553573976
GLPAEGVSEV,HLA-A0201,0.1182,0,0,0.0322,0.8754,0.2371,HLA-A*02:01,31511069,GLPAEGVSEV,GLPGEGVSEV,0,0,610.0,601.0,False,Conserved,0,GLAEGVSEV,-1,GLAEGVSEV,2,1.3862943611198906,GLPEGVSEV,0.04943299999999995,GLPAEGVSEV,GLPAEGVSEV,GLPGEGVSEV,Negative,10,10,10,10,10,10,"1,3,8",0.950567,3,1.3862943611198906,substitution,0.0,2.005922165820643,Negative,1,cedar,0.1182,GLPGEGVSEV,0.2371,GLPEGVSEV,True,0.1075685529670409
GLPWSFLGWL,HLA-A0202,4.3619,0,0,1.7051,0.1896,3.3461,HLA-A*02:02,33479501,GLPWSFLGWL,GLPWSFPGWL,0,0,157.0,148.0,False,Conserved,-3,GLPWSFLGL,-3,GLPWSFLGL,6,1.3862943611198906,GLPWSFPGL,0.10904800000000003,GLPWSFLGWL,GLPWSFLGWL,GLPWSFPGWL,Negative,10,10,10,10,10,10,"1,3,8",0.890952,6,1.3862943611198906,substitution,0.0,0.7671198331002543,Negative,1,cedar,4.3619,GLPWSFPGWL,3.3461,GLPWSFPGL,True,0.35564283353858644
GMGPLLAMV,HLA-A0201,0.1761,1,0,0.0601,0.8517,0.0792,HLA-A*02:01,30418433,GMGPLLAMV,GMGPLLATV,0,0,546.0,538.0,False,Conserved,-1,GMGPLLAMV,-1,GMGPLLAMV,7,0.0,GMGPLLATV,0.04173400000000005,GMGPLLAMV,GMGPLLAMV,GMGPLLATV,Positive,9,9,9,9,9,9,"1,3,8",0.958266,7,0.0,substitution,1.0,0.4497444633730835,Positive_all,1,cedar,0.1761,GMGPLLATV,0.0792,GMGPLLATV,True,0.2534410667234371
GMLCSFQTPDA,HLA-A0201,9.9466,0,0,5.3548,0.3115,7.5284,HLA-A*02:01,24323902,MLCSFQTPDA,MLCSFQIPDA,1,1,185.0,175.0,False,Conserved,-1,GMLCSFQTA,-1,MLCSFQTPA,6,1.0986122886681098,MLCSFQIPA,0.06008199999999997,GMLCSFQTPDA,MLCSFQTPDA,MLCSFQIPDA,Negative,11,10,10,10,10,11,"1,3,8",0.939918,7,1.0986122886681098,substitution,0.0,0.7568817485371886,Negative,1,cedar,12.3398,GMLCSFQIPDA,17.1097,GMLFQIPDA,True,0.10158117432388286
GMPPCLLAL,HLA-A0201,0.7994,0,0,0.0615,0.5487,0.5937,HLA-A*02:01,"27198675,27198675,27198675,27198675",GMPPCLLAL,GMTPCLLAL,0,0,62.0,54.0,False,Conserved,-1,GMPPCLLAL,-1,GMPPCLLAL,2,1.3862943611198906,GMTPCLLAL,0.07958200000000004,GMPPCLLAL,GMPPCLLAL,GMTPCLLAL,Negative,9,9,9,9,9,9,"1,3,8",0.920418,2,1.3862943611198906,substitution,0.0,0.7426820115086314,"Negative,Negative,Negative,Negative",4,cedar,0.7994,GMTPCLLAL,0.5937,GMTPCLLAL,True,0.19044956708797234
GPPSLLWMNL,HLA-B0702,1.7629,0,0,1.1808,0.3688,2.7081,HLA-B*07:02,27198675,GPPSLLWMNL,GPPSLLWM,0,0,286.0,277.0,True,Conserved,-3,GPSLLWMNL,-13,GPSLLWMNL,"2,3,4,5,6,7,8",2.0794415416798357,GP-PSLLWM,0.096615,GPPSLLWMNL,GPPSLLWMNL,GPPSLLWM,Negative,10,10,8,10,8,10,"1,8",0.903385,9,1.3862943611198906,substitution,0.0,1.5361620057859209,Negative,1,cedar,1.7629,GPPSLLWMNP,18.2208,GPPSLLMNP,True,0.1740280163716713
GPTFNCLLDM,HLA-B3501,9.3686,0,0,1.6369,0.32,7.5622,HLA-B*35:01,24323902,GPTFNCLLDM,GPTFNYLL,0,0,1131.0,1122.0,True,Conserved,-2,GPTFNLLDM,-11,GPTFNCLLM,"3,4,5,6,8",,GPT-FNYLL,0.19400700000000004,GPTFNCLLDM,GPTFNCLLDM,GPTFNYLL,Negative,10,10,8,10,8,10,"1,8",0.805993,5,0.6931471805599453,substitution,0.0,0.8071857054415814,Negative,1,cedar,9.3686,GPTFNYLLDM,7.8039,GPFNYLLDM,True,0.19371011279937111
GVCNLDEHLK,HLA-A1101,1.0389,0,0,0.8993,0.5157,1.5499,HLA-A*11:01,31511069,GVCNLDEHLK,GVCNLDEQLK,0,0,58.0,49.0,False,Conserved,0,GVCNLEHLK,0,GVCNLEHLK,6,1.3862943611198906,GVCNLEQLK,0.057282000000000055,GVCNLDEHLK,GVCNLDEHLK,GVCNLDEQLK,Negative,10,10,10,10,10,10,"0,1,8",0.942718,7,1.3862943611198906,substitution,0.0,1.4918663971508328,Negative,1,cedar,1.0389,GVCNLDEQLK,1.5499,GVCNLEQLK,True,0.14224744955789287
GYWFVNFETK,HLA-A1101,4.4999,0,0,0.7749,0.5809,4.2606,HLA-A*11:01,"34270940,34270940",YWFVNFETK,YCFVNFETK,1,1,79.0,70.0,True,Conserved,-2,GYWFVNFTK,-2,YWFVNFETK,1,0.6931471805599453,YCFVNFETK,0.10903399999999996,GYWFVNFETK,YWFVNFETK,YCFVNFETK,Negative,10,9,9,9,9,10,"0,1,8",0.890966,2,0.6931471805599453,substitution,0.0,0.946821040467566,"Negative,Negative",2,cedar,5.3006,GYCFVNFETK,4.9883,GYCFVNFTK,True,0.15274637209406666
HFTSKHHFSF,HLA-A2402,0.4064,0,0,0.4975,0.4591,0.6595,HLA-A*24:02,"34270940,34270940",FTSKHHFSF,HFTSKHHFGF,1,0,235.0,226.0,True,Conserved,0,HFTSHHFSF,-6,FTSKHHFSF,"0,1,2,3,4,6,7",2.0794415416798357,HFTSKHHFF,0.07018400000000002,HFTSKHHFSF,FTSKHHFSF,HFTSKHHFGF,Negative,10,9,10,9,10,10,"1,8",0.929816,8,0.6931471805599453,substitution,0.0,1.6227854330708662,"Negative,Negative",2,cedar,0.4809,HFTSKHHFGF,0.6595,HFTSKHHFF,True,0.12332195802041124
HIFKICGQHTK,HLA-A1101,0.6059,0,0,0.8645,0.4692,1.1985,HLA-A*11:01,31511069,HIFKICGQHTK,HIFKICRQHTK,0,0,235.0,225.0,False,Conserved,-2,HIFKGQHTK,-4,HIFKGQHTK,4,-1.0,HIFKIQHTK,0.087001,HIFKICGQHTK,HIFKICGQHTK,HIFKICRQHTK,Negative,11,11,11,11,11,11,"0,1,8",0.912999,6,1.791759469228055,substitution,0.0,1.9780491830335036,Negative,1,cedar,0.6059,HIFKICRQHTK,1.1985,HIFKIQHTK,True,0.15776360279223783
HLAAQFSSDVL,HLA-A0201,2.3694,0,0,2.9009,0.5036,1.6177,HLA-A*02:01,27198675,HLAAQFSSDV,HLAAQFSSEV,0,0,580.0,570.0,True,Conserved,2,HLAAQFSSL,-6,HLAAQFSSV,"3,4,5,7",0.6931471805599453,HLAQFSSEV,0.02054800000000001,HLAAQFSSDVL,HLAAQFSSDV,HLAAQFSSEV,Negative,11,10,10,10,10,11,"1,3,8",0.979452,8,1.3862943611198906,substitution,0.0,0.6827466869249598,Negative,1,cedar,4.9053,HLAAQFSSEVL,4.0172,HLAASSEVL,True,0.07739943119678297
HLAAQFSSDVL,HLA-B0702,2.966,0,0,2.9009,0.5036,2.108,HLA-B*07:02,27198675,AAQFSSDVL,AAQFSSEVL,2,2,580.0,570.0,False,Conserved,2,HLAAQFSSL,2,AAQFSSDVL,6,1.3862943611198906,AAQFSSEVL,0.03917400000000004,HLAAQFSSDVL,AAQFSSDVL,AAQFSSEVL,Negative,11,9,9,9,9,11,"1,8",0.960826,8,1.3862943611198906,substitution,0.0,0.7107215104517869,Negative,1,cedar,8.9169,HLAAQFSSEVL,8.3382,HLAAQFSSL,True,0.08127574936492785
HLMWLERLY,HLA-A0301,1.6499,1,0,0.066,0.7521,1.5573,HLA-A*03:01,31243155,HLMWLERLY,HLMWFERLY,0,0,1184.0,1176.0,False,Conserved,0,HLMWLERLY,0,HLMWLERLY,4,1.791759469228055,HLMWFERLY,0.06933599999999995,HLMWLERLY,HLMWLERLY,HLMWFERLY,Positive,9,9,9,9,9,9,"0,1,8",0.930664,4,1.791759469228055,substitution,1.0,0.9438753863870537,Positive_all,1,cedar,1.6499,HLMWFERLY,1.5573,HLMWFERLY,True,0.41699563631009134
HLYDLESGMCI,HLA-A0201,0.4764,0,0,2.2226,0.5998,0.068,HLA-A*02:01,31511069,HLYDLESGM,HLYDLESGV,0,0,293.0,283.0,True,Conserved,1,HLYDSGMCI,1,HLYDLESGM,8,0.0,HLYDLESGV,0.015946000000000016,HLYDLESGMCI,HLYDLESGM,HLYDLESGV,Negative,11,9,9,9,9,11,"1,3,8",0.984054,8,0.0,substitution,0.0,0.1427371956339211,Negative,1,cedar,1.4548,HLYDLESGVCI,1.3603,HLYDLEVCI,True,0.15608292035071866
HMCVYSYIHMY,HLA-B1501,0.9867,0,0,0.4956,0.3225,0.9867,HLA-B*15:01,27198675,CVYSYIHMY,CVYSYIHMY,2,2,203.0,193.0,False,Conserved,1,HVYSYIHMY,7,CVYSYIHMY,-1,,CVYSYIHMY,0.0,HMCVYSYIHMY,CVYSYIHMY,CVYSYIHMY,Negative,11,9,9,9,9,11,"1,8",1.0,1,1.0986122886681098,substitution,0.0,1.0,Negative,1,cedar,1.7384,HICVYSYIHMY,2.6553,HVYSYIHMY,True,0.3803094603995808
HPHHYTRRRI,HLA-B0702,0.9305,0,0,0.5351,0.4966,1.4159,HLA-B*07:02,31511069,HPHHYTRRRI,QPHHYTRRRI,0,0,1328.0,1319.0,False,Conserved,0,HPHHTRRRI,0,HPHHTRRRI,0,1.3862943611198906,QPHHTRRRI,0.02007199999999998,HPHHYTRRRI,HPHHYTRRRI,QPHHYTRRRI,Negative,10,10,10,10,10,10,"1,8",0.979928,0,1.3862943611198906,substitution,0.0,1.521655024180548,Negative,1,cedar,0.9305,QPHHYTRRRI,1.4159,QPHHTRRRI,True,0.14745391367955532
HQRMHTGEK,HLA-A0301,1.7177,0,0,0.0779,0.7302,1.7526,HLA-A*03:01,31511069,HQRMHTGEK,HQRIHTGEK,0,0,231.0,223.0,False,Conserved,1,HQRMHTGEK,1,HQRMHTGEK,3,1.0986122886681098,HQRIHTGEK,0.050490000000000035,HQRMHTGEK,HQRMHTGEK,HQRIHTGEK,Negative,9,9,9,9,9,9,"0,1,8",0.94951,3,1.0986122886681098,substitution,0.0,1.0203178669150608,Negative,1,cedar,1.7177,HQRIHTGEK,1.7526,HQRIHTGEK,True,0.11498308412204504
HRYFFFVAM,HLA-B2705,0.1197,0,0,0.1034,0.6589,0.0171,HLA-B*27:05,34518289,HRYFFFVAM,HRYSFFVAM,0,0,115.0,107.0,False,Conserved,-2,HRYFFFVAM,-2,HRYFFFVAM,3,0.6931471805599453,HRYSFFVAM,0.08503799999999995,HRYFFFVAM,HRYFFFVAM,HRYSFFVAM,Negative,9,9,9,9,9,9,"1,8",0.914962,3,0.6931471805599453,substitution,0.0,0.14285714285714285,Negative,1,cedar,0.1197,HRYSFFVAM,0.0171,HRYSFFVAM,True,0.5442530118997096
HSLSSFRIHER,HLA-A1101,1.6702,0,0,0.5246,0.6245,1.0575,HLA-A*11:01,27198675,SLSSFRIHER,SLSPFRIHER,1,1,412.0,402.0,False,Conserved,-1,HSLSSFHER,-1,SLSSFIHER,3,1.3862943611198906,SLSPFIHER,0.07049499999999997,HSLSSFRIHER,SLSSFRIHER,SLSPFRIHER,Negative,11,10,10,10,10,11,"0,1,8",0.929505,4,1.3862943611198906,substitution,0.0,0.6331577056639924,Negative,1,cedar,2.3978,HSLSPFRIHER,1.3531,HSLSPIHER,True,0.11010767987731702
HTFNCRMFMK,HLA-A1101,0.2772,0,0,0.0098,0.8439,0.2087,HLA-A*11:01,33262196,HTFNCRMFMK,HTFNCRMLMK,0,0,202.0,193.0,False,Conserved,0,HTFNRMFMK,0,HTFNRMFMK,6,1.791759469228055,HTFNRMLMK,0.04540500000000003,HTFNCRMFMK,HTFNCRMFMK,HTFNCRMLMK,Negative,10,10,10,10,10,10,"0,1,8",0.954595,7,1.791759469228055,substitution,0.0,0.7528860028860028,Negative,1,cedar,0.2772,HTFNCRMLMK,0.2087,HTFNRMLMK,True,0.38293535215197505
HTRHYALYR,HLA-A0301,0.7033,0,0,0.0097,0.8614,1.211,HLA-A*03:01,31511069,HTRHYALYR,HTRHYELYR,0,0,299.0,291.0,False,Conserved,-1,HTRHYALYR,-1,HTRHYALYR,5,0.6931471805599453,HTRHYELYR,0.06959800000000005,HTRHYALYR,HTRHYALYR,HTRHYELYR,Negative,9,9,9,9,9,9,"0,1,8",0.930402,5,0.6931471805599453,substitution,0.0,1.7218825536755296,Negative,1,cedar,0.7033,HTRHYELYR,1.211,HTRHYELYR,True,0.1892438326793678
IAAQPPNFL,HLA-B0702,1.2272,0,0,0.0421,0.7793,0.8307,HLA-B*07:02,27198675,IAAQPPNFL,IAAQPPNIL,0,0,849.0,841.0,False,Conserved,0,IAAQPPNFL,0,IAAQPPNFL,7,0.6931471805599453,IAAQPPNIL,0.04367500000000002,IAAQPPNFL,IAAQPPNFL,IAAQPPNIL,Negative,9,9,9,9,9,9,"1,8",0.956325,7,0.6931471805599453,substitution,0.0,0.6769067796610169,Negative,1,cedar,1.2272,IAAQPPNIL,0.8307,IAAQPPNIL,True,0.09793596407279392
IIMLSSNVINF,HLA-B1501,0.3065,0,0,1.5907,0.4344,0.6609,HLA-B*15:01,27198675,MLSSNVINF,MLPSNVINF,2,2,21.0,11.0,False,Conserved,-1,IIMLSSNVF,-1,MLSSNVINF,2,1.3862943611198906,MLPSNVINF,0.06564599999999998,IIMLSSNVINF,MLSSNVINF,MLPSNVINF,Negative,11,9,9,9,9,11,"1,8",0.934354,4,1.3862943611198906,substitution,0.0,2.1562805872756936,Negative,1,cedar,3.919,IIMLPSNVINF,3.3058,IIMLPSNVF,True,0.15197869961085245
ILAPEAVGSGI,HLA-A0201,1.4599,0,0,2.3756,0.5353,2.2403,HLA-A*02:01,31511069,ILAPEAVGSGI,ILAPQAVGSGI,0,0,164.0,154.0,False,Conserved,2,ILAPEAVGI,2,ILAPEAVGI,4,0.6931471805599453,ILAPQAVGI,0.031556999999999946,ILAPEAVGSGI,ILAPEAVGSGI,ILAPQAVGSGI,Negative,11,11,11,11,11,11,"1,3,8",0.968443,4,0.6931471805599453,substitution,0.0,1.5345571614494142,Negative,1,cedar,1.4599,ILAPQAVGSGI,2.2403,ILAPQAVGI,True,0.09528631863861939
ILLDWAANI,HLA-A0201,0.1184,1,0,0.0282,0.9305,0.0269,HLA-A*02:01,30418433,ILLDWAANI,ILLDWAANV,0,0,168.0,160.0,True,Conserved,3,ILLDWAANI,3,ILLDWAANI,8,1.0986122886681098,ILLDWAANV,0.005993000000000026,ILLDWAANI,ILLDWAANI,ILLDWAANV,Positive,9,9,9,9,9,9,"1,3,8",0.994007,8,1.0986122886681098,substitution,1.0,0.22719594594594594,Positive_all,1,cedar,0.1184,ILLDWAANV,0.0269,ILLDWAANV,True,0.3537896417103808
ILWYAPESL,HLA-A0201,0.1387,0,0,0.2268,0.857,5.1609,HLA-A*02:01,31511069,ILWYAPESL,IFWYAPESL,0,0,999.0,991.0,True,Improved,0,ILWYAPESL,0,ILWYAPESL,1,1.791759469228055,IFWYAPESL,0.04399399999999998,ILWYAPESL,ILWYAPESL,IFWYAPESL,Negative,9,9,9,9,9,9,"1,3,8",0.956006,1,1.791759469228055,substitution,0.0,37.20908435472242,Negative,1,cedar,0.1387,IFWYAPESL,5.1609,IFWYAPESL,True,0.19539855679075224
ITQKYDFFFY,HLA-A0101,0.3741,0,0,0.0923,0.5651,0.2265,HLA-A*01:01,33479501,ITQKYDFFFY,ITQKYDFSFY,0,0,475.0,466.0,True,Conserved,-2,ITQKYDFFY,-8,ITQKYDFFY,"4,5,6",1.3862943611198906,ITQKDFSFY,0.06780600000000003,ITQKYDFFFY,ITQKYDFFFY,ITQKYDFSFY,Negative,10,10,10,10,10,10,"1,2,8",0.932194,7,0.6931471805599453,substitution,0.0,0.6054530874097835,Negative,1,cedar,0.3741,ITQKYDFSFY,0.2265,ITQKDFSFY,True,0.1975539641938579
IYTHNTLSSL,HLA-A2402,0.4409,0,0,0.1049,0.7371,0.5034,HLA-A*24:02,"34270940,34270940",IYTHNTLSSL,IYTHNTLGSL,0,0,174.0,165.0,False,Conserved,0,IYHNTLSSL,4,IYTHNTLSL,-1,,IYTHNTLSL,0.04175200000000001,IYTHNTLSSL,IYTHNTLSSL,IYTHNTLGSL,Negative,10,10,10,10,10,10,"1,8",0.958248,7,0.6931471805599453,substitution,0.0,1.1417555001134043,"Negative,Negative",2,cedar,0.4409,IYTHNTLGSL,0.5034,IYTHNTLSL,True,0.18672030681637697
KARLPVGAY,HLA-A0301,1.8523,1,0,0.1891,0.6725,2.268,HLA-A*03:01,"34244308,34244308",KARLPVGAY,KALLPVGAY,0,0,34.0,26.0,False,Conserved,-2,KARLPVGAY,-2,KARLPVGAY,2,1.3862943611198906,KALLPVGAY,0.07292500000000002,KARLPVGAY,KARLPVGAY,KALLPVGAY,Positive,9,9,9,9,9,9,"0,1,8",0.927075,2,1.3862943611198906,substitution,0.5,1.2244236894671487,"Positive_all,Negative",2,cedar,1.8523,KALLPVGAY,2.268,KALLPVGAY,True,0.1006552361860786
KIINVDDEI,HLA-A0201,2.3305,0,0,0.9684,0.2253,11.2213,HLA-A*02:01,27198675,KIINVDDEI,EIINVDDEI,0,0,575.0,567.0,False,Conserved,1,KIINVDDEI,1,KIINVDDEI,0,0.6931471805599453,EIINVDDEI,0.014677000000000051,KIINVDDEI,KIINVDDEI,EIINVDDEI,Negative,9,9,9,9,9,9,"1,3,8",0.985323,0,0.6931471805599453,substitution,0.0,4.814975327183008,Negative,1,cedar,2.3305,EIINVDDEI,11.2213,EIINVDDEI,True,0.1720382488641922
KIVEAQSGVK,HLA-A1101,0.8681,0,0,0.4326,0.5589,1.9804,HLA-A*11:01,27198675,KIVEAQSGVK,IVEAQSGVK,0,1,949.0,940.0,True,Conserved,1,KIVEAQSGK,-4,KIVEAQSVK,"0,1,2,3,4,5,6",2.302585092994046,IVEAQSGVK,0.029217999999999966,KIVEAQSGVK,KIVEAQSGVK,IVEAQSGVK,Negative,10,10,9,10,9,10,"0,1,8",0.970782,0,0.6931471805599453,substitution,0.0,2.2813039972353417,Negative,1,cedar,0.8681,EIVEAQSGVK,4.3515,EIVEAQSVK,True,0.11854799182986692
KKRLFRNFGGL,HLA-B0702,4.8677,0,0,1.6035,0.3876,4.8677,HLA-B*07:02,27198675,RLFRNFGGL,RLFRNFGGL,2,2,759.0,749.0,False,Conserved,1,KRLFRNFGL,4,RLFRNFGGL,-1,,RLFRNFGGL,0.0,KRLFRNFGGL,RLFRNFGGL,RLFRNFGGL,Negative,11,9,9,9,9,11,"1,8",1.0,1,0.6931471805599453,substitution,0.0,1.0,Negative,1,cedar,19.1029,KERLFRNFGGL,19.4118,KERLFRNGL,True,0.13549587198214386
KLFEFLVYGV,HLA-A0201,0.1078,1,0,0.0103,0.9496,0.0582,HLA-A*02:01,"30418433,30418433,27198675,27198675,27198675,27198675,27198675,27198675,27198675",KLFEFLVYGV,KLFEFLVHGV,0,0,26.0,17.0,True,Conserved,2,KLFEFLVYV,-2,KLFEFLVGV,"5,6",1.791759469228055,KLFEFVHGV,0.04737999999999998,KLFEFLVYGV,KLFEFLVYGV,KLFEFLVHGV,Positive,10,10,10,10,10,10,"1,3,8",0.95262,7,0.6931471805599453,substitution,0.6666666666666666,0.5398886827458256,"Positive_all,Positive_all,Positive_all,Positive_all,Positive_all,Positive_all,Negative,Negative,Negative",9,cedar,0.1078,KLFEFLVHGV,0.0582,KLFEFVHGV,True,0.3795116462222337
KLFEHYSQEL,HLA-A0201,0.0523,0,0,0.1024,0.8246,0.1587,HLA-A*02:01,31511069,KLFEHYSQEL,KLFEHYYQEL,0,0,55.0,46.0,True,Conserved,-2,KLFEHSQEL,-1,KLFEHSQEL,"5,6,7",1.3862943611198906,KLFEHYYQL,0.07195399999999996,KLFEHYSQEL,KLFEHYSQEL,KLFEHYYQEL,Negative,10,10,10,10,10,10,"1,3,8",0.928046,6,0.6931471805599453,substitution,0.0,3.0344168260038242,Negative,1,cedar,0.0523,KLFEHYYQEL,0.1587,KLFEHYYQL,True,0.3149205692704282
KLGDSCVTAL,HLA-A0201,0.5172,0,0,0.7294,0.6891,1.2793,HLA-A*02:01,31511069,KLGDSCVTA,KLGGSCVTA,0,0,507.0,498.0,True,Conserved,-1,KLGDSVTAL,-1,KLGDSCVTA,3,0.6931471805599453,KLGGSCVTA,0.08817200000000003,KLGDSCVTAL,KLGDSCVTA,KLGGSCVTA,Negative,10,9,9,9,9,10,"1,3,8",0.911828,3,0.6931471805599453,substitution,0.0,2.473511214230472,Negative,1,cedar,0.6219,KLGGSCVTAL,1.8298,KLGGSVTAL,True,0.10576320957125437
KLIKPNSKDSV,HLA-A0201,1.1408,0,0,3.2736,0.4769,1.7567,HLA-A*02:01,31511069,KLIKPNSKDSV,KLIKQNSKDSV,0,0,485.0,475.0,False,Conserved,-1,KLIKPNSSV,-1,KLIKPNSSV,4,0.6931471805599453,KLIKQNSSV,0.06810400000000005,KLIKPNSKDSV,KLIKPNSKDSV,KLIKQNSKDSV,Negative,11,11,11,11,11,11,"1,3,8",0.931896,4,0.6931471805599453,substitution,0.0,1.539884291725105,Negative,1,cedar,1.1408,KLIKQNSKDSV,1.7567,KLIKQNSSV,True,0.07263011288208081
KNRLVNQPL,HLA-B0702,2.1654,0,0,0.4146,0.6016,3.2921,HLA-B*07:02,27198675,KNRLVNQPL,KDRLVNQPL,0,0,864.0,856.0,True,Conserved,1,KNRLVNQPL,1,KNRLVNQPL,1,0.6931471805599453,KDRLVNQPL,0.03721600000000003,KNRLVNQPL,KNRLVNQPL,KDRLVNQPL,Negative,9,9,9,9,9,9,"1,8",0.962784,1,0.6931471805599453,substitution,0.0,1.5203195714417659,Negative,1,cedar,2.1654,KDRLVNQPL,3.2921,KDRLVNQPL,True,0.0954126795042344
KPFHSLSSFRI,HLA-B0702,0.0397,0,0,0.6573,0.4634,0.0822,HLA-B*07:02,27198675,KPFHSLSSF,KPFHSLSPF,0,0,409.0,399.0,False,Conserved,-1,KPFHSLSSI,-1,KPFHSLSSF,7,1.3862943611198906,KPFHSLSPF,0.05195700000000003,KPFHSLSSFRI,KPFHSLSSF,KPFHSLSPF,Negative,11,9,9,9,9,11,"1,8",0.948043,7,1.3862943611198906,substitution,0.0,2.070528967254408,Negative,1,cedar,0.7383,KPFHSLSPFRI,1.2443,KPFHSLSPI,True,0.08449962470007269
KPPKAKPSPTY,HLA-B0702,0.6491,0,0,2.432,0.2498,0.2525,HLA-B*07:02,"34244308,34244308",KPPKAKPSPTY,KPPKAKPASTV,0,0,315.0,305.0,True,Conserved,-1,KPAKPSPTY,-1,KPAKPSPTY,"5,6,8",2.0794415416798357,KPAKPASTV,0.05815400000000004,KPPKAKPSPTY,KPPKAKPSPTY,KPPKAKPASTV,Negative,11,11,11,11,11,11,"1,8",0.941846,"7,8,10",2.0794415416798357,substitution,0.0,0.389000154059467,"Negative,Negative",2,cedar,0.6491,KPPKAKPASTV,0.2525,KPAKPASTV,True,0.08844364583307113
KQAPGDQVTEI,HLA-A0201,1.6272,0,0,0.4112,0.2834,1.936,HLA-A*02:01,27198675,KQAPGDQVTEI,KQAPGDQVTGI,0,0,134.0,124.0,True,Conserved,-2,KQAPGVTEI,-5,KQADQVTEI,"3,4,7",0.6931471805599453,KQAPGVTGI,0.030977000000000032,KQAPGDQVTEI,KQAPGDQVTEI,KQAPGDQVTGI,Negative,11,11,11,11,11,11,"1,3,8",0.969023,9,0.6931471805599453,substitution,0.0,1.1897738446411013,Negative,1,cedar,1.6272,KQAPGDQVTGI,1.936,KQAPGVTGI,True,0.07058413259428817
KQWSYSTGFPV,HLA-A0201,1.8654,0,0,0.0109,0.5301,4.2431,HLA-A*02:01,31511069,KQWSYSTGFPV,GSYSTGFPV,0,2,234.0,224.0,True,Conserved,-2,KQWSYSTGV,-6,KQWSYSTGV,"0,1,2,4,5,6,7",0.6931471805599453,GSYSTGFPV,0.09719900000000004,KQWSYSTGFPV,KQWSYSTGFPV,GSYSTGFPV,Negative,11,11,9,11,9,11,"1,3,8",0.902801,2,0.0,substitution,0.0,2.2746327865337195,Negative,1,cedar,1.8654,KQGSYSTGFPV,5.2345,KQYSTGFPV,True,0.05800883180139184
KRPTPTFHF,HLA-C0701,0.0235,1,0,0.1199,0.4931,3.6302,HLA-C*07:01,"34290406,34290406",KRPTPTFHF,KRPTPTFHS,0,0,7445.0,7437.0,True,Improved,-2,KRPTPTFHF,-2,KRPTPTFHF,8,0.6931471805599453,KRPTPTFHS,0.030915000000000026,KRPTPTFHF,KRPTPTFHF,KRPTPTFHS,Positive,9,9,9,9,9,9,"1,8",0.969085,8,0.6931471805599453,substitution,1.0,154.47659574468085,"Positive_all,Positive_all",2,cedar,0.0235,KRPTPTFHS,3.6302,KRPTPTFHS,True,0.22863357788198135
KRTNVGILK,HLA-B2705,0.0835,0,0,0.0721,0.6797,0.7265,HLA-B*27:05,34518289,KRTNVGILK,ERTNVGILK,0,0,332.0,324.0,False,Improved,1,KRTNVGILK,1,KRTNVGILK,0,0.6931471805599453,ERTNVGILK,0.016313000000000022,KRTNVGILK,KRTNVGILK,ERTNVGILK,Negative,9,9,9,9,9,9,"1,8",0.983687,0,0.6931471805599453,substitution,0.0,8.70059880239521,Negative,1,cedar,0.0835,ERTNVGILK,0.7265,ERTNVGILK,True,0.2933104841283838
KSDKTGWTTF,HLA-A2402,2.2842,0,0,0.1951,0.4654,1.882,HLA-A*24:02,27198675,KSDKTGWTTF,KSDETGWTTF,0,0,1701.0,1692.0,False,Conserved,1,KSDKTGTTF,1,KSDKTGWTF,3,0.6931471805599453,KSDETGWTF,0.044630999999999976,KSDKTGWTTF,KSDKTGWTTF,KSDETGWTTF,Negative,10,10,10,10,10,10,"1,8",0.955369,3,0.6931471805599453,substitution,0.0,0.8239208475615095,Negative,1,cedar,2.2842,KSDETGWTTF,1.882,KSDETGWTF,True,0.07500206188365144
KSDKTGWTTFF,HLA-A2402,2.2842,0,0,0.5243,0.4818,1.882,HLA-A*24:02,27198675,KSDKTGWTTF,KSDETGWTTF,0,0,1630.0,1620.0,False,Conserved,1,KSDKTGWTF,1,KSDKTGWTF,3,0.6931471805599453,KSDETGWTF,0.044630999999999976,KSDKTGWTTFF,KSDKTGWTTF,KSDETGWTTF,Negative,11,10,10,10,10,11,"1,8",0.955369,3,0.6931471805599453,substitution,0.0,0.8239208475615095,Negative,1,cedar,2.5678,KSDETGWTTFF,2.1648,KSDETGWTF,True,0.0775138480210602
KSFAVWTLA,HLA-A3001,0.3533,0,0,0.0501,0.7577,0.3412,HLA-A*30:01,29895573,KSFAVWTLA,KSFAVGTLA,0,0,883.0,875.0,False,Conserved,-2,KSFAVWTLA,-2,KSFAVWTLA,5,0.0,KSFAVGTLA,0.12219100000000005,KSFAVWTLA,KSFAVWTLA,KSFAVGTLA,Negative,9,9,9,9,9,9,"0,1,2,8",0.877809,5,0.0,substitution,0.0,0.9657514859892443,Negative,1,cedar,0.3533,KSFAVGTLA,0.3412,KSFAVGTLA,True,0.20294105952467248
KSLVAQADK,HLA-A1101,0.9801,0,0,0.7954,0.5339,0.3719,HLA-A*11:01,"34270940,34270940",KSLVAQADK,KSLEAQADK,0,0,213.0,205.0,False,Conserved,-2,KSLVAQADK,-2,KSLVAQADK,3,0.6931471805599453,KSLEAQADK,0.07339700000000005,KSLVAQADK,KSLVAQADK,KSLEAQADK,Negative,9,9,9,9,9,9,"0,1,8",0.926603,3,0.6931471805599453,substitution,0.0,0.3794510764207734,"Negative,Negative",2,cedar,0.9801,KSLEAQADK,0.3719,KSLEAQADK,True,0.08350050628145936
KSPNPSTPC,HLA-C0102,0.6612,1,0,0.3358,0.3426,8.1812,HLA-C*01:02,32571843,KSPNPSTPC,KSPNPSTPR,0,0,403.0,395.0,True,Improved,-3,KSPNPSTPC,-3,KSPNPSTPC,8,0.6931471805599453,KSPNPSTPR,0.039575999999999945,KSPNPSTPC,KSPNPSTPC,KSPNPSTPR,Positive,9,9,9,9,9,9,"1,2,8",0.960424,8,0.6931471805599453,substitution,1.0,12.373260738052027,Positive_all,1,cedar,0.6612,KSPNPSTPR,8.1812,KSPNPSTPR,True,0.12332765760414806
KTFSLPSLL,HLA-A0201,1.131,0,0,0.0212,0.6805,6.1457,HLA-A*02:01,31511069,KTFSLPSLL,KTFSLPSLF,0,0,493.0,485.0,True,Improved,0,KTFSLPSLL,0,KTFSLPSLL,8,1.791759469228055,KTFSLPSLF,0.017803000000000013,KTFSLPSLL,KTFSLPSLL,KTFSLPSLF,Negative,9,9,9,9,9,9,"1,3,8",0.982197,8,1.791759469228055,substitution,0.0,5.433863837312113,Negative,1,cedar,1.131,KTFSLPSLF,6.1457,KTFSLPSLF,True,0.12959183933590376
KTFSLPSLLH,HLA-A0301,0.0946,0,0,0.2581,0.6149,0.1379,HLA-A*03:01,31511069,KTFSLPSLLH,KTFSLPSLFH,0,0,494.0,485.0,False,Conserved,0,KTFSPSLLH,0,KTFSPSLLH,7,1.791759469228055,KTFSPSLFH,0.026839999999999975,KTFSLPSLLH,KTFSLPSLLH,KTFSLPSLFH,Negative,10,10,10,10,10,10,"0,1,8",0.97316,8,1.791759469228055,substitution,0.0,1.4577167019027484,Negative,1,cedar,0.0946,KTFSLPSLFH,0.1379,KTFSPSLFH,True,0.32968975338021245
KTGEQRVVTL,HLA-C1203,3.2579,1,0,2.4096,0.2543,3.2579,HLA-C*12:03,"31351799,31351799,31351799,31351799",TGEQRVVTL,TGEQRVVTL,1,1,234.0,225.0,False,Conserved,1,KTGERVVTL,4,TGEQRVVTL,-1,,TGEQRVVTL,0.0,KTGEQRVVTL,TGEQRVVTL,TGEQRVVTL,Positive,10,9,9,9,9,10,"1,8",1.0,0,0.6931471805599453,substitution,0.5,1.0,"Positive_all,Negative,Positive_all,Negative",4,cedar,9.5707,ETGEQRVVTL,17.3019,ETGERVVTL,True,0.135494069825987
KTQGAVAQM,HLA-B0702,2.538,0,0,0.2984,0.4728,4.1091,HLA-B*07:02,27198675,KTQGAVAQM,KTQGAVARM,0,0,13.0,5.0,False,Conserved,1,KTQGAVAQM,1,KTQGAVAQM,7,0.6931471805599453,KTQGAVARM,0.03225599999999995,KTQGAVAQM,KTQGAVAQM,KTQGAVARM,Negative,9,9,9,9,9,9,"1,8",0.967744,7,0.6931471805599453,substitution,0.0,1.61903073286052,Negative,1,cedar,2.538,KTQGAVARM,4.1091,KTQGAVARM,True,0.10727584486817984
KVDPIGHVY,HLA-A3002,0.0031,1,0,0.1479,0.6286,0.1703,HLA-A*30:02,"26901407,26901407",KVDPIGHVY,EVDPIGHVY,0,0,176.0,168.0,False,Conserved,1,KVDPIGHVY,1,KVDPIGHVY,0,0.6931471805599453,EVDPIGHVY,0.01775899999999997,KVDPIGHVY,KVDPIGHVY,EVDPIGHVY,Positive,9,9,9,9,9,9,"1,8",0.982241,0,0.6931471805599453,substitution,1.0,54.935483870967744,"Positive_all,Positive_all",2,cedar,0.0031,EVDPIGHVY,0.1703,EVDPIGHVY,True,0.34115719104409004
LARAKRPSVF,HLA-B0702,0.9009,0,0,0.4402,0.4639,0.9009,HLA-B*07:02,31511069,LARAKRPSV,LARAKRPSV,0,0,505.0,496.0,False,Conserved,-2,LARKRPSVF,4,LARAKRPSV,-1,,LARAKRPSV,0.0,LARAKRPSVF,LARAKRPSV,LARAKRPSV,Negative,10,9,9,9,9,10,"1,8",1.0,9,0.6931471805599453,substitution,0.0,1.0,Negative,1,cedar,2.8345,LARAKRPSVS,17.5341,LARAKRPSS,True,0.08588396897883749
LFHTFYELL,HLA-A2402,0.6359,0,0,0.3958,0.599,1.0311,HLA-A*24:02,33479501,LFHTFYELL,LFHTFYDLL,0,0,370.0,362.0,False,Conserved,2,LFHTFYELL,2,LFHTFYELL,6,1.3862943611198906,LFHTFYDLL,0.04433900000000002,LFHTFYELL,LFHTFYELL,LFHTFYDLL,Negative,9,9,9,9,9,9,"1,8",0.955661,6,1.3862943611198906,substitution,0.0,1.6214813649944957,Negative,1,cedar,0.6359,LFHTFYDLL,1.0311,LFHTFYDLL,True,0.31003352604006007
LFHTFYELLI,HLA-A2402,0.6359,0,0,0.2866,0.3567,1.0311,HLA-A*24:02,33479501,LFHTFYELL,LFHTFYDLL,0,0,371.0,362.0,False,Conserved,2,LHTFYELLI,2,LFHTFYELL,6,1.3862943611198906,LFHTFYDLL,0.04433900000000002,LFHTFYELLI,LFHTFYELL,LFHTFYDLL,Negative,10,9,9,9,9,10,"1,8",0.955661,6,1.3862943611198906,substitution,0.0,1.6214813649944957,Negative,1,cedar,7.5864,LFHTFYDLLI,8.0685,LFHTYDLLI,True,0.27953990283741526
LFQQGKDLQQY,HLA-A2902,0.5932,0,0,1.5271,0.3635,0.6342,HLA-A*29:02,30556813,LFQQGKDLQQY,FQQGKDLQQY,0,1,2551.0,2541.0,True,Conserved,-2,LFQQGLQQY,-13,LFQQGLQQY,"0,1,3,4,5,6",2.0794415416798357,FQQGKDLQY,0.025594000000000006,LFQQGKDLQQY,LFQQGKDLQQY,FQQGKDLQQY,Negative,11,11,10,11,10,11,"1,8",0.974406,0,1.3862943611198906,substitution,0.0,1.0691166554281861,Negative,1,cedar,0.5932,RFQQGKDLQQY,0.6604,RFQQGLQQY,True,0.09667243773432911
LFYLGSSTAF,HLA-B1501,1.7867,0,0,0.0651,0.7795,13.9294,HLA-B*15:01,27198675,YLGSSTAF,LFYLGSSTA,2,0,2164.0,2155.0,True,Improved,-2,LFYGSSTAF,-11,YLG-SSTAF,"0,1,2,3,4,6,7,8",2.70805020110221,LFYLGSSTA,0.15106600000000003,LFYLGSSTAF,YLGSSTAF,LFYLGSSTA,Negative,10,8,9,8,9,10,"1,8",0.848934,9,0.6931471805599453,substitution,0.0,7.796160519393295,Negative,1,cedar,2.1224,LFYLGSSTAS,55.8333,LFYGSSTAS,True,0.10950390144177928
LHAMIQAAGKL,HLA-B3801,0.7779,0,0,0.3486,0.3386,4.5763,HLA-B*38:01,29895573,LHAMIQAAGKL,AMIQAAGKL,0,2,111.0,101.0,True,Improved,0,LHAQAAGKL,-4,LHAQAAGKL,"0,1,2",-1.0,AMIQAAGKL,0.05544099999999996,LHAMIQAAGKL,LHAMIQAAGKL,AMIQAAGKL,Negative,11,11,9,11,9,11,"1,8",0.944559,1,1.3862943611198906,substitution,0.0,5.8828898315978915,Negative,1,cedar,0.7779,LQAMIQAAGKL,11.7651,LQIQAAGKL,True,0.11407287847195091
LIDDYGVEEV,HLA-A0206,1.1252,1,0,0.3183,0.4056,12.0661,HLA-A*02:06,"34281881,34281881",LIDDYGVEEV,LIDDYGVEE,0,0,214.0,205.0,True,Improved,-2,LIDDYGVEV,-10,LIDDGVEEV,"4,5,6,8",2.0794415416798357,LIDDYGVEE,0.034995,LIDDYGVEEV,LIDDYGVEEV,LIDDYGVEE,Positive,10,10,9,10,9,10,"1,3,8",0.965005,9,0.6931471805599453,substitution,0.5,10.723515819409883,"Positive_all,Negative",2,cedar,1.1252,LIDDYGVEEE,33.439,LIDDYGVEE,True,0.1885414049102711
LIQNVRSMK,HLA-A0301,0.4612,0,0,0.318,0.5934,0.4422,HLA-A*03:01,31511069,LIQNVRSMK,LIQHVRSMK,0,0,1111.0,1103.0,False,Conserved,1,LIQNVRSMK,1,LIQNVRSMK,3,0.6931471805599453,LIQHVRSMK,0.07503300000000002,LIQNVRSMK,LIQNVRSMK,LIQHVRSMK,Negative,9,9,9,9,9,9,"0,1,8",0.924967,3,0.6931471805599453,substitution,0.0,0.958803122289679,Negative,1,cedar,0.4612,LIQHVRSMK,0.4422,LIQHVRSMK,True,0.13456708132674497
LLDSLPMDV,HLA-A0201,0.17,0,0,0.2919,0.7222,1.4103,HLA-A*02:01,"27198675,27198675,27198675,27198675",LLDSLPMDV,LLDSLPMDA,0,0,135.0,127.0,True,Improved,0,LLDSLPMDV,0,LLDSLPMDV,8,1.3862943611198906,LLDSLPMDA,0.017123,LLDSLPMDV,LLDSLPMDV,LLDSLPMDA,Negative,9,9,9,9,9,9,"1,3,8",0.982877,8,1.3862943611198906,substitution,0.0,8.295882352941177,"Negative,Negative,Negative,Negative",4,cedar,0.17,LLDSLPMDA,1.4103,LLDSLPMDA,True,0.21920796945187862
LLFAAFSSA,HLA-A0201,1.0278,1,0,0.0524,0.8567,0.8364,HLA-A*02:01,30418433,LLFAAFSSA,VLFAAFSSA,0,0,300.0,292.0,False,Conserved,1,LLFAAFSSA,1,LLFAAFSSA,0,1.791759469228055,VLFAAFSSA,0.010321000000000025,LLFAAFSSA,LLFAAFSSA,VLFAAFSSA,Positive,9,9,9,9,9,9,"1,3,8",0.989679,0,1.791759469228055,substitution,1.0,0.8137769994162288,Positive_all,1,cedar,1.0278,VLFAAFSSA,0.8364,VLFAAFSSA,True,0.11821111671499455
LLFGMPPCL,HLA-A0201,0.1253,1,0,0.2022,0.864,0.2286,HLA-A*02:01,"30418433,27198675,27198675,27198675,27198675",LLFGMPPCL,LLFGMTPCL,0,0,59.0,51.0,False,Conserved,-1,LLFGMPPCL,-1,LLFGMPPCL,5,1.3862943611198906,LLFGMTPCL,0.09779400000000005,LLFGMPPCL,LLFGMPPCL,LLFGMTPCL,Positive,9,9,9,9,9,9,"1,3,8",0.902206,5,1.3862943611198906,substitution,0.6,1.8244213886671987,"Positive_all,Positive_all,Negative,Positive_all,Negative",5,cedar,0.1253,LLFGMTPCL,0.2286,LLFGMTPCL,True,0.5615350064161573
LLFGMPPCLL,HLA-A0201,0.1253,1,0,0.5059,0.7966,0.2286,HLA-A*02:01,27198675,LLFGMPPCL,LLFGMTPCL,0,0,60.0,51.0,False,Conserved,-1,LLFGMPPLL,-1,LLFGMPPCL,5,1.3862943611198906,LLFGMTPCL,0.09779400000000005,LLFGMPPCLL,LLFGMPPCL,LLFGMTPCL,Negative,10,9,9,9,9,10,"1,3,8",0.902206,5,1.3862943611198906,substitution,0.0,1.8244213886671987,Negative,1,cedar,0.7208,LLFGMTPCLL,1.2685,LLFGMTPLL,True,0.5393274967848164
LLIASVTWL,HLA-A0201,0.4879,1,0,0.1923,0.8671,0.1286,HLA-A*02:01,30418433,LLIASVTWL,FLIASVTWL,0,0,262.0,254.0,False,Conserved,0,LLIASVTWL,0,LLIASVTWL,0,1.791759469228055,FLIASVTWL,0.01581699999999997,LLIASVTWL,LLIASVTWL,FLIASVTWL,Positive,9,9,9,9,9,9,"1,3,8",0.984183,0,1.791759469228055,substitution,1.0,0.26357860217257634,Positive_all,1,cedar,0.4879,FLIASVTWL,0.1286,FLIASVTWL,True,0.259472842160199
LLIGFLSGSL,HLA-A0201,1.8091,0,0,0.2059,0.7897,2.1005,HLA-A*02:01,27198675,LLIGFLSGSL,LLIGLLSGSL,0,0,71.0,62.0,False,Conserved,0,LLIGFLSSL,0,LLIGFLSSL,4,1.791759469228055,LLIGLLSSL,0.047381000000000006,LLIGFLSGSL,LLIGFLSGSL,LLIGLLSGSL,Negative,10,10,10,10,10,10,"1,3,8",0.952619,4,1.791759469228055,substitution,0.0,1.1610745674644851,Negative,1,cedar,1.8091,LLIGLLSGSL,2.1005,LLIGLLSSL,True,0.18853355837058336
LLLASTSGA,HLA-A0201,2.4418,1,0,0.4457,0.7322,2.5104,HLA-A*02:01,31511069,LLLASTSGA,LLLAATSGA,0,0,428.0,420.0,False,Conserved,1,LLLASTSGA,1,LLLASTSGA,4,1.3862943611198906,LLLAATSGA,0.028627999999999987,LLLASTSGA,LLLASTSGA,LLLAATSGA,Positive,9,9,9,9,9,9,"1,3,8",0.971372,4,1.3862943611198906,substitution,1.0,1.0280940289950036,Positive_all,1,cedar,2.4418,LLLAATSGA,2.5104,LLLAATSGA,True,0.08821960041322158
LLPALSPGL,HLA-A0201,0.3009,0,0,0.0528,0.5667,8.1081,HLA-A*02:01,33479501,LLPALSPGL,LLPALSPGS,0,0,317.0,309.0,True,Improved,-2,LLPALSPGL,-2,LLPALSPGL,8,0.6931471805599453,LLPALSPGS,0.024329000000000045,LLPALSPGL,LLPALSPGL,LLPALSPGS,Negative,9,9,9,9,9,9,"1,3,8",0.975671,8,0.6931471805599453,substitution,0.0,26.94616151545364,Negative,1,cedar,0.3009,LLPALSPGS,8.1081,LLPALSPGS,True,0.1853364374553338
LLVDAMHNQL,HLA-A0201,0.5108,1,0,0.3355,0.7583,0.214,HLA-A*02:01,31511069,LLVDAMHNQL,LLVDAIHNQL,0,0,177.0,168.0,False,Conserved,1,LLVDAMHQL,1,LLVDAMHQL,5,1.0986122886681098,LLVDAIHQL,0.043543,LLVDAMHNQL,LLVDAMHNQL,LLVDAIHNQL,Positive,10,10,10,10,10,10,"1,3,8",0.956457,5,1.0986122886681098,substitution,1.0,0.41895066562255284,Positive_all,1,cedar,0.5108,LLVDAIHNQL,0.214,LLVDAIHQL,True,0.1316774428042866
LLVRNSFEV,HLA-A0201,0.3311,0,0,0.0562,0.9122,0.4383,HLA-A*02:01,33123756,LLVRNSFEV,LLGRNSFEV,0,0,272.0,264.0,False,Conserved,-3,LLVRNSFEV,-3,LLVRNSFEV,2,1.3862943611198906,LLGRNSFEV,0.08165199999999995,LLVRNSFEV,LLVRNSFEV,LLGRNSFEV,Negative,9,9,9,9,9,9,"1,3,8",0.918348,2,1.3862943611198906,substitution,0.0,1.3237692540018122,Negative,1,cedar,0.3311,LLGRNSFEV,0.4383,LLGRNSFEV,True,0.21108921600792532
LMLEISTSL,HLA-A0201,0.0424,0,0,0.0357,0.9249,0.0971,HLA-A*02:01,31511069,LMLEISTSL,LMLEMSTSL,0,0,127.0,119.0,False,Conserved,1,LMLEISTSL,1,LMLEISTSL,4,1.0986122886681098,LMLEMSTSL,0.041595999999999966,LMLEISTSL,LMLEISTSL,LMLEMSTSL,Negative,9,9,9,9,9,9,"1,3,8",0.958404,4,1.0986122886681098,substitution,0.0,2.2900943396226414,Negative,1,cedar,0.0424,LMLEMSTSL,0.0971,LMLEMSTSL,True,0.36398849130522676
LMMSLSALF,HLA-A2402,0.6584,0,0,0.006,0.8913,0.3878,HLA-A*24:02,30880120,LMMSLSALF,LMMSLPALF,0,0,1658.0,1650.0,False,Conserved,-1,LMMSLSALF,-1,LMMSLSALF,5,1.3862943611198906,LMMSLPALF,0.06964499999999996,LMMSLSALF,LMMSLSALF,LMMSLPALF,Negative,9,9,9,9,9,9,"1,8",0.930355,5,1.3862943611198906,substitution,0.0,0.589003645200486,Negative,1,cedar,0.6584,LMMSLPALF,0.3878,LMMSLPALF,True,0.23685073119568148
LPAEGVSEV,HLA-B0702,0.3063,0,0,0.0647,0.4444,0.7551,HLA-B*07:02,31511069,LPAEGVSEV,LPGEGVSEV,0,0,610.0,602.0,False,Conserved,0,LPAEGVSEV,0,LPAEGVSEV,2,1.3862943611198906,LPGEGVSEV,0.05148699999999995,LPAEGVSEV,LPAEGVSEV,LPGEGVSEV,Negative,9,9,9,9,9,9,"1,8",0.948513,2,1.3862943611198906,substitution,0.0,2.465230166503428,Negative,1,cedar,0.3063,LPGEGVSEV,0.7551,LPGEGVSEV,True,0.13218672483441607
LPALSQCSQL,HLA-B0702,0.3517,0,0,0.1925,0.3553,0.0686,HLA-B*07:02,27198675,LPALSQCSQL,LPALSRCSQL,0,0,378.0,369.0,False,Conserved,1,LPALSQSQL,1,LPALSQSQL,5,0.6931471805599453,LPALSRSQL,0.05168499999999998,LPALSQCSQL,LPALSQCSQL,LPALSRCSQL,Negative,10,10,10,10,10,10,"1,8",0.948315,5,0.6931471805599453,substitution,0.0,0.19505260164913277,Negative,1,cedar,0.3517,LPALSRCSQL,0.0686,LPALSRSQL,True,0.09472665239564293
LPALSQCSQL,HLA-B3501,2.1394,0,0,0.1925,0.3553,3.325,HLA-B*35:01,27198675,LPALSQCSQL,LPALSRCSQL,0,0,378.0,369.0,False,Conserved,1,LPALSQSQL,1,LPALSQSQL,5,0.6931471805599453,LPALSRSQL,0.05168499999999998,LPALSQCSQL,LPALSQCSQL,LPALSRCSQL,Negative,10,10,10,10,10,10,"1,8",0.948315,5,0.6931471805599453,substitution,0.0,1.5541740674955595,Negative,1,cedar,2.1394,LPALSRCSQL,3.325,LPALSRSQL,True,0.08340959498603448
LPAPQQYIV,HLA-B3501,0.3265,0,0,0.01,0.5484,0.514,HLA-B*35:01,27198675,LPAPQQYIV,SPAPQQYIV,0,0,102.0,94.0,False,Conserved,-2,LPAPQQYIV,-2,LPAPQQYIV,0,0.6931471805599453,SPAPQQYIV,0.02527900000000005,LPAPQQYIV,LPAPQQYIV,SPAPQQYIV,Negative,9,9,9,9,9,9,"1,8",0.974721,0,0.6931471805599453,substitution,0.0,1.57427258805513,Negative,1,cedar,0.3265,SPAPQQYIV,0.514,SPAPQQYIV,True,0.18763944534080643
LPILGEQVV,HLA-B0702,0.898,0,0,0.0425,0.4717,0.3276,HLA-B*07:02,27198675,LPILGEQVV,LPILGGQVV,0,0,141.0,133.0,False,Conserved,-2,LPILGEQVV,-2,LPILGEQVV,5,0.6931471805599453,LPILGGQVV,0.08719900000000003,LPILGEQVV,LPILGEQVV,LPILGGQVV,Negative,9,9,9,9,9,9,"1,8",0.912801,5,0.6931471805599453,substitution,0.0,0.36481069042316255,Negative,1,cedar,0.898,LPILGGQVV,0.3276,LPILGGQVV,True,0.1825296172880867
LPSWGASQQAL,HLA-B0702,0.298,0,0,0.1594,0.3723,2.4415,HLA-B*07:02,27198675,LPSWGASQQAL,LPSWGASQQA,0,0,738.0,728.0,True,Improved,-3,LPSASQQAL,-1,LPSASQQAL,"3,4,5,7,8",2.0794415416798357,LPSGASQQA,0.02219099999999996,LPSWGASQQAL,LPSWGASQQAL,LPSWGASQQA,Negative,11,11,10,11,10,11,"1,8",0.977809,10,1.3862943611198906,substitution,0.0,8.192953020134228,Negative,1,cedar,0.298,LPSWGASQQAP,8.8375,LPSWGASAP,True,0.06853235938934572
LPTLPTREPK,HLA-B0702,1.7321,0,0,0.6262,0.5636,0.8887,HLA-B*07:02,27198675,LPTLPTREP,LPTPPTREP,0,0,541.0,532.0,False,Conserved,-3,LTLPTREPK,-3,LPTLPTREP,3,1.3862943611198906,LPTPPTREP,0.099908,LPTLPTREPK,LPTLPTREP,LPTPPTREP,Negative,10,9,9,9,9,10,"1,8",0.900092,3,1.3862943611198906,substitution,0.0,0.5130766122048381,Negative,1,cedar,5.0969,LPTPPTREPK,2.8666,LPTPPTRPK,True,0.08328450861332788
LRFSIIEEF,HLA-B2705,0.0153,0,0,0.2635,0.5943,0.0231,HLA-B*27:05,34518289,LRFSIIEEF,LRFSTIEEF,0,0,167.0,159.0,False,Conserved,-1,LRFSIIEEF,-1,LRFSIIEEF,4,1.0986122886681098,LRFSTIEEF,0.061501999999999946,LRFSIIEEF,LRFSIIEEF,LRFSTIEEF,Negative,9,9,9,9,9,9,"1,8",0.938498,4,1.0986122886681098,substitution,0.0,1.5098039215686274,Negative,1,cedar,0.0153,LRFSTIEEF,0.0231,LRFSTIEEF,True,0.43471295882458594
LSGEWFTFYL,HLA-A0201,16.4,0,0,1.3615,0.3541,16.4,HLA-A*02:01,27198675,SGEWFTFYL,SGEWFTFYL,1,1,233.0,224.0,False,Conserved,-3,LSGEFTFYL,4,SGEWFTFYL,-1,,SGEWFTFYL,0.0,LSGEWFTFYL,SGEWFTFYL,SGEWFTFYL,Negative,10,9,9,9,9,10,"1,3,8",1.0,0,1.3862943611198906,substitution,0.0,1.0,Negative,1,cedar,17.5677,PSGEWFTFYL,45.6667,PSGEFTFYL,True,0.2606954261474895
LSGEWFTFYLV,HLA-A0201,9.8607,0,0,1.0285,0.2756,9.8607,HLA-A*02:01,27198675,GEWFTFYLV,GEWFTFYLV,2,2,234.0,224.0,False,Conserved,-3,LEWFTFYLV,4,GEWFTFYLV,-1,,GEWFTFYLV,0.0,LSGEWFTFYLV,GEWFTFYLV,GEWFTFYLV,Negative,11,9,9,9,9,11,"1,3,8",1.0,0,1.3862943611198906,substitution,0.0,1.0,Negative,1,cedar,24.3333,PSGEWFTFYLV,68.3333,PSGETFYLV,True,0.27175399115524784
LSSFRIHER,HLA-A1101,1.7961,0,0,0.2596,0.5806,3.0506,HLA-A*11:01,27198675,LSSFRIHER,LSPFRIHER,0,0,412.0,404.0,False,Conserved,-1,LSSFRIHER,-1,LSSFRIHER,2,1.3862943611198906,LSPFRIHER,0.07458500000000001,LSSFRIHER,LSSFRIHER,LSPFRIHER,Negative,9,9,9,9,9,9,"0,1,8",0.925415,2,1.3862943611198906,substitution,0.0,1.698457769611937,Negative,1,cedar,1.7961,LSPFRIHER,3.0506,LSPFRIHER,True,0.15231085687047077
LVFPLVMGV,HLA-A0201,0.192,1,0,0.0381,0.7659,0.2173,HLA-A*02:01,30418433,LVFPLVMGV,LVLPLVMGV,0,0,559.0,551.0,False,Conserved,0,LVFPLVMGV,0,LVFPLVMGV,2,1.791759469228055,LVLPLVMGV,0.04817499999999997,LVFPLVMGV,LVFPLVMGV,LVLPLVMGV,Positive,9,9,9,9,9,9,"1,3,8",0.951825,2,1.791759469228055,substitution,1.0,1.1317708333333332,Positive_all,1,cedar,0.192,LVLPLVMGV,0.2173,LVLPLVMGV,True,0.44305804586121106
LVGPAQLSHW,HLA-B5701,0.1072,0,0,0.2022,0.606,0.1283,HLA-B*57:01,30556813,LVGPAQLSHW,LVGPAQPSHW,0,0,866.0,857.0,False,Conserved,-3,LVGPAQLHW,-3,LVGPAQLHW,6,1.3862943611198906,LVGPAQPHW,0.09237600000000001,LVGPAQLSHW,LVGPAQLSHW,LVGPAQPSHW,Negative,10,10,10,10,10,10,"1,8",0.907624,6,1.3862943611198906,substitution,0.0,1.1968283582089552,Negative,1,cedar,0.1072,LVGPAQPSHW,0.1283,LVGPAQPHW,True,0.16363701640733044
LVLFEDAVAY,HLA-B1501,0.0195,1,0,0.264,0.641,1.1205,HLA-B*15:01,27198675,VLFEDAVAY,VLFEDAVAH,1,1,2782.0,2773.0,True,Improved,2,LLFEDAVAY,2,VLFEDAVAY,8,0.6931471805599453,VLFEDAVAH,0.02173400000000003,LVLFEDAVAY,VLFEDAVAY,VLFEDAVAH,Negative,10,9,9,9,9,10,"1,8",0.978266,9,0.6931471805599453,substitution,0.0,57.46153846153847,Negative,1,cedar,0.2628,LVLFEDAVAH,4.1756,LLFEDAVAH,True,0.25105307891446516
MASMSGRWKR,HLA-A1101,0.1379,0,0,0.0385,0.7323,0.0441,HLA-A*11:01,"34270940,34270940",ASMSGRWKR,ATMSGRWKR,1,1,616.0,607.0,True,Conserved,1,MAMSGRWKR,1,ASMSGRWKR,1,1.791759469228055,ATMSGRWKR,0.02386699999999997,MASMSGRWKR,ASMSGRWKR,ATMSGRWKR,Negative,10,9,9,9,9,10,"0,1,8",0.976133,2,1.791759469228055,substitution,0.0,0.3197969543147208,"Negative,Negative",2,cedar,2.3108,MATMSGRWKR,1.3951,MTMSGRWKR,True,0.08963448813901562
MASMSGRWKRK,HLA-A1101,0.1379,0,0,1.8096,0.4084,0.0441,HLA-A*11:01,"34270940,34270940",ASMSGRWKR,ATMSGRWKR,1,1,617.0,607.0,True,Conserved,1,ASMSGRWKK,1,ASMSGRWKR,1,1.791759469228055,ATMSGRWKR,0.02386699999999997,ASMSGRWKRK,ASMSGRWKR,ATMSGRWKR,Negative,11,9,9,9,9,11,"0,1,8",0.976133,2,1.791759469228055,substitution,0.0,0.3197969543147208,"Negative,Negative",2,cedar,2.9656,MATMSGRWKRK,1.6998,ATMSGRWKK,True,0.08659370361859679
MLLENVLKPL,HLA-A0201,0.3637,0,0,0.1389,0.8822,0.2387,HLA-A*02:01,35193931,MLLENVLKPL,ILLENVLKPL,0,0,245.0,236.0,False,Conserved,1,MLLENVLKL,1,MLLENVLKL,0,1.0986122886681098,ILLENVLKL,0.009565000000000046,MLLENVLKPL,MLLENVLKPL,ILLENVLKPL,Negative,10,10,10,10,10,10,"1,3,8",0.990435,0,1.0986122886681098,substitution,0.0,0.6563101457244982,Negative,1,cedar,0.3637,ILLENVLKPL,0.2387,ILLENVLKL,True,0.15360714678322399
MLLIGFLSGSL,HLA-A0201,1.8091,0,0,3.5305,0.5107,2.1005,HLA-A*02:01,27198675,LLIGFLSGSL,LLIGLLSGSL,1,1,71.0,61.0,False,Conserved,0,MLLIGFLSL,0,LLIGFLSSL,4,1.791759469228055,LLIGLLSSL,0.047381000000000006,MLLIGFLSGSL,LLIGFLSGSL,LLIGLLSGSL,Negative,11,10,10,10,10,11,"1,3,8",0.952619,5,1.791759469228055,substitution,0.0,1.1610745674644851,Negative,1,cedar,7.3712,MLLIGLLSGSL,4.5603,MLLIGLLSL,True,0.19782384755645493
MLREEIAML,HLA-A0201,0.2296,0,0,0.1098,0.8265,0.1713,HLA-A*02:01,33257508,MLREEIAML,MLREEIAKL,0,0,499.0,491.0,False,Conserved,-1,MLREEIAML,-1,MLREEIAML,7,0.0,MLREEIAKL,0.044516,MLREEIAML,MLREEIAML,MLREEIAKL,Negative,9,9,9,9,9,9,"1,3,8",0.955484,7,0.0,substitution,0.0,0.7460801393728224,Negative,1,cedar,0.2296,MLREEIAKL,0.1713,MLREEIAKL,True,0.22159214886293857
MLVLTFRDVAV,HLA-A0201,1.1308,0,0,3.0106,0.5442,1.1308,HLA-A*02:01,31511069,VLTFRDVAV,VLTFRDVAV,2,2,11.0,1.0,False,Conserved,-4,MLVFRDVAV,4,VLTFRDVAV,-1,,VLTFRDVAV,0.0,MLVLTFRDVAV,VLTFRDVAV,VLTFRDVAV,Negative,11,9,9,9,9,11,"1,3,8",1.0,1,-1.0,substitution,0.0,1.0,Negative,1,cedar,6.4161,MGVLTFRDVAV,11.9689,MLTFRDVAV,True,0.17582261550529543
MMDYPYPTNFL,HLA-A0201,2.3987,1,0,0.8398,0.3828,3.0481,HLA-A*02:01,31511069,MMDYPYPTNFL,MMDYPYPTDFL,0,0,281.0,271.0,True,Conserved,1,MYPYPTNFL,-6,MMDYPTNFL,"5,6,7",-1.0,MMDYPYPTL,0.034169000000000005,MMDYPYPTNFL,MMDYPYPTNFL,MMDYPYPTDFL,Positive,11,11,11,11,11,11,"1,3,8",0.965831,8,0.6931471805599453,substitution,1.0,1.2707299787384834,Positive_all,1,cedar,2.3987,MMDYPYPTDFL,3.0481,MMDYPYPTL,True,0.289492729899272
MMFPAQPFGL,HLA-A0201,0.5237,0,0,0.0725,0.9034,0.3646,HLA-A*02:01,31511069,MMFPAQPFGL,MMFPAPPFGL,0,0,204.0,195.0,True,Conserved,-1,MMFPQPFGL,-8,MMFPQPFGL,"4,6,7",-1.0,MMFPAPPFL,0.09524999999999995,MMFPAQPFGL,MMFPAQPFGL,MMFPAPPFGL,Negative,10,10,10,10,10,10,"1,3,8",0.90475,5,0.6931471805599453,substitution,0.0,0.6962001145694099,Negative,1,cedar,0.5237,MMFPAPPFGL,0.3646,MMFPAPPFL,True,0.2833930881131733
MPAAEEMRKNV,HLA-B0702,2.2437,0,0,1.3638,0.2934,3.5825,HLA-B*07:02,31511069,MPAAEEMRKNV,MPAAEEMHKNV,0,0,222.0,212.0,False,Conserved,0,MPAAEEMNV,0,MPAEMRKNV,5,0.6931471805599453,MPAEMHKNV,0.055062000000000055,MPAAEEMRKNV,MPAAEEMRKNV,MPAAEEMHKNV,Negative,11,11,11,11,11,11,"1,8",0.944938,7,0.6931471805599453,substitution,0.0,1.5966929625172706,Negative,1,cedar,2.2437,MPAAEEMHKNV,3.5825,MPAEMHKNV,True,0.08491288162099604
MQLLFDNEV,HLA-A0201,1.8175,0,0,0.0204,0.4755,2.3484,HLA-A*02:01,31511069,MQLLFDNEV,VQLLFDNEV,0,0,214.0,206.0,False,Conserved,1,MQLLFDNEV,1,MQLLFDNEV,0,0.0,VQLLFDNEV,0.015587000000000018,MQLLFDNEV,MQLLFDNEV,VQLLFDNEV,Negative,9,9,9,9,9,9,"1,3,8",0.984413,0,0.0,substitution,0.0,1.2921045392022008,Negative,1,cedar,1.8175,VQLLFDNEV,2.3484,VQLLFDNEV,True,0.1783897395323432
MWMTLTFFV,HLA-A2402,1.13,0,0,0.2005,0.5755,1.1501,HLA-A*24:02,"34270940,34270940",MWMTLTFF,MWKTLTFF,0,0,22.0,14.0,False,Conserved,-1,MWMTLTFFV,-12,MWM-TLTFF,"2,3",,MW-KTLTFF,0.08586099999999997,MWMTLTFFV,MWMTLTFF,MWKTLTFF,Negative,9,8,8,8,8,9,"1,8",0.914139,2,0.0,substitution,0.0,1.017787610619469,"Negative,Negative",2,cedar,1.667,MWKTLTFFV,1.9087,MWKTLTFFV,True,0.4283936184246861
NLQERIDYCHL,HLA-A0201,1.711,0,0,1.6545,0.3191,28.1111,HLA-A*02:01,27198675,NLQERIDYC,NPQERIDYC,0,0,1286.0,1276.0,True,Improved,-3,NLQERICHL,-3,NLQERIDYC,1,1.3862943611198906,NPQERIDYC,0.06964199999999998,NLQERIDYCHL,NLQERIDYC,NPQERIDYC,Negative,11,9,9,9,9,11,"1,3,8",0.930358,1,1.3862943611198906,substitution,0.0,16.429631794272353,Negative,1,cedar,4.0742,NPQERIDYCHL,39.3333,NPQERIDYL,True,0.1414002983700789
NLTEGPYPL,HLA-A0201,0.2897,0,0,0.2904,0.7677,1.0519,HLA-A*02:01,31511069,NLTEGPYPL,NLTAGPYPL,0,0,396.0,388.0,True,Improved,-1,NLTEGPYPL,-1,NLTEGPYPL,3,0.6931471805599453,NLTAGPYPL,0.07301800000000003,NLTEGPYPL,NLTEGPYPL,NLTAGPYPL,Negative,9,9,9,9,9,9,"1,3,8",0.926982,3,0.6931471805599453,substitution,0.0,3.6309975837072836,Negative,1,cedar,0.2897,NLTAGPYPL,1.0519,NLTAGPYPL,True,0.12936273498269701
NSTLSGEWFTF,HLA-A2402,0.3648,0,0,1.6461,0.3257,0.573,HLA-A*24:02,27198675,TLSGEWFTF,STPSGEWFTF,2,1,231.0,221.0,True,Conserved,-3,STLSGEWTF,-3,TLSGEWFTF,"0,1,2,3,4",2.6390573296152584,STPSGWFTF,0.099155,STLSGEWFTF,TLSGEWFTF,STPSGEWFTF,Negative,11,9,10,9,10,11,"1,8",0.900845,3,1.3862943611198906,substitution,0.0,1.570723684210526,Negative,1,cedar,4.3082,NSTPSGEWFTF,2.6555,NSTPSGFTF,True,0.11107402606560351
NYIPSNDLRAF,HLA-A2402,0.0864,0,0,0.3083,0.5226,2.7773,HLA-A*24:02,27198675,NYIPSNDLRAF,HIPSNDLRAF,0,1,512.0,502.0,True,Improved,2,NYIPSNDLF,-8,NYIPSNDLF,"0,1,2,3,4,5,6,7",2.6390573296152584,HIPSNDLRF,0.04584699999999997,NYIPSNDLRAF,NYIPSNDLRAF,HIPSNDLRAF,Negative,11,11,10,11,10,11,"1,8",0.954153,1,0.6931471805599453,substitution,0.0,32.144675925925924,Negative,1,cedar,0.0864,NHIPSNDLRAF,2.8757,NHIPSNDLF,True,0.15184305219222374
PIYIPSRLCK,HLA-A0301,1.3498,0,0,0.7427,0.4897,3.0763,HLA-A*03:01,31511069,PIYIPSRLCK,PIDIPSRLCK,0,0,1741.0,1732.0,False,Conserved,-3,PIYPSRLCK,-1,PIYPSRLCK,2,-1.0,PIIPSRLCK,0.08272500000000005,PIYIPSRLCK,PIYIPSRLCK,PIDIPSRLCK,Negative,10,10,10,10,10,10,"0,1,8",0.917275,2,0.6931471805599453,substitution,0.0,2.2790783819825156,Negative,1,cedar,1.3498,PIDIPSRLCK,3.0763,PIIPSRLCK,True,0.16369686064410482
PPSLLWMNL,HLA-B0702,2.5442,0,0,2.7071,0.2473,33.1818,HLA-B*07:02,27198675,PPSLLWMNL,PPSLLWMNP,0,0,286.0,278.0,True,Conserved,-3,PPSLLWMNL,-3,PPSLLWMNL,8,1.3862943611198906,PPSLLWMNP,0.036116999999999955,PPSLLWMNL,PPSLLWMNL,PPSLLWMNP,Negative,9,9,9,9,9,9,"1,8",0.963883,8,1.3862943611198906,substitution,0.0,13.042135052275766,Negative,1,cedar,2.5442,PPSLLWMNP,33.1818,PPSLLWMNP,True,0.22366244092093834
PSLLWMNLFV,HLA-A0201,0.433,1,0,1.4538,0.6705,0.2044,HLA-A*02:01,27198675,SLLWMNLFV,SLLWMNPFV,1,1,288.0,279.0,False,Conserved,-3,SLLWMNLFV,-3,SLLWMNLFV,6,1.3862943611198906,SLLWMNPFV,0.09891499999999998,SLLWMNLFV,SLLWMNLFV,SLLWMNPFV,Negative,10,9,9,9,9,10,"1,3,8",0.901085,7,1.3862943611198906,substitution,0.0,0.4720554272517321,Negative,1,cedar,9.6765,PSLLWMNPFV,8.5556,SLLWMNPFV,True,0.33073922297008357
QLCDVMFYL,HLA-A0201,0.1197,1,0,0.0371,0.9239,0.182,HLA-A*02:01,"29720506,29720506,29720506,29720506,29720506",QLCDVMFYL,QLRDVMFYL,0,0,540.0,532.0,False,Conserved,-3,QLCDVMFYL,-3,QLCDVMFYL,2,0.6931471805599453,QLRDVMFYL,0.10975800000000002,QLCDVMFYL,QLCDVMFYL,QLRDVMFYL,Positive,9,9,9,9,9,9,"1,3,8",0.890242,2,0.6931471805599453,substitution,1.0,1.5204678362573099,"Positive_all,Positive_all,Positive_all,Positive_all,Positive_all",5,cedar,0.1197,QLRDVMFYL,0.182,QLRDVMFYL,True,0.5532700065066083
QLFARARPM,HLA-B0801,0.3426,0,0,0.0824,0.6353,0.5132,HLA-B*08:01,33479501,QLFARARPM,RLFARARPM,0,0,16.0,8.0,False,Conserved,1,QLFARARPM,1,QLFARARPM,0,0.6931471805599453,RLFARARPM,0.017124999999999946,QLFARARPM,QLFARARPM,RLFARARPM,Negative,9,9,9,9,9,9,"1,4,8",0.982875,0,0.6931471805599453,substitution,0.0,1.4979568009340338,Negative,1,cedar,0.3426,RLFARARPM,0.5132,RLFARARPM,True,0.09899186434536413
QLFSLPPVLR,HLA-A1101,0.5909,0,0,0.375,0.5687,0.5796,HLA-A*11:01,"34270940,34270940",QLFSLPPVLR,QLFSQPPVLR,0,0,1121.0,1112.0,False,Conserved,-2,QLFSPPVLR,5,QLFSPPVLR,-1,,QLFSPPVLR,0.07873200000000002,QLFSLPPVLR,QLFSLPPVLR,QLFSQPPVLR,Negative,10,10,10,10,10,10,"0,1,8",0.921268,4,0.6931471805599453,substitution,0.0,0.9808766288712134,"Negative,Negative",2,cedar,0.5909,QLFSQPPVLR,0.5796,QLFSPPVLR,True,0.19157056640434325
QLIPRLFFA,HLA-A0201,0.0971,0,0,0.0569,0.8272,12.4172,HLA-A*02:01,31511069,QLIPRLFFA,QPIPRLFFA,0,0,799.0,791.0,True,Improved,-3,QLIPRLFFA,-3,QLIPRLFFA,1,1.3862943611198906,QPIPRLFFA,0.06826100000000002,QLIPRLFFA,QLIPRLFFA,QPIPRLFFA,Negative,9,9,9,9,9,9,"1,3,8",0.931739,1,1.3862943611198906,substitution,0.0,127.88053553038104,Negative,1,cedar,0.0971,QPIPRLFFA,12.4172,QPIPRLFFA,True,0.3746279364723668
QLWVDSTPL,HLA-B3901,3.9775,0,0,0.5774,0.7844,38.5714,HLA-B*39:01,"34244308,34244308",QLWVDSTPL,QLWVDSTPP,0,0,152.0,144.0,True,Conserved,-3,QLWVDSTPL,-3,QLWVDSTPL,8,1.3862943611198906,QLWVDSTPP,0.03595400000000004,QLWVDSTPL,QLWVDSTPL,QLWVDSTPP,Negative,9,9,9,9,9,9,"1,8",0.964046,8,1.3862943611198906,substitution,0.0,9.697397862979258,"Negative,Negative",2,cedar,3.9775,QLWVDSTPP,38.5714,QLWVDSTPP,True,0.13488847872806578
QLYKCEHCGK,HLA-A1101,3.6501,0,0,0.294,0.6013,3.6018,HLA-A*11:01,"34270940,34270940",QLYKCEHCGK,QLYKCEQCGK,0,0,399.0,390.0,True,Conserved,0,QLYKEHCGK,-5,QLYKCEHGK,"4,5,6",0.6931471805599453,QLYKEQCGK,0.07851200000000003,QLYKCEHCGK,QLYKCEHCGK,QLYKCEQCGK,Negative,10,10,10,10,10,10,"0,1,8",0.921488,6,1.3862943611198906,substitution,0.0,0.9867674858223062,"Negative,Negative",2,cedar,3.6501,QLYKCEQCGK,3.6018,QLYKEQCGK,True,0.12907643014077877
QPPALSPSY,HLA-B3501,0.0421,0,0,0.2767,0.5678,0.0332,HLA-B*35:01,33479501,QPPALSPSY,QPPAPSPSY,0,0,305.0,297.0,False,Conserved,-3,QPPALSPSY,-3,QPPALSPSY,4,1.3862943611198906,QPPAPSPSY,0.10301300000000002,QPPALSPSY,QPPALSPSY,QPPAPSPSY,Negative,9,9,9,9,9,9,"1,8",0.896987,4,1.3862943611198906,substitution,0.0,0.7885985748218528,Negative,1,cedar,0.0421,QPPAPSPSY,0.0332,QPPAPSPSY,True,0.1068666457493796
QQFAVGSYV,HLA-A0201,1.3606,1,0,0.0206,0.4751,1.9972,HLA-A*02:01,"27198675,27198675,27198675,27198675,27198675,27198675,27198675",QQFAVGSYV,QQFAVGSHV,0,0,470.0,462.0,False,Conserved,2,QQFAVGSYV,2,QQFAVGSYV,7,0.6931471805599453,QQFAVGSHV,0.04373000000000005,QQFAVGSYV,QQFAVGSYV,QQFAVGSHV,Positive,9,9,9,9,9,9,"1,3,8",0.95627,7,0.6931471805599453,substitution,0.4285714285714285,1.4678818168455094,"Positive_all,Positive_all,Positive_all,Negative,Negative,Negative,Negative",7,cedar,1.3606,QQFAVGSHV,1.9972,QQFAVGSHV,True,0.16775061277845293
QSAYCGWKVRK,HLA-A1101,0.4691,0,0,1.6788,0.4222,0.3938,HLA-A*11:01,27198675,SAYCGWKVRK,SAYRGWKVRK,1,1,1892.0,1882.0,False,Conserved,-3,QSAGWKVRK,5,SAYGWKVRK,-1,,SAYGWKVRK,0.12301399999999996,QSAYCGWKVRK,SAYCGWKVRK,SAYRGWKVRK,Negative,11,10,10,10,10,11,"0,1,8",0.876986,4,0.6931471805599453,substitution,0.0,0.8394798550415689,Negative,1,cedar,1.8105,QSAYRGWKVRK,1.7926,QSAGWKVRK,True,0.10896474779777575
QTDTRPWSGPY,HLA-A0101,0.0367,0,0,0.0338,0.6718,0.2717,HLA-A*01:01,32314731,QTDTRPWSGPY,RADTRPWSGPY,0,0,75.0,65.0,True,Conserved,1,QTDTRPWSY,1,QTDTRPWSY,"0,1",1.791759469228055,RADTRPWSY,0.030372999999999983,QTDTRPWSGPY,QTDTRPWSGPY,RADTRPWSGPY,Negative,11,11,11,11,11,11,"1,2,8",0.969627,"0,1",1.791759469228055,substitution,0.0,7.403269754768392,Negative,1,cedar,0.0367,RADTRPWSGPY,0.2717,RADTRPWSY,True,0.14280885531407314
QTRLKGSLK,HLA-A3001,0.0572,0,0,0.0547,0.751,0.06,HLA-A*30:01,24323902,QTRLKGSLK,QTRVKGSLK,0,0,237.0,229.0,False,Conserved,1,QTRLKGSLK,1,QTRLKGSLK,3,1.791759469228055,QTRVKGSLK,0.038050999999999946,QTRLKGSLK,QTRLKGSLK,QTRVKGSLK,Negative,9,9,9,9,9,9,"0,1,2,8",0.961949,3,1.791759469228055,substitution,0.0,1.048951048951049,Negative,1,cedar,0.0572,QTRVKGSLK,0.06,QTRVKGSLK,True,0.12884996788945283
QVAEKMEKK,HLA-A1101,0.1501,0,0,0.9029,0.5152,1.0847,HLA-A*11:01,27198675,QVAEKMEKK,QVAEKMEKR,0,0,43.0,35.0,True,Improved,2,QVAEKMEKK,2,QVAEKMEKK,8,0.6931471805599453,QVAEKMEKR,0.01070199999999999,QVAEKMEKK,QVAEKMEKK,QVAEKMEKR,Negative,9,9,9,9,9,9,"0,1,8",0.989298,8,0.6931471805599453,substitution,0.0,7.22651565622918,Negative,1,cedar,0.1501,QVAEKMEKR,1.0847,QVAEKMEKR,True,0.1816402310322656
RAFFVKFEV,HLA-A0201,2.0671,0,0,0.0593,0.6155,0.9811,HLA-A*02:01,27198675,RAFFVKFEV,RAFSVKFEV,0,0,121.0,113.0,True,Conserved,-2,RAFFVKFEV,-2,RAFFVKFEV,3,0.6931471805599453,RAFSVKFEV,0.08726400000000001,RAFFVKFEV,RAFFVKFEV,RAFSVKFEV,Negative,9,9,9,9,9,9,"1,3,8",0.912736,3,0.6931471805599453,substitution,0.0,0.47462628803637946,Negative,1,cedar,2.0671,RAFSVKFEV,0.9811,RAFSVKFEV,True,0.1889757763678903
RARGRPRKTKL,HLA-B0702,0.8997,0,0,3.6083,0.3614,4.9938,HLA-B*07:02,27198675,RGRPRKTKL,RARGRPRKT,2,0,1197.0,1187.0,True,Improved,-3,RARGPRKTK,-5,RGRPRKTKL,"1,3,5,6,8",1.791759469228055,RARGRPRKT,0.12388999999999994,RARGRPRKTK,RGRPRKTKL,RARGRPRKT,Negative,11,9,9,9,9,11,"1,8",0.87611,10,1.3862943611198906,substitution,0.0,5.550516838946315,Negative,1,cedar,1.5513,RARGRPRKTKP,18.961,RARPRKTKP,True,0.0775023350514307
RAYQDKWAEK,HLA-A1101,0.4162,0,0,0.1927,0.6707,1.2865,HLA-A*11:01,27198675,RAYQDKWAEK,RAHQDKWAEK,0,0,247.0,238.0,False,Conserved,2,RAYDKWAEK,-1,RAYDKWAEK,2,-1.0,RAQDKWAEK,0.05254700000000001,RAYQDKWAEK,RAYQDKWAEK,RAHQDKWAEK,Negative,10,10,10,10,10,10,"0,1,8",0.947453,2,0.6931471805599453,substitution,0.0,3.0910619894281592,Negative,1,cedar,0.4162,RAHQDKWAEK,1.2865,RAQDKWAEK,True,0.11497972586602948
RDLRPPGLLR,HLA-A0301,0.0759,0,0,0.2548,0.688,0.1353,HLA-A*03:01,33479501,RDLRPPGLLR,RDLRPPGPLR,0,0,491.0,482.0,False,Conserved,-3,RLRPPGLLR,-3,RLRPPGLLR,6,1.3862943611198906,RLRPPGPLR,0.07628299999999999,RDLRPPGLLR,RDLRPPGLLR,RDLRPPGPLR,Negative,10,10,10,10,10,10,"0,1,8",0.923717,7,1.3862943611198906,substitution,0.0,1.782608695652174,Negative,1,cedar,0.0759,RDLRPPGPLR,0.1353,RLRPPGPLR,True,0.28803972242012865
RFLHDLHLL,HLA-A2402,0.1457,1,0,0.1608,0.6008,1.4425,HLA-A*24:02,31243155,RFLHDLHLL,RLLHDLHLL,0,0,163.0,155.0,True,Improved,0,RFLHDLHLL,0,RFLHDLHLL,1,1.791759469228055,RLLHDLHLL,0.03785099999999997,RFLHDLHLL,RFLHDLHLL,RLLHDLHLL,Positive,9,9,9,9,9,9,"1,8",0.962149,1,1.791759469228055,substitution,1.0,9.90048043925875,Positive_all,1,cedar,0.1457,RLLHDLHLL,1.4425,RLLHDLHLL,True,0.3431628794415991
RFRHREDRPF,HLA-A2402,3.6928,0,0,1.2747,0.4203,2.2246,HLA-A*24:02,27198675,RFRHREDRPF,RFRHSEDRPF,0,0,284.0,275.0,False,Conserved,-1,RRHREDRPF,-1,RFHREDRPF,3,1.791759469228055,RFHSEDRPF,0.064415,RFRHREDRPF,RFRHREDRPF,RFRHSEDRPF,Negative,10,10,10,10,10,10,"1,8",0.935585,4,1.791759469228055,substitution,0.0,0.6024155112651647,Negative,1,cedar,3.6928,RFRHSEDRPF,2.2246,RFHSEDRPF,True,0.109549875498796
RGRPRKTKL,HLA-B0702,0.8997,0,0,1.2961,0.3439,11.3109,HLA-B*07:02,27198675,RGRPRKTKL,RGRPRKTKP,0,0,1197.0,1189.0,True,Improved,-3,RGRPRKTKL,-3,RGRPRKTKL,8,1.3862943611198906,RGRPRKTKP,0.029529999999999945,RGRPRKTKL,RGRPRKTKL,RGRPRKTKP,Negative,9,9,9,9,9,9,"1,8",0.97047,8,1.3862943611198906,substitution,0.0,12.57185728576192,Negative,1,cedar,0.8997,RGRPRKTKP,11.3109,RGRPRKTKP,True,0.09364617563217924
RGYWFVNFETK,HLA-A1101,3.5919,0,0,1.4046,0.4723,4.2606,HLA-A*11:01,"34270940,34270940",RGYWFVNFETK,YCFVNFETK,0,2,79.0,69.0,True,Conserved,-2,RGYWFVNTK,-9,RGYWFVNTK,"0,1,2,3,4,5,6",1.791759469228055,YCFVNFETK,0.163794,RGYWFVNFETK,RGYWFVNFETK,YCFVNFETK,Negative,11,11,9,11,9,11,"0,1,8",0.836206,3,0.6931471805599453,substitution,0.0,1.186168879979955,"Negative,Negative",2,cedar,3.5919,RGYCFVNFETK,4.6361,RGYCFVNFK,True,0.11251715862600024
RIAQCFLRV,HLA-A0201,1.2625,0,0,0.3025,0.3049,3.0697,HLA-A*02:01,31511069,RIAQCFLRV,RTAQCFLRV,0,0,1232.0,1224.0,True,Conserved,-1,RIAQCFLRV,-1,RIAQCFLRV,1,1.0986122886681098,RTAQCFLRV,0.04328900000000002,RIAQCFLRV,RIAQCFLRV,RTAQCFLRV,Negative,9,9,9,9,9,9,"1,3,8",0.956711,1,1.0986122886681098,substitution,0.0,2.4314455445544554,Negative,1,cedar,1.2625,RTAQCFLRV,3.0697,RTAQCFLRV,True,0.1529777880052231
RLADAEKLFQL,HLA-A0201,0.1035,0,0,0.2991,0.7659,0.1174,HLA-A*02:01,30556813,RLADAEKLFQL,RLADAERLFQL,0,0,561.0,551.0,False,Conserved,2,RLADALFQL,4,RLADALFQL,-1,,RLADALFQL,0.02870600000000001,RLADAEKLFQL,RLADAEKLFQL,RLADAERLFQL,Negative,11,11,11,11,11,11,"1,3,8",0.971294,6,0.6931471805599453,substitution,0.0,1.1342995169082126,Negative,1,cedar,0.1035,RLADAERLFQL,0.1174,RLADALFQL,True,0.16969739773758805
RLPVGAYEV,HLA-A0201,0.2948,0,0,0.1187,0.4652,0.3507,HLA-A*02:01,"34244308,34244308",RLPVGAYEV,LLPVGAYEV,0,0,36.0,28.0,False,Conserved,-2,RLPVGAYEV,-2,RLPVGAYEV,0,1.3862943611198906,LLPVGAYEV,0.02792300000000003,RLPVGAYEV,RLPVGAYEV,LLPVGAYEV,Negative,9,9,9,9,9,9,"1,3,8",0.972077,0,1.3862943611198906,substitution,0.0,1.1896200814111262,"Negative,Negative",2,cedar,0.2948,LLPVGAYEV,0.3507,LLPVGAYEV,True,0.15187492400956748
RLVSEGNLLEV,HLA-A0201,0.4028,0,0,0.6305,0.6427,0.419,HLA-A*02:01,31511069,RLVSEGNLLEV,RLVSERNLLEV,0,0,350.0,340.0,False,Conserved,-2,RLVSELLEV,4,RLVSELLEV,-1,,RLVSELLEV,0.07295099999999999,RLVSEGNLLEV,RLVSEGNLLEV,RLVSERNLLEV,Negative,11,11,11,11,11,11,"1,3,8",0.927049,5,1.791759469228055,substitution,0.0,1.0402184707050646,Negative,1,cedar,0.4028,RLVSERNLLEV,0.419,RLVSELLEV,True,0.1615516473071542
RLYEFIVGHFL,HLA-A0201,0.1604,0,0,0.1526,0.8775,0.205,HLA-A*02:01,31511069,RLYEFIVGHFL,RLYEFIVRHFL,0,0,135.0,125.0,False,Conserved,-2,RLYEFIHFL,4,RLYEFIHFL,-1,,RLYEFIHFL,0.06835000000000002,RLYEFIVGHFL,RLYEFIVGHFL,RLYEFIVRHFL,Negative,11,11,11,11,11,11,"1,3,8",0.93165,7,1.791759469228055,substitution,0.0,1.2780548628428927,Negative,1,cedar,0.1604,RLYEFIVRHFL,0.205,RLYEFIHFL,True,0.3838199125470351
RPPPSRPISPA,HLA-B0702,0.2213,0,0,0.4833,0.3246,0.2213,HLA-B*07:02,27198675,RPPPSRPI,RPPPSRPI,0,0,843.0,833.0,False,Conserved,-1,RPPPPISPA,4,RP-PPSRPI,-1,,RP-PPSRPI,0.0,RPPPSRPISPA,RPPPSRPI,RPPPSRPI,Negative,11,8,8,8,8,11,"1,8",1.0,8,1.3862943611198906,substitution,0.0,1.0,Negative,1,cedar,0.4264,RPPPSRPIPPA,0.5894,RPPPSRPPA,True,0.12455321680504777
RPRCLCTAV,HLA-B0702,0.1937,1,0,0.008,0.8715,0.0227,HLA-B*07:02,"26631611,26631611",RPRCLCTAV,RPRCLRTAV,0,0,1449.0,1441.0,False,Conserved,-3,RPRCLCTAV,-3,RPRCLCTAV,5,0.6931471805599453,RPRCLRTAV,0.12898299999999996,RPRCLCTAV,RPRCLCTAV,RPRCLRTAV,Positive,9,9,9,9,9,9,"1,8",0.871017,5,0.6931471805599453,substitution,0.5,0.11719153329891585,"Positive_all,Negative",2,cedar,0.1937,RPRCLRTAV,0.0227,RPRCLRTAV,True,0.19446229035599666
RRASKARLP,HLA-C0602,1.3109,0,0,1.9659,0.3572,1.1972,HLA-C*06:02,"34244308,34244308",RRASKARL,RRASKALL,0,0,30.0,22.0,False,Conserved,-2,RRASKARLP,-2,RRASKAR-L,6,1.3862943611198906,RRASKAL-L,0.05602099999999999,RRASKARLP,RRASKARL,RRASKALL,Negative,9,8,8,8,8,9,"1,8",0.943979,6,1.3862943611198906,substitution,0.0,0.9132656953238234,"Negative,Negative",2,cedar,4.9054,RRASKALLP,5.1893,RRASKALLP,True,0.06856937253983868
RTAECFLRV,HLA-A0201,1.1027,0,0,0.0099,0.7189,3.0697,HLA-A*02:01,31511069,RTAECFLRV,RTAQCFLRV,0,0,1232.0,1224.0,True,Conserved,2,RTAECFLRV,2,RTAECFLRV,3,0.6931471805599453,RTAQCFLRV,0.047541000000000055,RTAECFLRV,RTAECFLRV,RTAQCFLRV,Negative,9,9,9,9,9,9,"1,3,8",0.952459,3,0.6931471805599453,substitution,0.0,2.78380339167498,Negative,1,cedar,1.1027,RTAQCFLRV,3.0697,RTAQCFLRV,True,0.13698647684231163
RTDVKAYNVT,HLA-C0501,0.2071,1,0,3.8846,0.132,0.382,HLA-C*05:01,"31351799,31351799",RTDVKAYNV,RTDVKAYDV,0,0,639.0,630.0,False,Conserved,1,RTDKAYNVT,1,RTDVKAYNV,7,0.6931471805599453,RTDVKAYDV,0.037031999999999954,RTDVKAYNVT,RTDVKAYNV,RTDVKAYDV,Positive,10,9,9,9,9,10,"1,2,8",0.962968,7,0.6931471805599453,substitution,1.0,1.8445195557701592,"Positive_all,Positive_all",2,cedar,12.0523,RTDVKAYDVT,17.9,RTDVKAYVT,True,0.172880876824183
RTNTGILETLK,HLA-A0302,0.0736,1,0,0.3357,0.5878,0.1638,HLA-A*03:02,"26631611,26631611",RTNTGILETLK,RTNTDILETLK,0,0,89.0,79.0,False,Conserved,-1,RTNTGILLK,-1,RTNTGILLK,4,0.6931471805599453,RTNTDILLK,0.06251300000000004,RTNTGILETLK,RTNTGILETLK,RTNTDILETLK,Positive,11,11,11,11,11,11,"0,1,8",0.937487,4,0.6931471805599453,substitution,0.5,2.2255434782608696,"Positive_all,Negative",2,cedar,0.0736,RTNTDILETLK,0.1638,RTNTDILLK,True,0.31518447989299087
RTVPYILRV,HLA-A0201,0.2469,0,0,0.0068,0.8075,0.1573,HLA-A*02:01,31511069,RTVPYILRV,RTVPYIFRV,0,0,74.0,66.0,False,Conserved,0,RTVPYILRV,0,RTVPYILRV,6,1.791759469228055,RTVPYIFRV,0.052714999999999956,RTVPYILRV,RTVPYILRV,RTVPYIFRV,Negative,9,9,9,9,9,9,"1,3,8",0.947285,6,1.791759469228055,substitution,0.0,0.6371000405022276,Negative,1,cedar,0.2469,RTVPYIFRV,0.1573,RTVPYIFRV,True,0.24264417080364234
RVQQIVIHREY,HLA-B1501,0.021,0,0,0.7726,0.4744,0.021,HLA-B*15:01,27198675,QQIVIHREY,QQIVIHREY,2,2,718.0,708.0,False,Conserved,-2,RVQQIVREY,7,QQIVIHREY,-1,,QQIVIHREY,0.0,RVQQIVIHREY,QQIVIHREY,QQIVIHREY,Negative,11,9,9,9,9,11,"1,8",1.0,0,1.791759469228055,substitution,0.0,1.0,Negative,1,cedar,0.5515,GVQQIVIHREY,0.7788,GQIVIHREY,True,0.25657383434661285
RVRVMAIYK,HLA-A1101,0.2755,1,0,0.0052,0.9178,0.1388,HLA-A*11:01,"29545564,29545564",RVRVMAIYK,RVRAMAIYK,0,0,164.0,156.0,False,Conserved,0,RVRVMAIYK,0,RVRVMAIYK,3,1.3862943611198906,RVRAMAIYK,0.045772000000000035,RVRVMAIYK,RVRVMAIYK,RVRAMAIYK,Positive,9,9,9,9,9,9,"0,1,8",0.954228,3,1.3862943611198906,substitution,0.5,0.5038112522686026,"Positive_all,Negative",2,cedar,0.2755,RVRAMAIYK,0.1388,RVRAMAIYK,True,0.23761907943554114
RVYKCIFNH,HLA-A0301,0.249,1,0,0.3172,0.5936,0.3489,HLA-A*03:01,32226429,RVYKCIFNH,RVYKCLFNH,0,0,340.0,332.0,False,Conserved,2,RVYKCIFNH,2,RVYKCIFNH,5,1.3862943611198906,RVYKCLFNH,0.03713900000000003,RVYKCIFNH,RVYKCIFNH,RVYKCLFNH,Positive,9,9,9,9,9,9,"0,1,8",0.962861,5,1.3862943611198906,substitution,1.0,1.4012048192771085,Positive_all,1,cedar,0.249,RVYKCLFNH,0.3489,RVYKCLFNH,True,0.29595879921393675
RVYKCIFNHK,HLA-A0301,0.0561,1,0,0.0137,0.805,0.0797,HLA-A*03:01,32226429,RVYKCIFNHK,RVYKCLFNHK,0,0,341.0,332.0,False,Conserved,2,RVYKIFNHK,2,RVYKIFNHK,4,1.3862943611198906,RVYKLFNHK,0.03417700000000001,RVYKCIFNHK,RVYKCIFNHK,RVYKCLFNHK,Positive,10,10,10,10,10,10,"0,1,8",0.965823,5,1.3862943611198906,substitution,1.0,1.4206773618538324,Positive_all,1,cedar,0.0561,RVYKCLFNHK,0.0797,RVYKLFNHK,True,0.3865653448007772
RYVLHVVAA,HLA-A6801,29.4091,0,0,1.2277,0.2565,46.0,HLA-A*68:01,30556813,RYVLHVVAA,YVLHVVAP,0,1,438.0,430.0,True,Conserved,-1,RYVLHVVAA,-15,RYVLHVVAA,"0,1,2,3,4,6,7,8",2.5649493574615367,YVLHVVAP-,0.07694500000000004,RYVLHVVAA,RYVLHVVAA,YVLHVVAP,Negative,9,9,8,9,8,9,"0,1,8",0.923055,8,1.3862943611198906,substitution,0.0,1.5641417112390383,Negative,1,cedar,29.4091,RYVLHVVAP,46.3333,RYVLHVVAP,True,0.27137522313873347
SAYCGWKVRK,HLA-A1101,0.4691,0,0,0.2174,0.671,0.3938,HLA-A*11:01,27198675,SAYCGWKVRK,SAYRGWKVRK,0,0,1892.0,1883.0,False,Conserved,-3,SAYGWKVRK,5,SAYGWKVRK,-1,,SAYGWKVRK,0.12301399999999996,SAYCGWKVRK,SAYCGWKVRK,SAYRGWKVRK,Negative,10,10,10,10,10,10,"0,1,8",0.876986,3,0.6931471805599453,substitution,0.0,0.8394798550415689,Negative,1,cedar,0.4691,SAYRGWKVRK,0.3938,SAYGWKVRK,True,0.1453258950267066
SIGPELPTPEV,HLA-A0201,0.8389,0,0,2.8205,0.4486,1.1442,HLA-A*02:01,31511069,SIGPELPTPEV,SIGPELPKPEV,0,0,73.0,63.0,False,Conserved,-1,SIGPELPTV,-1,SIGPELPTV,7,-1.0,SIGPELPEV,0.048176,SIGPELPTPEV,SIGPELPTPEV,SIGPELPKPEV,Negative,11,11,11,11,11,11,"1,3,8",0.951824,7,0.6931471805599453,substitution,0.0,1.3639289545833833,Negative,1,cedar,0.8389,SIGPELPKPEV,1.1442,SIGPELPEV,True,0.07797833692763072
SLAATPEIRV,HLA-A0201,0.5873,0,0,0.6595,0.6955,10.845,HLA-A*02:01,31511069,SLAATPEIRV,SPAATPEIRV,0,0,257.0,248.0,True,Improved,-3,SLAATPIRV,-3,SLAATPIRV,"1,3,4,5",2.0794415416798357,SAATPEIRV,0.04342199999999996,SLAATPEIRV,SLAATPEIRV,SPAATPEIRV,Negative,10,10,10,10,10,10,"1,3,8",0.956578,1,1.3862943611198906,substitution,0.0,18.465860718542483,Negative,1,cedar,0.5873,SPAATPEIRV,10.845,SAATPEIRV,True,0.11271341767041809
SLFWQTAMV,HLA-A0210,0.386,0,0,0.0312,0.8765,0.7209,HLA-A*02:10,33208106,SLFWQTAMV,SLFWLTAMV,0,0,18.0,10.0,False,Conserved,-2,SLFWQTAMV,-2,SLFWQTAMV,4,0.6931471805599453,SLFWLTAMV,0.09273500000000001,SLFWQTAMV,SLFWQTAMV,SLFWLTAMV,Negative,9,9,9,9,9,9,"1,3,8",0.907265,4,0.6931471805599453,substitution,0.0,1.8676165803108808,Negative,1,cedar,0.386,SLFWLTAMV,0.7209,SLFWLTAMV,True,0.1836718189959556
SLLGAEGVPV,HLA-A0201,0.7638,0,0,0.2902,0.7228,1.7162,HLA-A*02:01,31511069,SLLGAEGVPV,SLSGAEGVPV,0,0,467.0,458.0,False,Conserved,-2,SLLGEGVPV,-2,SLLGEGVPV,2,0.6931471805599453,SLSGEGVPV,0.049232000000000053,SLLGAEGVPV,SLLGAEGVPV,SLSGAEGVPV,Negative,10,10,10,10,10,10,"1,3,8",0.950768,2,0.6931471805599453,substitution,0.0,2.2469232783451165,Negative,1,cedar,0.7638,SLSGAEGVPV,1.7162,SLSGEGVPV,True,0.09372328026041522
SLLWMNLFV,HLA-A0201,0.433,1,0,0.0549,0.9129,0.2044,HLA-A*02:01,"30418433,27198675",SLLWMNLFV,SLLWMNPFV,0,0,288.0,280.0,False,Conserved,-3,SLLWMNLFV,-3,SLLWMNLFV,6,1.3862943611198906,SLLWMNPFV,0.09891499999999998,SLLWMNLFV,SLLWMNLFV,SLLWMNPFV,Positive,9,9,9,9,9,9,"1,3,8",0.901085,6,1.3862943611198906,substitution,0.5,0.4720554272517321,"Positive_all,Negative",2,cedar,0.433,SLLWMNPFV,0.2044,SLLWMNPFV,True,0.34491711629115873
SLNSEEKLDSV,HLA-A0201,0.638,0,0,0.9919,0.651,2.3335,HLA-A*02:01,27198675,SLNSEEKLDSV,SLNSEEKLDSA,0,0,425.0,415.0,True,Improved,0,SLNEKLDSV,0,SLNEKLDSV,8,1.3862943611198906,SLNEKLDSA,0.007704000000000044,SLNSEEKLDSV,SLNSEEKLDSV,SLNSEEKLDSA,Negative,11,11,11,11,11,11,"1,3,8",0.992296,10,1.3862943611198906,substitution,0.0,3.6575235109717865,Negative,1,cedar,0.638,SLNSEEKLDSA,2.3335,SLNEKLDSA,True,0.09717086973707284
SLPMKNFPV,HLA-A0201,0.5789,1,0,0.0848,0.5098,0.2962,HLA-A*02:01,33123756,SLPMKNFPV,SLPTKNFPV,0,0,695.0,687.0,True,Conserved,-1,SLPMKNFPV,-1,SLPMKNFPV,3,0.0,SLPTKNFPV,0.07749300000000003,SLPMKNFPV,SLPMKNFPV,SLPTKNFPV,Positive,9,9,9,9,9,9,"1,3,8",0.922507,3,0.0,substitution,1.0,0.5116600449127656,Positive_all,1,cedar,0.5789,SLPTKNFPV,0.2962,SLPTKNFPV,True,0.08179635097165366
SLQPRGSFK,HLA-A0301,0.0258,0,0,0.049,0.712,1.0976,HLA-A*03:01,34518289,SLQPRGSFK,PLQPRGSFK,0,0,982.0,974.0,True,Improved,-1,SLQPRGSFK,-1,SLQPRGSFK,0,1.3862943611198906,PLQPRGSFK,0.027630000000000043,SLQPRGSFK,SLQPRGSFK,PLQPRGSFK,Negative,9,9,9,9,9,9,"0,1,8",0.97237,0,1.3862943611198906,substitution,0.0,42.542635658914726,Negative,1,cedar,0.0258,PLQPRGSFK,1.0976,PLQPRGSFK,True,0.11013821148629897
SLRSHHYSL,HLA-B0801,0.0063,1,0,0.0062,0.8566,1.2925,HLA-B*08:01,"31685621,31685621,31685621",SLRSHHYSL,SLRSHHYSP,0,0,134.0,126.0,True,Improved,-3,SLRSHHYSL,-3,SLRSHHYSL,8,1.3862943611198906,SLRSHHYSP,0.03317899999999996,SLRSHHYSL,SLRSHHYSL,SLRSHHYSP,Positive,9,9,9,9,9,9,"1,4,8",0.966821,8,1.3862943611198906,substitution,1.0,205.15873015873015,"Positive_all,Positive_all,Positive_all",3,cedar,0.0063,SLRSHHYSP,1.2925,SLRSHHYSP,True,0.24066482704999378
SLSRHASLLY,HLA-A0301,0.5804,0,0,0.061,0.6834,0.7803,HLA-A*03:01,31511069,SLSRHASLLY,SLSRHAALLY,0,0,639.0,630.0,False,Conserved,1,SSRHASLLY,1,SLRHASLLY,5,1.3862943611198906,SLRHAALLY,0.02858000000000005,SLSRHASLLY,SLSRHASLLY,SLSRHAALLY,Negative,10,10,10,10,10,10,"0,1,8",0.97142,6,1.3862943611198906,substitution,0.0,1.3444176430048242,Negative,1,cedar,0.5804,SLSRHAALLY,0.7803,SLRHAALLY,True,0.12478520496926462
SLSSFRIHER,HLA-A1101,1.6702,0,0,0.1353,0.7362,1.0575,HLA-A*11:01,27198675,SLSSFRIHER,SLSPFRIHER,0,0,412.0,403.0,False,Conserved,-1,SLSSFRIHR,-1,SLSSFIHER,3,1.3862943611198906,SLSPFIHER,0.07049499999999997,SLSSFRIHER,SLSSFRIHER,SLSPFRIHER,Negative,10,10,10,10,10,10,"0,1,8",0.929505,3,1.3862943611198906,substitution,0.0,0.6331577056639924,Negative,1,cedar,1.6702,SLSPFRIHER,1.0575,SLSPFIHER,True,0.11051139463214436
SMIQMLFYM,HLA-A0201,0.7563,0,0,0.1049,0.8932,2.9162,HLA-A*02:01,31511069,SMIQMLFYM,STIQMLFYM,0,0,239.0,231.0,True,Improved,-1,SMIQMLFYM,-1,SMIQMLFYM,1,0.0,STIQMLFYM,0.03918900000000003,SMIQMLFYM,SMIQMLFYM,STIQMLFYM,Negative,9,9,9,9,9,9,"1,3,8",0.960811,1,0.0,substitution,0.0,3.855877297368769,Negative,1,cedar,0.7563,STIQMLFYM,2.9162,STIQMLFYM,True,0.49003250242984514
SPILWYAPESL,HLA-B0702,0.3546,0,0,0.4626,0.2643,0.3871,HLA-B*07:02,31511069,SPILWYAPESL,SPIFWYAPESL,0,0,999.0,989.0,False,Conserved,0,SPILAPESL,0,SPILAPESL,3,1.791759469228055,SPIFAPESL,0.048858999999999986,SPILWYAPESL,SPILWYAPESL,SPIFWYAPESL,Negative,11,11,11,11,11,11,"1,8",0.951141,3,1.791759469228055,substitution,0.0,1.0916525662718555,Negative,1,cedar,0.3546,SPIFWYAPESL,0.3871,SPIFAPESL,True,0.11771191975581491
SSMESRLLK,HLA-A1101,0.0067,0,0,0.009,0.8567,0.0034,HLA-A*11:01,33262196,SSMESRLLK,SSMESLLLK,0,0,250.0,242.0,False,Conserved,-2,SSMESRLLK,-2,SSMESRLLK,5,1.3862943611198906,SSMESLLLK,0.06932099999999997,SSMESRLLK,SSMESRLLK,SSMESLLLK,Negative,9,9,9,9,9,9,"0,1,8",0.930679,5,1.3862943611198906,substitution,0.0,0.5074626865671641,Negative,1,cedar,0.0067,SSMESLLLK,0.0034,SSMESLLLK,True,0.20244063159991155
SSRTRHYVTL,HLA-B0801,0.5703,0,0,0.1461,0.5734,0.3721,HLA-B*08:01,33479501,SRTRHYVTL,SRTRHHVTL,1,1,271.0,262.0,False,Conserved,2,SSRTRHVTL,2,SRTRHYVTL,5,0.6931471805599453,SRTRHHVTL,0.06766399999999995,SSRTRHYVTL,SRTRHYVTL,SRTRHHVTL,Negative,10,9,9,9,9,10,"1,4,8",0.932336,6,0.6931471805599453,substitution,0.0,0.6524636156408907,Negative,1,cedar,0.8729,SSRTRHHVTL,0.6987,SSRTRHHTL,True,0.11363345021993106
STIARPTIGNK,HLA-A0301,0.1439,0,0,0.2514,0.6591,0.1439,HLA-A*03:01,31511069,TIARPTIGNK,TIARPTIGNK,1,1,415.0,405.0,False,Conserved,1,STIPTIGNK,5,TIARPTINK,-1,,TIARPTINK,0.0,STIARPTIGNK,TIARPTIGNK,TIARPTIGNK,Negative,11,10,10,10,10,11,"0,1,8",1.0,0,1.791759469228055,substitution,0.0,1.0,Negative,1,cedar,0.272,TTIARPTIGNK,0.7208,TTIPTIGNK,True,0.14519896475484867
STLSGEWFTF,HLA-A2402,0.3648,0,0,0.2371,0.584,0.573,HLA-A*24:02,27198675,TLSGEWFTF,STPSGEWFTF,1,0,231.0,222.0,True,Conserved,-3,STLSGEWTF,-3,TLSGEWFTF,"0,1,2,3,4",2.6390573296152584,STPSGWFTF,0.099155,STLSGEWFTF,TLSGEWFTF,STPSGEWFTF,Negative,10,9,10,9,10,10,"1,8",0.900845,2,1.3862943611198906,substitution,0.0,1.570723684210526,Negative,1,cedar,1.1405,STPSGEWFTF,0.573,STPSGWFTF,True,0.12528631135583565
STRPVLVFER,HLA-A3101,0.0173,0,0,0.0351,0.8088,0.2107,HLA-A*31:01,33262196,STRPVLVFER,STGPVLVFER,0,0,537.0,528.0,False,Conserved,-2,STRPVLVFR,-2,STRPVLVFR,2,1.791759469228055,STGPVLVFR,0.06635999999999997,STRPVLVFER,STRPVLVFER,STGPVLVFER,Negative,10,10,10,10,10,10,"0,1,8",0.93364,2,1.791759469228055,substitution,0.0,12.179190751445088,Negative,1,cedar,0.0173,STGPVLVFER,0.2107,STGPVLVFR,True,0.3020219719913306
SVFNICDVPL,HLA-A0201,4.3678,0,0,0.3635,0.5572,2.622,HLA-A*02:01,31511069,SVFNICDVPL,SVFNICDVLL,0,0,959.0,950.0,False,Conserved,-3,SVFNIDVPL,-3,SVFNIDVPL,7,1.3862943611198906,SVFNIDVLL,0.05220199999999997,SVFNICDVPL,SVFNICDVPL,SVFNICDVLL,Negative,10,10,10,10,10,10,"1,3,8",0.947798,8,1.3862943611198906,substitution,0.0,0.6003022116397271,Negative,1,cedar,4.3678,SVFNICDVLL,2.622,SVFNIDVLL,True,0.1757724341145978
SVKPHLCSL,HLA-A6802,0.8858,0,0,0.0305,0.7115,1.8817,HLA-A*68:02,30556813,SVKPHLCSL,SVKPRLCSL,0,0,128.0,120.0,False,Conserved,0,SVKPHLCSL,0,SVKPHLCSL,4,0.6931471805599453,SVKPRLCSL,0.10000500000000001,SVKPHLCSL,SVKPHLCSL,SVKPRLCSL,Negative,9,9,9,9,9,9,"0,1,8",0.899995,4,0.6931471805599453,substitution,0.0,2.124294423120343,Negative,1,cedar,0.8858,SVKPRLCSL,1.8817,SVKPRLCSL,True,0.10438054683077017
SVQDVSLFV,HLA-A0201,0.2279,1,0,0.058,0.7368,0.126,HLA-A*02:01,31511069,SVQDVSLFV,SVQDVSLYV,0,0,317.0,309.0,False,Conserved,3,SVQDVSLFV,3,SVQDVSLFV,7,0.6931471805599453,SVQDVSLYV,0.027008000000000032,SVQDVSLFV,SVQDVSLFV,SVQDVSLYV,Positive,9,9,9,9,9,9,"1,3,8",0.972992,7,0.6931471805599453,substitution,1.0,0.5528740675734972,Positive_all,1,cedar,0.2279,SVQDVSLYV,0.126,SVQDVSLYV,True,0.19632604464295556
SYLDSGIHF,HLA-A2402,0.0046,0,0,0.0969,0.6501,3.8971,HLA-A*24:02,32314731,SYLDSGIHF,SYLDSGIHS,0,0,37.0,29.0,True,Improved,-2,SYLDSGIHF,-2,SYLDSGIHF,8,0.6931471805599453,SYLDSGIHS,0.031479000000000035,SYLDSGIHF,SYLDSGIHF,SYLDSGIHS,Negative,9,9,9,9,9,9,"1,8",0.968521,8,0.6931471805599453,substitution,0.0,847.195652173913,Negative,1,cedar,0.0046,SYLDSGIHS,3.8971,SYLDSGIHS,True,0.2951185490846166
TAKQAHLTTLK,HLA-A3001,0.1092,0,0,2.4289,0.4099,0.0515,HLA-A*30:01,29895573,KQAHLTTLK,KAKQAHLTTLK,2,0,425.0,415.0,True,Conserved,-1,TAKQAHLTK,-7,KQAHLTTLK,"1,2,3,4,5,6,7",1.3862943611198906,KAKQAHLTK,0.05167900000000003,TAKQAHLTTLK,KQAHLTTLK,KAKQAHLTTLK,Negative,11,9,11,9,11,11,"0,1,2,8",0.948321,0,0.6931471805599453,substitution,0.0,0.47161172161172155,Negative,1,cedar,0.8101,KAKQAHLTTLK,0.0515,KAKQAHLTK,True,0.10211378895656756
TLFHTFYEL,HLA-A0201,0.1123,0,0,0.0391,0.9224,0.8197,HLA-A*02:01,33479501,TLFHTFYEL,TLFHTFYDL,0,0,369.0,361.0,False,Improved,2,TLFHTFYEL,2,TLFHTFYEL,7,1.3862943611198906,TLFHTFYDL,0.033053,TLFHTFYEL,TLFHTFYEL,TLFHTFYDL,Negative,9,9,9,9,9,9,"1,3,8",0.966947,7,1.3862943611198906,substitution,0.0,7.29919857524488,Negative,1,cedar,0.1123,TLFHTFYDL,0.8197,TLFHTFYDL,True,0.3967454189887669
TLFHTFYELL,HLA-A0201,0.1123,0,0,0.5623,0.787,0.8197,HLA-A*02:01,33479501,TLFHTFYEL,TLFHTFYDL,0,0,370.0,361.0,False,Improved,2,TLFHTFYEL,2,TLFHTFYEL,7,1.3862943611198906,TLFHTFYDL,0.033053,TLFHTFYELL,TLFHTFYEL,TLFHTFYDL,Negative,10,9,9,9,9,10,"1,3,8",0.966947,7,1.3862943611198906,substitution,0.0,7.29919857524488,Negative,1,cedar,1.9505,TLFHTFYDLL,2.8572,TLFHTFYLL,True,0.2801834214806143
TLSGEWFTFY,HLA-A0201,3.1231,0,0,0.1287,0.7028,33.625,HLA-A*02:01,27198675,TLSGEWFTF,TPSGEWFTF,0,0,232.0,223.0,True,Conserved,-3,TLSGEFTFY,-3,TLSGEWFTF,1,1.3862943611198906,TPSGEWFTF,0.07168300000000005,TLSGEWFTFY,TLSGEWFTF,TPSGEWFTF,Negative,10,9,9,9,9,10,"1,3,8",0.928317,1,1.3862943611198906,substitution,0.0,10.766546060004483,Negative,1,cedar,15.4356,TPSGEWFTFY,53.6667,TPSEWFTFY,True,0.18594296548243427
TLSGEWFTFYL,HLA-A0201,0.8961,0,0,0.3178,0.762,16.4,HLA-A*02:01,27198675,TLSGEWFTFYL,SGEWFTFYL,0,2,233.0,223.0,True,Improved,-3,TLSGETFYL,-8,TLSGETFYL,"0,1,2,3,4",1.9459101490553132,SGEWFTFYL,0.06530899999999995,TLSGEWFTFYL,TLSGEWFTFYL,SGEWFTFYL,Negative,11,11,9,11,9,11,"1,3,8",0.934691,1,1.3862943611198906,substitution,0.0,18.30152884722687,Negative,1,cedar,0.8961,TPSGEWFTFYL,29.76,TPSGETFYL,True,0.19820267202404415
TLSGEWFTFYL,HLA-A2402,0.3648,0,0,0.3178,0.762,1.7136,HLA-A*24:02,27198675,TLSGEWFTF,TPSGEWFTF,0,0,233.0,223.0,True,Improved,-3,TLSGETFYL,-3,TLSGEWFTF,1,1.3862943611198906,TPSGEWFTF,0.07168300000000005,TLSGEWFTFYL,TLSGEWFTF,TPSGEWFTF,Negative,11,9,9,9,9,11,"1,8",0.928317,1,1.3862943611198906,substitution,0.0,4.697368421052632,Negative,1,cedar,13.3874,TPSGEWFTFYL,15.3913,TPSGEWFTL,True,0.16653399567141458
TLYLGTSGI,HLA-A0201,0.7977,0,0,0.1434,0.8112,12.7699,HLA-A*02:01,31511069,TLYLGTSGI,TWYLGTSGI,0,0,147.0,139.0,True,Improved,-2,TLYLGTSGI,-2,TLYLGTSGI,1,0.0,TWYLGTSGI,0.07347199999999998,TLYLGTSGI,TLYLGTSGI,TWYLGTSGI,Negative,9,9,9,9,9,9,"1,3,8",0.926528,1,0.0,substitution,0.0,16.008399147549206,Negative,1,cedar,0.7977,TWYLGTSGI,12.7699,TWYLGTSGI,True,0.1302330056779605
TMAAISNTV,HLA-A0201,0.2667,1,0,0.0299,0.8778,0.2507,HLA-A*02:01,30418433,TMAAISNTV,RMAAISNTV,0,0,279.0,271.0,False,Conserved,-1,TMAAISNTV,-1,TMAAISNTV,0,0.6931471805599453,RMAAISNTV,0.02109899999999998,TMAAISNTV,TMAAISNTV,RMAAISNTV,Positive,9,9,9,9,9,9,"1,3,8",0.978901,0,0.6931471805599453,substitution,1.0,0.9400074990626172,Positive_all,1,cedar,0.2667,RMAAISNTV,0.2507,RMAAISNTV,True,0.14058609788575382
TPEPAELSL,HLA-B0702,0.1246,0,0,0.0391,0.5127,0.0356,HLA-B*07:02,27198675,TPEPAELSL,TPEPAGLSL,0,0,198.0,190.0,False,Conserved,-2,TPEPAELSL,-2,TPEPAELSL,5,0.6931471805599453,TPEPAGLSL,0.08704500000000004,TPEPAELSL,TPEPAELSL,TPEPAGLSL,Negative,9,9,9,9,9,9,"1,8",0.912955,5,0.6931471805599453,substitution,0.0,0.2857142857142857,Negative,1,cedar,0.1246,TPEPAGLSL,0.0356,TPEPAGLSL,True,0.12004081531419332
TPSLPTLPTR,HLA-B0702,0.5406,0,0,1.9967,0.4438,0.5142,HLA-B*07:02,27198675,TPSLPTLPT,TPSLPTPPT,0,0,538.0,529.0,False,Conserved,-3,TSLPTLPTR,-3,TPSLPTLPT,6,1.3862943611198906,TPSLPTPPT,0.08358299999999996,TPSLPTLPTR,TPSLPTLPT,TPSLPTPPT,Negative,10,9,9,9,9,10,"1,8",0.916417,6,1.3862943611198906,substitution,0.0,0.951165371809101,Negative,1,cedar,3.4667,TPSLPTPPTR,3.0202,TPSPTPPTR,True,0.12114377869918852
TQGSAAELI,HLA-A2402,6.7826,0,0,0.3323,0.2988,6.6521,HLA-A*24:02,"34244308,34244308",TQGSAAELI,TQGSTAELI,0,0,526.0,518.0,False,Conserved,0,TQGSAAELI,0,TQGSAAELI,4,1.3862943611198906,TQGSTAELI,0.050244999999999984,TQGSAAELI,TQGSAAELI,TQGSTAELI,Negative,9,9,9,9,9,9,"1,8",0.949755,4,1.3862943611198906,substitution,0.0,0.9807595907174239,"Negative,Negative",2,cedar,6.7826,TQGSTAELI,6.6521,TQGSTAELI,True,0.078654214268143
TRARNEYLLSL,HLA-B3901,0.077,0,0,0.8383,0.4719,0.077,HLA-B*39:01,29895573,ARNEYLLSL,ARNEYLLSL,2,2,290.0,280.0,False,Conserved,2,TRNEYLLSL,4,ARNEYLLSL,-1,,ARNEYLLSL,0.0,TRARNEYLLSL,ARNEYLLSL,ARNEYLLSL,Negative,11,9,9,9,9,11,"1,8",1.0,1,0.6931471805599453,substitution,0.0,1.0,Negative,1,cedar,1.0308,TKARNEYLLSL,1.5904,TRNEYLLSL,True,0.0955344792587639
TTLFHTFYEL,HLA-A2402,1.7318,0,0,0.2471,0.6893,5.4002,HLA-A*24:02,33479501,TLFHTFYEL,TLFHTFYDL,1,1,369.0,360.0,False,Improved,2,TTFHTFYEL,2,TLFHTFYEL,7,1.3862943611198906,TLFHTFYDL,0.033053,TTLFHTFYEL,TLFHTFYEL,TLFHTFYDL,Negative,10,9,9,9,9,10,"1,8",0.966947,8,1.3862943611198906,substitution,0.0,3.118258459406398,Negative,1,cedar,8.6387,TTLFHTFYDL,12.9792,TTLFHTFYL,True,0.215076209104561
TTLFHTFYEL,HLA-A0201,0.1123,0,0,0.2471,0.6893,0.8197,HLA-A*02:01,33479501,TLFHTFYEL,TLFHTFYDL,1,1,369.0,360.0,False,Improved,2,TTFHTFYEL,2,TLFHTFYEL,7,1.3862943611198906,TLFHTFYDL,0.033053,TTLFHTFYEL,TLFHTFYEL,TLFHTFYDL,Negative,10,9,9,9,9,10,"1,3,8",0.966947,8,1.3862943611198906,substitution,0.0,7.29919857524488,Negative,1,cedar,2.2162,TTLFHTFYDL,6.2299,TLFHTFYDL,True,0.26827526112423894
TVITEEFEV,HLA-A0201,0.5841,0,0,0.1229,0.6628,0.7125,HLA-A*02:01,"35193931,35193931",TVITEEFEV,TVITEEFKV,0,0,84.0,76.0,False,Conserved,1,TVITEEFEV,1,TVITEEFEV,7,0.6931471805599453,TVITEEFKV,0.03001200000000004,TVITEEFEV,TVITEEFEV,TVITEEFKV,Negative,9,9,9,9,9,9,"1,3,8",0.969988,7,0.6931471805599453,substitution,0.0,1.2198253723677455,"Negative,Negative",2,cedar,0.5841,TVITEEFKV,0.7125,TVITEEFKV,True,0.21227682767531933
TWSTPHFYF,HLA-A2402,0.0316,0,0,0.0482,0.7157,0.0927,HLA-A*24:02,30880120,TWSTPHFYF,TWSTPHSYF,0,0,269.0,261.0,False,Conserved,-2,TWSTPHFYF,-2,TWSTPHFYF,6,0.6931471805599453,TWSTPHSYF,0.08800699999999995,TWSTPHFYF,TWSTPHFYF,TWSTPHSYF,Negative,9,9,9,9,9,9,"1,8",0.911993,6,0.6931471805599453,substitution,0.0,2.933544303797468,Negative,1,cedar,0.0316,TWSTPHSYF,0.0927,TWSTPHSYF,True,0.3238583369091446
VFYRAWHQV,HLA-A2402,0.5931,0,0,0.4555,0.4733,1.6215,HLA-A*24:02,31511069,VFYRAWHQV,GFYRAWHQV,0,0,284.0,276.0,False,Conserved,-3,VFYRAWHQV,-3,VFYRAWHQV,0,1.3862943611198906,GFYRAWHQV,0.034428000000000014,VFYRAWHQV,VFYRAWHQV,GFYRAWHQV,Negative,9,9,9,9,9,9,"1,8",0.965572,0,1.3862943611198906,substitution,0.0,2.7339403136064746,Negative,1,cedar,0.5931,GFYRAWHQV,1.6215,GFYRAWHQV,True,0.20308173295433604
VLAKKLKFV,HLA-A0201,0.2452,0,0,0.0902,0.8384,0.1214,HLA-A*02:01,33479501,VLAKKLKFV,VLAKELKFV,0,0,38.0,30.0,False,Conserved,1,VLAKKLKFV,1,VLAKKLKFV,4,0.6931471805599453,VLAKELKFV,0.04789100000000002,VLAKKLKFV,VLAKKLKFV,VLAKELKFV,Negative,9,9,9,9,9,9,"1,3,8",0.952109,4,0.6931471805599453,substitution,0.0,0.4951060358890701,Negative,1,cedar,0.2452,VLAKELKFV,0.1214,VLAKELKFV,True,0.22547755441798353
VLEFEQMNLY,HLA-A0101,0.104,0,0,0.0943,0.5625,0.1573,HLA-A*01:01,33479501,VLEFEQMNLY,VLEFEKMNLY,0,0,195.0,186.0,False,Conserved,1,VLEEQMNLY,1,VLEEQMNLY,4,0.6931471805599453,VLEEKMNLY,0.043232999999999966,VLEFEQMNLY,VLEFEQMNLY,VLEFEKMNLY,Negative,10,10,10,10,10,10,"1,2,8",0.956767,5,0.6931471805599453,substitution,0.0,1.5125,Negative,1,cedar,0.104,VLEFEKMNLY,0.1573,VLEEKMNLY,True,0.34396389182542625
VLFEDAVAY,HLA-B1501,0.0195,1,0,0.1771,0.6775,1.1205,HLA-B*15:01,27198675,VLFEDAVAY,VLFEDAVAH,0,0,2782.0,2774.0,True,Improved,2,VLFEDAVAY,2,VLFEDAVAY,8,0.6931471805599453,VLFEDAVAH,0.02173400000000003,VLFEDAVAY,VLFEDAVAY,VLFEDAVAH,Positive,9,9,9,9,9,9,"1,8",0.978266,8,0.6931471805599453,substitution,1.0,57.46153846153847,Positive_all,1,cedar,0.0195,VLFEDAVAH,1.1205,VLFEDAVAH,True,0.3851224625559792
VLFFRSASSI,HLA-A0201,5.4352,0,0,0.8307,0.6705,3.988,HLA-A*02:01,31511069,VLFFRSASS,VLFFSSASSI,0,0,113.0,104.0,True,Conserved,-1,VLFFRSSSI,-3,VLFFRSASS,"3,4,5,6,8",2.8903717578961645,VLFSSASSI,0.08308800000000005,VLFFRSASSI,VLFFRSASS,VLFFSSASSI,Negative,10,9,10,9,10,10,"1,3,8",0.916912,4,1.791759469228055,substitution,0.0,0.733735649102149,Negative,1,cedar,6.2681,VLFFSSASSI,3.988,VLFSSASSI,True,0.1441389745351567
VLHPQTEGM,HLA-B1501,0.5916,0,0,1.8355,0.5736,2.9792,HLA-B*15:01,27198675,VLHPQTEGM,ELHPQTEGM,0,0,1285.0,1277.0,False,Improved,-2,VLHPQTEGM,-2,VLHPQTEGM,0,0.6931471805599453,ELHPQTEGM,0.028279999999999972,VLHPQTEGM,VLHPQTEGM,ELHPQTEGM,Negative,9,9,9,9,9,9,"1,8",0.97172,0,0.6931471805599453,substitution,0.0,5.035835023664638,Negative,1,cedar,0.5916,ELHPQTEGM,2.9792,ELHPQTEGM,True,0.10093742688711507
VLLYAEIYA,HLA-A0201,1.364,0,0,0.7915,0.6143,1.0436,HLA-A*02:01,31511069,VLLYAEIYA,ALLYAEIYA,0,0,1962.0,1954.0,False,Conserved,0,VLLYAEIYA,0,VLLYAEIYA,0,1.3862943611198906,ALLYAEIYA,0.014596000000000053,VLLYAEIYA,VLLYAEIYA,ALLYAEIYA,Negative,9,9,9,9,9,9,"1,3,8",0.985404,0,1.3862943611198906,substitution,0.0,0.7651026392961877,Negative,1,cedar,1.364,ALLYAEIYA,1.0436,ALLYAEIYA,True,0.205958822136867
VLSWLLKYKI,HLA-A0201,6.835,0,0,1.3922,0.351,5.0731,HLA-A*02:01,27198675,VLSWLLKYKI,VLSWLPKYKI,0,0,67.0,58.0,True,Conserved,-3,VSWLLKYKI,-10,VLSWLLYKI,"2,3,4,5",1.791759469228055,VLWLPKYKI,0.10064700000000004,VLSWLLKYKI,VLSWLLKYKI,VLSWLPKYKI,Negative,10,10,10,10,10,10,"1,3,8",0.899353,5,1.3862943611198906,substitution,0.0,0.7422238478419898,Negative,1,cedar,6.835,VLSWLPKYKI,5.0731,VLWLPKYKI,True,0.19529907568889557
VMLEGEQEA,HLA-A0201,0.3,1,0,1.2057,0.5586,7.0186,HLA-A*02:01,30340600,VMLEGEQEA,VMLEGEQEE,0,0,383.0,375.0,True,Improved,-1,VMLEGEQEA,-1,VMLEGEQEA,8,0.6931471805599453,VMLEGEQEE,0.018982000000000054,VMLEGEQEA,VMLEGEQEA,VMLEGEQEE,Positive,9,9,9,9,9,9,"1,3,8",0.981018,8,0.6931471805599453,substitution,1.0,23.395333333333333,Positive_all,1,cedar,0.3,VMLEGEQEE,7.0186,VMLEGEQEE,True,0.1872667902955286
WLCRRSRAASV,HLA-A0201,16.91,0,0,0.239,0.5274,10.7774,HLA-A*02:01,27198675,WLCRRSRAASV,RLCRRSRAASV,0,0,722.0,712.0,False,Conserved,-3,WLRSRAASV,-3,WLCSRAASV,0,0.6931471805599453,RLCSRAASV,0.02294799999999997,WLCRRSRAASV,WLCRRSRAASV,RLCRRSRAASV,Negative,11,11,11,11,11,11,"1,3,8",0.977052,0,0.6931471805599453,substitution,0.0,0.6373388527498521,Negative,1,cedar,16.91,RLCRRSRAASV,10.7774,RLCSRAASV,True,0.12214983839052304
YATALYRQGEL,HLA-B0702,1.9432,0,0,1.0585,0.3931,1.3951,HLA-B*07:02,27198675,TALYRQGEL,AALYRQGEL,2,2,124.0,114.0,False,Conserved,0,YATALYREL,0,TALYRQGEL,0,1.3862943611198906,AALYRQGEL,0.017271000000000036,YATALYRQGEL,TALYRQGEL,AALYRQGEL,Negative,11,9,9,9,9,11,"1,8",0.982729,2,1.3862943611198906,substitution,0.0,0.7179394812680115,Negative,1,cedar,13.7075,YAAALYRQGEL,8.8312,YAAARQGEL,True,0.1368656526021288
YIHGRGWAL,HLA-B0801,0.0155,1,0,0.0096,0.7793,0.6585,HLA-B*08:01,"34290406,33479501",YIHGRGWAL,YIHGGGWAL,0,0,151.0,143.0,True,Improved,-2,YIHGRGWAL,-2,YIHGRGWAL,4,1.791759469228055,YIHGGGWAL,0.11916499999999997,YIHGRGWAL,YIHGRGWAL,YIHGGGWAL,Positive,9,9,9,9,9,9,"1,4,8",0.880835,4,1.791759469228055,substitution,0.5,42.483870967741936,"Positive_all,Negative",2,cedar,0.0155,YIHGGGWAL,0.6585,YIHGGGWAL,True,0.29865099766420805
YIPSNDLRAF,HLA-A2402,1.6605,0,0,0.15,0.6487,2.7773,HLA-A*24:02,27198675,YIPSNDLRAF,HIPSNDLRAF,0,0,512.0,503.0,False,Conserved,2,YPSNDLRAF,2,YIPSNDLRF,0,0.6931471805599453,HIPSNDLRF,0.018133999999999983,YIPSNDLRAF,YIPSNDLRAF,HIPSNDLRAF,Negative,10,10,10,10,10,10,"1,8",0.981866,0,0.6931471805599453,substitution,0.0,1.6725685034628122,Negative,1,cedar,1.6605,HIPSNDLRAF,2.7773,HIPSNDLRF,True,0.07444472504363903
YIPSNDLRAFV,HLA-A0201,4.5913,0,0,0.6521,0.276,8.6705,HLA-A*02:01,27198675,YIPSNDLRA,HIPSNDLRAFV,0,0,513.0,503.0,True,Conserved,2,YIPSNRAFV,-7,YIPSNDLRA,"0,3,4,5,6,7,8",1.791759469228055,HIPDLRAFV,0.08361099999999999,YIPSNDLRAFV,YIPSNDLRA,HIPSNDLRAFV,Negative,11,9,11,9,11,11,"1,3,8",0.916389,0,0.6931471805599453,substitution,0.0,1.8884629625596236,Negative,1,cedar,4.6445,HIPSNDLRAFV,8.6705,HIPDLRAFV,True,0.08523274007553212
YLEPGPVTV,HLA-A0201,0.0046,1,0,0.1483,0.7779,0.0689,HLA-A*02:01,"31685621,31685621",YLEPGPVTV,YLEPGPVTA,0,0,288.0,280.0,True,Conserved,0,YLEPGPVTV,0,YLEPGPVTV,8,1.3862943611198906,YLEPGPVTA,0.016498000000000013,YLEPGPVTV,YLEPGPVTV,YLEPGPVTA,Positive,9,9,9,9,9,9,"1,3,8",0.983502,8,1.3862943611198906,substitution,1.0,14.978260869565219,"Positive_all,Positive_all",2,cedar,0.0046,YLEPGPVTA,0.0689,YLEPGPVTA,True,0.2927243949880406
YLLAIFSGL,HLA-A0201,0.2389,1,0,0.0184,0.9385,0.2398,HLA-A*02:01,30418433,YLLAIFSGL,YLFAIFSGL,0,0,2692.0,2684.0,False,Conserved,0,YLLAIFSGL,0,YLLAIFSGL,2,1.791759469228055,YLFAIFSGL,0.04682399999999998,YLLAIFSGL,YLLAIFSGL,YLFAIFSGL,Positive,9,9,9,9,9,9,"1,3,8",0.953176,2,1.791759469228055,substitution,1.0,1.0037672666387611,Positive_all,1,cedar,0.2389,YLFAIFSGL,0.2398,YLFAIFSGL,True,0.3214087492539146
YLLFQNTDL,HLA-A0201,0.3971,0,0,0.4446,0.6845,0.5426,HLA-A*02:01,33479501,YLLFQNTDL,YLLFQDTDL,0,0,803.0,795.0,False,Conserved,1,YLLFQNTDL,1,YLLFQNTDL,5,0.6931471805599453,YLLFQDTDL,0.05800000000000005,YLLFQNTDL,YLLFQNTDL,YLLFQDTDL,Negative,9,9,9,9,9,9,"1,3,8",0.942,5,0.6931471805599453,substitution,0.0,1.3664064467388566,Negative,1,cedar,0.3971,YLLFQDTDL,0.5426,YLLFQDTDL,True,0.18245859470747863
YLPGEPEGI,HLA-A0201,0.2584,0,0,0.5833,0.7104,0.2314,HLA-A*02:01,31511069,YLPGEPEGI,YLPGQPEGI,0,0,291.0,283.0,False,Conserved,2,YLPGEPEGI,2,YLPGEPEGI,4,0.6931471805599453,YLPGQPEGI,0.050331000000000015,YLPGEPEGI,YLPGEPEGI,YLPGQPEGI,Negative,9,9,9,9,9,9,"1,3,8",0.949669,4,0.6931471805599453,substitution,0.0,0.8955108359133126,Negative,1,cedar,0.2584,YLPGQPEGI,0.2314,YLPGQPEGI,True,0.14389940259360878
YLQDSMATT,HLA-A0201,0.2861,1,0,0.2469,0.7785,0.1582,HLA-A*02:01,30418433,YLQDSMATT,YLQDSLATT,0,0,959.0,951.0,False,Conserved,2,YLQDSMATT,2,YLQDSMATT,5,0.6931471805599453,YLQDSLATT,0.03252100000000002,YLQDSMATT,YLQDSMATT,YLQDSLATT,Positive,9,9,9,9,9,9,"1,3,8",0.967479,5,0.6931471805599453,substitution,1.0,0.5529535127577769,Positive_all,1,cedar,0.2861,YLQDSLATT,0.1582,YLQDSLATT,True,0.10331918674640639
YLTDKDFEF,HLA-A0201,0.288,1,0,0.55,0.4907,0.5611,HLA-A*02:01,"31921104,31921104,31921104",YLTDKDFEF,YLTDEDFEF,0,0,2187.0,2179.0,False,Conserved,1,YLTDKDFEF,1,YLTDKDFEF,4,0.6931471805599453,YLTDEDFEF,0.054300000000000015,YLTDKDFEF,YLTDKDFEF,YLTDEDFEF,Positive,9,9,9,9,9,9,"1,3,8",0.9457,4,0.6931471805599453,substitution,1.0,1.9482638888888892,"Positive_all,Positive_all,Positive_all",3,cedar,0.288,YLTDEDFEF,0.5611,YLTDEDFEF,True,0.16904728924043833
YLTDKDFEFA,HLA-A0201,0.288,1,0,0.2069,0.7894,0.5611,HLA-A*02:01,31921104,YLTDKDFEF,YLTDEDFEF,0,0,2188.0,2179.0,False,Conserved,1,YLTDKFEFA,1,YLTDKDFEF,4,0.6931471805599453,YLTDEDFEF,0.054300000000000015,YLTDKDFEFA,YLTDKDFEF,YLTDEDFEF,Positive,10,9,9,9,9,10,"1,3,8",0.9457,4,0.6931471805599453,substitution,1.0,1.9482638888888892,Positive_all,1,cedar,0.6542,YLTDEDFEFA,0.8176,YLDEDFEFA,True,0.13543498431477355
YLVKNTFTK,HLA-A1101,0.6184,0,0,0.2933,0.5922,22.4444,HLA-A*11:01,27198675,YLVKNTFTK,YLVKNTFTE,0,0,233.0,225.0,True,Improved,1,YLVKNTFTK,1,YLVKNTFTK,8,0.6931471805599453,YLVKNTFTE,0.015893000000000046,YLVKNTFTK,YLVKNTFTK,YLVKNTFTE,Negative,9,9,9,9,9,9,"0,1,8",0.984107,8,0.6931471805599453,substitution,0.0,36.29430789133248,Negative,1,cedar,0.6184,YLVKNTFTE,22.4444,YLVKNTFTE,True,0.19039140443363387
YLWKAENTL,HLA-A0201,0.0504,0,0,0.1425,0.7809,0.2632,HLA-A*02:01,31511069,YLWKAENTL,HLWKAENTL,0,0,89.0,81.0,False,Conserved,2,YLWKAENTL,2,YLWKAENTL,0,0.6931471805599453,HLWKAENTL,0.025900999999999952,YLWKAENTL,YLWKAENTL,HLWKAENTL,Negative,9,9,9,9,9,9,"1,3,8",0.974099,0,0.6931471805599453,substitution,0.0,5.222222222222222,Negative,1,cedar,0.0504,HLWKAENTL,0.2632,HLWKAENTL,True,0.23544893558068514
YMDGTMSQV,HLA-A0201,0.0197,1,0,0.0251,0.8629,0.0547,HLA-A*02:01,"25645385,32314731,32314731,30418433",YMDGTMSQV,YMNGTMSQV,0,0,377.0,369.0,False,Conserved,1,YMDGTMSQV,1,YMDGTMSQV,2,0.6931471805599453,YMNGTMSQV,0.051197999999999966,YMDGTMSQV,YMDGTMSQV,YMNGTMSQV,Positive,9,9,9,9,9,9,"1,3,8",0.948802,2,0.6931471805599453,substitution,1.0,2.7766497461928936,"Positive_all,Positive_all,Positive_all,Positive_all",4,cedar,0.0197,YMNGTMSQV,0.0547,YMNGTMSQV,True,0.21508317644087388
YMHTDLQAL,HLA-C1203,0.5756,0,0,0.0527,0.8515,0.2841,HLA-C*12:03,24323902,YMHTDLQAL,YMYTDLQAL,0,0,365.0,357.0,False,Conserved,2,YMHTDLQAL,2,YMHTDLQAL,2,0.6931471805599453,YMYTDLQAL,0.06305700000000003,YMHTDLQAL,YMHTDLQAL,YMYTDLQAL,Negative,9,9,9,9,9,9,"1,8",0.936943,2,0.6931471805599453,substitution,0.0,0.4935719249478805,Negative,1,cedar,0.5756,YMYTDLQAL,0.2841,YMYTDLQAL,True,0.1224141158207534
YMHTDLQALHM,HLA-C1203,0.5756,0,0,0.3724,0.39,0.2841,HLA-C*12:03,24323902,YMHTDLQAL,YMYTDLQAL,0,0,367.0,357.0,False,Conserved,2,YTDLQALHM,2,YMHTDLQAL,2,0.6931471805599453,YMYTDLQAL,0.06305700000000003,YMHTDLQALHM,YMHTDLQAL,YMYTDLQAL,Negative,11,9,9,9,9,11,"1,8",0.936943,2,0.6931471805599453,substitution,0.0,0.4935719249478805,Negative,1,cedar,11.9384,YMYTDLQALHM,7.9986,YMYTDLQAM,True,0.18638412902670484
YQDKWAEKPAF,HLA-B3501,2.7769,0,0,0.9523,0.2411,2.7769,HLA-B*35:01,27198675,DKWAEKPAF,DKWAEKPAF,2,2,250.0,240.0,False,Conserved,2,YQDAEKPAF,6,DKWAEKPAF,-1,,DKWAEKPAF,0.0,YQDKWAEKPAF,DKWAEKPAF,DKWAEKPAF,Negative,11,9,9,9,9,11,"1,8",1.0,0,0.6931471805599453,substitution,0.0,1.0,Negative,1,cedar,5.5473,HQDKWAEKPAF,7.1522,HQDKEKPAF,True,0.07827486701410702
YSWSAQRQAL,HLA-C1203,0.8898,0,0,0.2181,0.6338,0.9112,HLA-C*12:03,29895573,YSWSAQRQA,WSAQRRAL,0,2,213.0,204.0,True,Conserved,1,YSWSAQQAL,-9,YSWSAQRQA,"0,2,3,4,5,7,8",,WSA-QRRAL,0.171748,YSWSAQRQAL,YSWSAQRQA,WSAQRRAL,Negative,10,9,8,9,8,10,"1,8",0.828252,7,0.6931471805599453,substitution,0.0,1.0240503483928973,Negative,1,cedar,1.906,YSWSAQRRAL,1.8906,YSWSARRAL,True,0.08217162607491352
YTLSQCFQL,HLA-A0201,0.9252,0,0,0.1562,0.6224,4.3204,HLA-A*02:01,27198675,YTLSQCFQL,TLSQCFQL,0,1,604.0,596.0,False,Improved,-2,YTLSQCFQL,-9,YTLSQCFQL,"0,1,2",,TL-SQCFQL,0.05415199999999998,YTLSQCFQL,YTLSQCFQL,TLSQCFQL,Negative,9,9,8,9,8,9,"1,3,8",0.945848,0,0.6931471805599453,substitution,0.0,4.669693039342845,Negative,1,cedar,0.9252,CTLSQCFQL,7.6774,CTLSQCFQL,True,0.21115729674179085
YVPRFVFKL,HLA-A0201,0.3741,0,0,0.0661,0.6956,0.8024,HLA-A*02:01,27198675,YVPRFVFKL,YVPRFVSKL,0,0,3302.0,3294.0,False,Conserved,-2,YVPRFVFKL,-2,YVPRFVFKL,6,0.6931471805599453,YVPRFVSKL,0.080013,YVPRFVFKL,YVPRFVFKL,YVPRFVSKL,Negative,9,9,9,9,9,9,"1,3,8",0.919987,6,0.6931471805599453,substitution,0.0,2.144881047848169,Negative,1,cedar,0.3741,YVPRFVSKL,0.8024,YVPRFVSKL,True,0.26858584013168313
YVPRFVFKLYY,HLA-B3501,0.4181,0,0,0.2065,0.6595,0.2156,HLA-B*35:01,27198675,VPRFVFKLY,VPRFVSKLY,1,1,3304.0,3294.0,False,Conserved,-2,YVPRFKLYY,-2,VPRFVFKLY,5,0.6931471805599453,VPRFVSKLY,0.09184999999999999,YVPRFVFKLYY,VPRFVFKLY,VPRFVSKLY,Negative,11,9,9,9,9,11,"1,8",0.90815,6,0.6931471805599453,substitution,0.0,0.5156661085864626,Negative,1,cedar,6.924,YVPRFVSKLYY,3.9333,YVFVSKLYY,True,0.27969330233738426
YVSEKDVISAK,HLA-A6801,0.3561,0,0,0.727,0.6182,0.3537,HLA-A*68:01,"30556813,30556813",YVSEKDVISAK,YVSEKDVTSAK,0,0,1287.0,1277.0,False,Conserved,-1,YVSDVISAK,-1,YVSDVISAK,5,1.0986122886681098,YVSDVTSAK,0.036766999999999994,YVSEKDVISAK,YVSEKDVISAK,YVSEKDVTSAK,Negative,11,11,11,11,11,11,"0,1,8",0.963233,7,1.0986122886681098,substitution,0.0,0.9932603201347936,"Negative,Negative",2,cedar,0.3561,YVSEKDVTSAK,0.3537,YVSDVTSAK,True,0.12499355844719491
AEPINIQTW,HLA-B4402,0.0133,0,1,0.0677,0.6176,0.0125,HLA-B*44:02,32314731,AEPINIQTW,AEPIDIQTW,0,0,270.0,262.0,False,Conserved,1,AEPINIQTW,1,AEPINIQTW,4,0.6931471805599453,AEPIDIQTW,0.06438900000000003,AEPINIQTW,AEPINIQTW,AEPIDIQTW,Negative,9,9,9,9,9,9,"1,8",0.935611,4,0.6931471805599453,substitution,0.0,0.9398496240601505,Negative,1,cedar,0.0133,AEPIDIQTW,0.0125,AEPIDIQTW,True,0.3464152237990061
AILPFTPEF,HLA-B3501,0.6998,0,1,2.3255,0.321,0.4784,HLA-B*35:01,27198675,AILPFTPEF,AISPFTPEF,0,0,1474.0,1466.0,False,Conserved,-2,AILPFTPEF,-2,AILPFTPEF,2,0.6931471805599453,AISPFTPEF,0.07036299999999995,AILPFTPEF,AILPFTPEF,AISPFTPEF,Negative,9,9,9,9,9,9,"1,8",0.929637,2,0.6931471805599453,substitution,0.0,0.683623892540726,Negative,1,cedar,0.6998,AISPFTPEF,0.4784,AISPFTPEF,True,0.12410331396345849
AILPFTPEFL,HLA-A0201,0.5632,0,1,0.848,0.4384,1.4141,HLA-A*02:01,"27198675,27198675,27198675,27198675",ILPFTPEFL,AISPFTPEFL,1,0,1475.0,1466.0,True,Conserved,-2,AILPFTPEL,-11,ILPFTPEFL,"0,1,2,3,4,5,6,7",2.4849066497880004,AISPFTPEL,0.07870699999999997,AILPFTPEFL,ILPFTPEFL,AISPFTPEFL,Negative,10,9,10,9,10,10,"1,3,8",0.921293,2,0.6931471805599453,substitution,0.0,2.5108309659090904,"Negative,Negative,Negative,Negative",4,cedar,0.779,AISPFTPEFL,1.4141,AISPFTPEL,True,0.12870689050293546
AILPFTPEFLV,HLA-A0201,0.5632,0,1,0.6203,0.6405,1.0875,HLA-A*02:01,27198675,ILPFTPEFL,AISPFTPEFLV,1,0,1476.0,1466.0,True,Conserved,-2,AILPFTPEV,-10,ILPFTPEFL,"0,1,2,3,4,5,6,7,8",2.8903717578961645,AISPFTPEV,0.10080100000000003,AILPFTPEFLV,ILPFTPEFL,AISPFTPEFLV,Negative,11,9,11,9,11,11,"1,3,8",0.899199,2,0.6931471805599453,substitution,0.0,1.9309303977272725,Negative,1,cedar,0.636,AISPFTPEFLV,1.0875,AISPFTPEV,True,0.16771324184274372
AISPGGVQEAL,HLA-B0702,0.0807,0,1,2.6343,0.251,0.0114,HLA-B*07:02,27198675,SPGGVQEAL,SPGGVREAL,2,2,204.0,194.0,False,Conserved,1,APGGVQEAL,1,SPGGVQEAL,5,0.6931471805599453,SPGGVREAL,0.05649499999999996,AISPGGVQEAL,SPGGVQEAL,SPGGVREAL,Negative,11,9,9,9,9,11,"1,8",0.943505,7,0.6931471805599453,substitution,0.0,0.1412639405204461,Negative,1,cedar,0.8556,AISPGGVREAL,0.2359,APGGVREAL,True,0.06625844072335424
ALCRHEYPL,HLA-A0201,1.4799,0,1,0.9094,0.7338,16.805,HLA-A*02:01,31511069,ALCRHEYPL,ASCRHEYPL,0,0,83.0,75.0,True,Improved,-2,ALCRHEYPL,-2,ALCRHEYPL,1,0.6931471805599453,ASCRHEYPL,0.058203000000000005,ALCRHEYPL,ALCRHEYPL,ASCRHEYPL,Negative,9,9,9,9,9,9,"1,3,8",0.941797,1,0.6931471805599453,substitution,0.0,11.35549699304007,Negative,1,cedar,1.4799,ASCRHEYPL,16.805,ASCRHEYPL,True,0.09555622826184743
ALLETPSLL,HLA-A0201,0.0446,1,1,0.2699,0.8461,0.0363,HLA-A*02:01,27198675,ALLETPSLL,ALLETLSLL,0,0,2333.0,2325.0,False,Conserved,-3,ALLETPSLL,-3,ALLETPSLL,5,1.3862943611198906,ALLETLSLL,0.09166300000000005,ALLETPSLL,ALLETPSLL,ALLETLSLL,Positive,9,9,9,9,9,9,"1,3,8",0.908337,5,1.3862943611198906,substitution,1.0,0.8139013452914797,Positive_all,1,cedar,0.0446,ALLETLSLL,0.0363,ALLETLSLL,True,0.23899071819195847
ALLFLESEL,HLA-A0201,0.4201,1,1,0.7512,0.6859,0.4662,HLA-A*02:01,"35193931,35193931,35193931,35193931,35193931,35193931,35193931,35193931",ALLFLESEL,ALLFPESEL,0,0,48.0,40.0,False,Conserved,-3,ALLFLESEL,-3,ALLFLESEL,4,1.3862943611198906,ALLFPESEL,0.098997,ALLFLESEL,ALLFLESEL,ALLFPESEL,Positive,9,9,9,9,9,9,"1,3,8",0.901003,4,1.3862943611198906,substitution,0.5,1.1097357771959058,"Positive_all,Negative,Negative,Positive_all,Negative,Negative,Positive_all,Positive_all",8,cedar,0.4201,ALLFPESEL,0.4662,ALLFPESEL,True,0.15191120994371576
ALNSSEEYNL,HLA-A0201,1.3575,0,1,1.0474,0.6491,1.2906,HLA-A*02:01,31511069,ALNSSEEYNL,ALNSNEEYNL,0,0,594.0,585.0,False,Conserved,1,ALNSSEEYL,1,ALNSSEEYL,4,0.6931471805599453,ALNSNEEYL,0.044784999999999964,ALNSSEEYNL,ALNSSEEYNL,ALNSNEEYNL,Negative,10,10,10,10,10,10,"1,3,8",0.955215,4,0.6931471805599453,substitution,0.0,0.9507182320441989,Negative,1,cedar,1.3575,ALNSNEEYNL,1.2906,ALNSNEEYL,True,0.13200468436906665
ALRMLEVPL,HLA-A0201,2.508,0,1,0.491,0.4517,1.5213,HLA-A*02:01,27198675,ALRMLEVPL,ALGMLEVPL,0,0,547.0,539.0,False,Conserved,-2,ALRMLEVPL,-2,ALRMLEVPL,2,1.791759469228055,ALGMLEVPL,0.07899199999999995,ALRMLEVPL,ALRMLEVPL,ALGMLEVPL,Negative,9,9,9,9,9,9,"1,3,8",0.921008,2,1.791759469228055,substitution,0.0,0.6065789473684211,Negative,1,cedar,2.508,ALGMLEVPL,1.5213,ALGMLEVPL,True,0.12408609773976058
ALRMLEVPL,HLA-B0702,1.6978,0,1,0.491,0.4517,13.5377,HLA-B*07:02,27198675,ALRMLEVPL,ALGMLEVPL,0,0,547.0,539.0,False,Improved,-2,ALRMLEVPL,-2,ALRMLEVPL,2,1.791759469228055,ALGMLEVPL,0.07899199999999995,ALRMLEVPL,ALRMLEVPL,ALGMLEVPL,Negative,9,9,9,9,9,9,"1,8",0.921008,2,1.791759469228055,substitution,0.0,7.973671810578395,Negative,1,cedar,1.6978,ALGMLEVPL,13.5377,ALGMLEVPL,True,0.1189323171424098
ALSPGLTRT,HLA-A0201,0.8592,0,1,1.1971,0.6272,2.473,HLA-A*02:01,33479501,ALSPGLTRT,ALSPGSTRT,0,0,320.0,312.0,False,Conserved,-2,ALSPGLTRT,-2,ALSPGLTRT,5,0.6931471805599453,ALSPGSTRT,0.07853500000000002,ALSPGLTRT,ALSPGLTRT,ALSPGSTRT,Negative,9,9,9,9,9,9,"1,3,8",0.921465,5,0.6931471805599453,substitution,0.0,2.8782588454376166,Negative,1,cedar,0.8592,ALSPGSTRT,2.473,ALSPGSTRT,True,0.060086322110372285
ALSYLVSFQR,HLA-A1102,0.6257,1,1,0.3094,0.6732,9.2143,HLA-A*11:02,"32582212,32582212",LSYLVSFQR,ALSYLVSFQ,1,0,216.0,207.0,True,Improved,-1,ASYLVSFQR,-11,LSYLVSFQR,"0,1,2,3,4,5,6,7,8",2.6390573296152584,ALSYLVSFQ,0.07434700000000005,ALSYLVSFQR,LSYLVSFQR,ALSYLVSFQ,Positive,10,9,9,9,9,10,"0,1,8",0.925653,9,0.6931471805599453,substitution,1.0,14.726386447179157,"Positive_all,Positive_all",2,cedar,0.8641,ALSYLVSFQT,26.2,ASYLVSFQT,True,0.14142373261396654
AMRLWVIRV,HLA-A0201,2.0168,0,1,1.1263,0.636,0.4426,HLA-A*02:01,27198675,AMRLWVIRV,AMGLWVIRV,0,0,259.0,251.0,False,Conserved,-2,AMRLWVIRV,-2,AMRLWVIRV,2,1.791759469228055,AMGLWVIRV,0.08724699999999996,AMRLWVIRV,AMRLWVIRV,AMGLWVIRV,Negative,9,9,9,9,9,9,"1,3,8",0.912753,2,1.791759469228055,substitution,0.0,0.2194565648552162,Negative,1,cedar,2.0168,AMGLWVIRV,0.4426,AMGLWVIRV,True,0.24397718744451602
AMRLWVIRVQK,HLA-A1101,0.3043,0,1,0.6134,0.5154,0.6906,HLA-A*11:01,27198675,RLWVIRVQK,GLWVIRVQK,2,2,261.0,251.0,True,Conserved,-2,ALWVIRVQK,-2,RLWVIRVQK,0,1.791759469228055,GLWVIRVQK,0.03223799999999999,AMRLWVIRVQK,RLWVIRVQK,GLWVIRVQK,Negative,11,9,9,9,9,11,"0,1,8",0.967762,2,1.791759469228055,substitution,0.0,2.269470916858363,Negative,1,cedar,3.9075,AMGLWVIRVQK,3.4673,ALWVIRVQK,True,0.20164438013412073
ARLFLGLAI,HLA-B2705,0.1538,0,1,0.051,0.703,0.1333,HLA-B*27:05,34518289,ARLFLGLAI,ARLFPGLAI,0,0,17.0,9.0,False,Conserved,-3,ARLFLGLAI,-3,ARLFLGLAI,4,1.3862943611198906,ARLFPGLAI,0.11070599999999997,ARLFLGLAI,ARLFLGLAI,ARLFPGLAI,Negative,9,9,9,9,9,9,"1,8",0.889294,4,1.3862943611198906,substitution,0.0,0.8667100130039013,Negative,1,cedar,0.1538,ARLFPGLAI,0.1333,ARLFPGLAI,True,0.37127232690937706
ASADGTVKLW,HLA-B5701,0.0301,0,1,0.1376,0.655,0.0251,HLA-B*57:01,30556813,ASADGTVKLW,ASADGTIKLW,0,0,434.0,425.0,False,Conserved,3,ASADTVKLW,3,ASADTVKLW,5,1.0986122886681098,ASADTIKLW,0.014777999999999958,ASADGTVKLW,ASADGTVKLW,ASADGTIKLW,Negative,10,10,10,10,10,10,"1,8",0.985222,6,1.0986122886681098,substitution,0.0,0.8338870431893688,Negative,1,cedar,0.0301,ASADGTIKLW,0.0251,ASADTIKLW,True,0.19605593803940718
AVGSYVYSVAK,HLA-A1101,0.0353,0,1,0.275,0.6498,0.1596,HLA-A*11:01,27198675,GSYVYSVAK,GSHVYSVAK,2,2,475.0,465.0,False,Conserved,2,AVGSYSVAK,2,GSYVYSVAK,2,0.6931471805599453,GSHVYSVAK,0.05697300000000005,AVGSYVYSVAK,GSYVYSVAK,GSHVYSVAK,Negative,11,9,9,9,9,11,"0,1,8",0.943027,4,0.6931471805599453,substitution,0.0,4.521246458923513,Negative,1,cedar,0.484,AVGSHVYSVAK,0.3505,AVGSHVVAK,True,0.1633742596545894
CLFFGIPWK,HLA-A0301,0.5453,0,1,0.1208,0.6796,20.1522,HLA-A*03:01,34518289,CLFFGIPWK,CLFFGIPWE,0,0,29.0,21.0,True,Improved,1,CLFFGIPWK,1,CLFFGIPWK,8,0.6931471805599453,CLFFGIPWE,0.02047600000000005,CLFFGIPWK,CLFFGIPWK,CLFFGIPWE,Negative,9,9,9,9,9,9,"0,1,8",0.979524,8,0.6931471805599453,substitution,0.0,36.95617091509261,Negative,1,cedar,0.5453,CLFFGIPWE,20.1522,CLFFGIPWE,True,0.4823669927451479
CMLARLEVK,HLA-A1101,2.8906,0,1,0.4698,0.5489,3.0799,HLA-A*11:01,31511069,CMLARLEVK,CMLARLEIK,0,0,1053.0,1045.0,False,Conserved,3,CMLARLEVK,3,CMLARLEVK,7,1.0986122886681098,CMLARLEIK,0.010391000000000039,CMLARLEVK,CMLARLEVK,CMLARLEIK,Negative,9,9,9,9,9,9,"0,1,8",0.989609,7,1.0986122886681098,substitution,0.0,1.0654881339514286,Negative,1,cedar,2.8906,CMLARLEIK,3.0799,CMLARLEIK,True,0.1899984943549266
CSESTSCLF,HLA-A0101,0.5144,0,1,0.1159,0.5374,0.4816,HLA-A*01:01,31511069,CSESTSCLF,CSESTTCLF,0,0,619.0,611.0,False,Conserved,1,CSESTSCLF,1,CSESTSCLF,5,1.791759469228055,CSESTTCLF,0.034592999999999985,CSESTSCLF,CSESTSCLF,CSESTTCLF,Negative,9,9,9,9,9,9,"1,2,8",0.965407,5,1.791759469228055,substitution,0.0,0.9362363919129082,Negative,1,cedar,0.5144,CSESTTCLF,0.4816,CSESTTCLF,True,0.11137670121515761
CYWSLLSHPL,HLA-A2402,0.9633,0,1,0.4099,0.4886,0.3262,HLA-A*24:02,27198675,YWSLLSHPL,YWSPLSHPL,1,1,308.0,299.0,False,Conserved,-3,CYWSLSHPL,-3,YWSLLSHPL,3,1.3862943611198906,YWSPLSHPL,0.11212500000000003,CYWSLLSHPL,YWSLLSHPL,YWSPLSHPL,Negative,10,9,9,9,9,10,"1,8",0.887875,4,1.3862943611198906,substitution,0.0,0.33862763417419284,Negative,1,cedar,2.1944,CYWSPLSHPL,0.9508,CYWSPLSHL,True,0.1784877739527151
DGAILPFTPEF,HLA-B3501,0.6998,0,1,3.937,0.0945,0.4784,HLA-B*35:01,27198675,AILPFTPEF,AISPFTPEF,2,2,1474.0,1464.0,False,Conserved,-2,DILPFTPEF,-2,AILPFTPEF,2,0.6931471805599453,AISPFTPEF,0.07036299999999995,DGAILPFTPEF,AILPFTPEF,AISPFTPEF,Negative,11,9,9,9,9,11,"1,8",0.929637,4,0.6931471805599453,substitution,0.0,0.683623892540726,Negative,1,cedar,4.4623,DGAISPFTPEF,3.2548,DISPFTPEF,True,0.10069671411968949
DIFFLGLILF,HLA-A2402,0.2948,0,1,0.8123,0.2699,0.1666,HLA-A*24:02,27198675,IFFLGLILF,IFSLGLILF,1,1,1015.0,1006.0,False,Conserved,-2,DIFFGLILF,-2,IFFLGLILF,2,0.6931471805599453,IFSLGLILF,0.06977,DIFFLGLILF,IFFLGLILF,IFSLGLILF,Negative,10,9,9,9,9,10,"1,8",0.93023,3,0.6931471805599453,substitution,0.0,0.5651289009497964,Negative,1,cedar,2.2735,DIFSLGLILF,1.7748,DFSLGLILF,True,0.29798860826008966
DSEPLCLSY,HLA-A0101,0.0337,0,1,0.0463,0.641,12.7034,HLA-A*01:01,31511069,DSEPLCLSY,DSEPLCLS,0,0,703.0,695.0,True,Improved,-3,DSEPLCLSY,-6,DSEPLCLSY,8,,DSEPLCLS-,0.057064000000000004,DSEPLCLSY,DSEPLCLSY,DSEPLCLS,Negative,9,9,8,9,8,9,"1,2,8",0.942936,8,0.6931471805599453,substitution,0.0,376.95548961424333,Negative,1,cedar,0.0337,DSEPLCLSD,22.0175,DSEPLCLSD,True,0.18818295546905653
DTSPVAVAL,HLA-A2601,0.1101,0,1,0.181,0.7151,0.2267,HLA-A*26:01,30556813,DTSPVAVAL,DTLPVAVAL,0,0,549.0,541.0,False,Conserved,-2,DTSPVAVAL,-2,DTSPVAVAL,2,0.6931471805599453,DTLPVAVAL,0.06073300000000004,DTSPVAVAL,DTSPVAVAL,DTLPVAVAL,Negative,9,9,9,9,9,9,"0,1,8",0.939267,2,0.6931471805599453,substitution,0.0,2.059037238873751,Negative,1,cedar,0.1101,DTLPVAVAL,0.2267,DTLPVAVAL,True,0.1909287919599136
DVSDNEPDLYR,HLA-A3301,0.3382,0,1,0.6971,0.6236,0.1553,HLA-A*33:01,"34244308,34244308",DVSDNEPDLYR,DVSDNEPDHYR,0,0,378.0,368.0,False,Conserved,-3,DVSDPDLYR,-3,DVNEPDLYR,6,0.6931471805599453,DVNEPDHYR,0.05892299999999995,DVSDNEPDLYR,DVSDNEPDLYR,DVSDNEPDHYR,Negative,11,11,11,11,11,11,"1,8",0.941077,8,0.6931471805599453,substitution,0.0,0.45919574216439973,"Negative,Negative",2,cedar,0.3382,DVSDNEPDHYR,0.1553,DVNEPDHYR,True,0.11728566343585624
EAGNNSRVPR,HLA-A6801,0.4961,0,1,0.5154,0.5021,1.9478,HLA-A*68:01,30556813,EAGNNSRVPR,EAGNNSRGPR,0,0,240.0,231.0,False,Improved,-3,EANNSRVPR,-3,EANNSRVPR,6,1.3862943611198906,EANNSRGPR,0.06334899999999999,EAGNNSRVPR,EAGNNSRVPR,EAGNNSRGPR,Negative,10,10,10,10,10,10,"0,1,8",0.936651,7,1.3862943611198906,substitution,0.0,3.9262245515017136,Negative,1,cedar,0.4961,EAGNNSRGPR,1.9478,EANNSRGPR,True,0.062113048138193405
EECLWMAVL,HLA-B4002,1.07,0,1,0.1216,0.5422,0.7016,HLA-B*40:02,"34244308,34244308",EECLWMAVL,EECLGMAVL,0,0,184.0,176.0,False,Conserved,-2,EECLWMAVL,-2,EECLWMAVL,4,0.0,EECLGMAVL,0.13951499999999994,EECLWMAVL,EECLWMAVL,EECLGMAVL,Negative,9,9,9,9,9,9,"1,8",0.860485,4,0.0,substitution,0.0,0.6557009345794392,"Negative,Negative",2,cedar,1.07,EECLGMAVL,0.7016,EECLGMAVL,True,0.3265103893826678
EEHAQNVSCAS,HLA-B1801,0.7349,0,1,7.9542,0.0909,26.0,HLA-B*18:01,24323902,EEHAQNVSC,EGHAQNVSC,0,0,236.0,226.0,True,Improved,-2,EEHAQNVSS,-2,EEHAQNVSC,1,0.6931471805599453,EGHAQNVSC,0.05872500000000003,EEHAQNVSCAS,EEHAQNVSC,EGHAQNVSC,Negative,11,9,9,9,9,11,"1,8",0.941275,1,0.6931471805599453,substitution,0.0,35.37896312423459,Negative,1,cedar,12.6512,EGHAQNVSCAS,80.0,EAQNVSCAS,True,0.09553082973505717
EHIPESAGF,HLA-B3801,0.0171,0,1,0.1307,0.4307,0.4955,HLA-B*38:01,30556813,EHIPESAGF,EQIPESAGF,0,0,354.0,346.0,True,Conserved,0,EHIPESAGF,0,EHIPESAGF,1,1.3862943611198906,EQIPESAGF,0.050733999999999946,EHIPESAGF,EHIPESAGF,EQIPESAGF,Negative,9,9,9,9,9,9,"1,8",0.949266,1,1.3862943611198906,substitution,0.0,28.976608187134502,Negative,1,cedar,0.0171,EQIPESAGF,0.4955,EQIPESAGF,True,0.15868486041761726
EIGMWHAKK,HLA-A1101,3.0722,0,1,0.8155,0.6025,3.7655,HLA-A*11:01,27198675,EIGMWHAKK,EIGMWYAKK,0,0,69.0,61.0,False,Conserved,2,EIGMWHAKK,2,EIGMWHAKK,5,0.6931471805599453,EIGMWYAKK,0.08091800000000005,EIGMWHAKK,EIGMWHAKK,EIGMWYAKK,Negative,9,9,9,9,9,9,"0,1,8",0.919082,5,0.6931471805599453,substitution,0.0,1.225668901764208,Negative,1,cedar,3.0722,EIGMWYAKK,3.7655,EIGMWYAKK,True,0.10305262552680139
EMSAICQVY,HLA-B1501,0.5555,0,1,0.3374,0.364,0.5834,HLA-B*15:01,27198675,EMSAICQVY,EMSAICQEY,0,0,635.0,627.0,False,Conserved,-2,EMSAICQVY,-2,EMSAICQVY,7,0.6931471805599453,EMSAICQEY,0.05564999999999998,EMSAICQVY,EMSAICQVY,EMSAICQEY,Negative,9,9,9,9,9,9,"1,8",0.94435,7,0.6931471805599453,substitution,0.0,1.0502250225022502,Negative,1,cedar,0.5555,EMSAICQEY,0.5834,EMSAICQEY,True,0.1584407010628467
EYCKFSFLF,HLA-A2402,0.0507,0,1,0.0346,0.7349,0.0172,HLA-A*24:02,30880120,EYCKFSFLF,EYCKFPFLF,0,0,239.0,231.0,False,Conserved,-1,EYCKFSFLF,-1,EYCKFSFLF,5,1.3862943611198906,EYCKFPFLF,0.08863500000000002,EYCKFSFLF,EYCKFSFLF,EYCKFPFLF,Negative,9,9,9,9,9,9,"1,8",0.911365,5,1.3862943611198906,substitution,0.0,0.33925049309664695,Negative,1,cedar,0.0507,EYCKFPFLF,0.0172,EYCKFPFLF,True,0.2423737987017583
FAKNPHLHYI,HLA-A0206,1.2349,0,1,0.1009,0.6976,5.8719,HLA-A*02:06,"34244308,34244308",FAKNPHLHYI,FAKNPHLRYI,0,0,132.0,123.0,False,Improved,0,FANPHLHYI,0,FANPHLHYI,6,0.6931471805599453,FANPHLRYI,0.06695399999999996,FAKNPHLHYI,FAKNPHLHYI,FAKNPHLRYI,Negative,10,10,10,10,10,10,"1,3,8",0.933046,7,0.6931471805599453,substitution,0.0,4.7549599157826545,"Negative,Negative",2,cedar,1.2349,FAKNPHLRYI,5.8719,FANPHLRYI,True,0.12299009955294357
FFCDVQQVIKL,HLA-C1403,0.4342,0,1,4.1965,0.2788,0.3223,HLA-C*14:03,24323902,FFCDVQQVI,FFCDVRQVI,0,0,187.0,177.0,False,Conserved,1,FFCDVQQVL,1,FFCDVQQVI,5,0.6931471805599453,FFCDVRQVI,0.060277000000000025,FFCDVQQVIKL,FFCDVQQVI,FFCDVRQVI,Negative,11,9,9,9,9,11,"1,8",0.939723,5,0.6931471805599453,substitution,0.0,0.7422846614463381,Negative,1,cedar,2.81,FFCDVRQVIKL,2.3312,FFCDVRQVL,True,0.2579934602221321
FGRAKLLGA,HLA-B5401,3.6854,0,1,0.4779,0.4548,3.4689,HLA-B*54:01,"34244308,34244308",FGRAKLLGA,FGLAKLLGA,0,0,864.0,856.0,False,Conserved,-2,FGRAKLLGA,-2,FGRAKLLGA,2,1.3862943611198906,FGLAKLLGA,0.06873200000000002,FGRAKLLGA,FGRAKLLGA,FGLAKLLGA,Negative,9,9,9,9,9,9,"1,8",0.931268,2,1.3862943611198906,substitution,0.0,0.9412546806316818,"Negative,Negative",2,cedar,3.6854,FGLAKLLGA,3.4689,FGLAKLLGA,True,0.11379798206410117
FIMDTIGGREV,HLA-A0201,0.4046,0,1,0.0914,0.8375,0.8922,HLA-A*02:01,31511069,FIMDTIGGREV,FIMDTIGGGEV,0,0,397.0,387.0,False,Conserved,-2,FIMDTIREV,-2,FIMDTIREV,6,1.791759469228055,FIMDTIGEV,0.04910000000000003,FIMDTIGGREV,FIMDTIGGREV,FIMDTIGGGEV,Negative,11,11,11,11,11,11,"1,3,8",0.9509,8,1.791759469228055,substitution,0.0,2.2051408798813643,Negative,1,cedar,0.4046,FIMDTIGGGEV,0.8922,FIMDTIGEV,True,0.13989004742872405
FLGEYIPTV,HLA-A0201,0.0019,1,1,0.0061,0.9307,1.3615,HLA-A*02:01,"33875134,33875134",FLGEYIPTV,FPGEYIPTV,0,0,36.0,28.0,True,Improved,-3,FLGEYIPTV,-3,FLGEYIPTV,1,1.3862943611198906,FPGEYIPTV,0.073882,FLGEYIPTV,FLGEYIPTV,FPGEYIPTV,Positive,9,9,9,9,9,9,"1,3,8",0.926118,1,1.3862943611198906,substitution,1.0,716.578947368421,"Positive_all,Positive_all",2,cedar,0.0019,FPGEYIPTV,1.3615,FPGEYIPTV,True,0.43584341954617595
FLMASISSFL,HLA-A0201,0.3946,1,1,0.007,0.9337,0.3709,HLA-A*02:01,"27198675,27198675,27198675,27198675",LMASISSFL,LMASISSSL,1,1,81.0,72.0,False,Conserved,-2,FLASISSFL,-2,LMASISSFL,7,0.6931471805599453,LMASISSSL,0.043294000000000055,FLMASISSFL,LMASISSFL,LMASISSSL,Negative,10,9,9,9,9,10,"1,3,8",0.956706,8,0.6931471805599453,substitution,0.0,0.9399391789153573,"Negative,Negative,Negative,Negative",4,cedar,0.4441,FLMASISSSL,0.4419,FLASISSSL,True,0.18262090777974893
FLMASISSFLL,HLA-A0201,0.3946,1,1,0.0534,0.9139,0.3709,HLA-A*02:01,27198675,LMASISSFL,LMASISSSL,1,1,82.0,72.0,False,Conserved,-2,FLMASISSL,-2,LMASISSFL,7,0.6931471805599453,LMASISSSL,0.043294000000000055,FLMASISSFLL,LMASISSFL,LMASISSSL,Negative,11,9,9,9,9,11,"1,3,8",0.956706,8,0.6931471805599453,substitution,0.0,0.9399391789153573,Negative,1,cedar,0.5816,FLMASISSSLL,0.7248,FLMASISSL,True,0.1910376938421029
FLSCPLYRFSL,HLA-A0201,2.1084,0,1,0.4008,0.8176,2.767,HLA-A*02:01,31511069,FLSCPLYRFSL,FLSCPHYRFSL,0,0,517.0,507.0,False,Conserved,-3,FLSCPLYSL,-3,FLSCPLFSL,5,0.6931471805599453,FLSCPHFSL,0.10001199999999999,FLSCPLYRFSL,FLSCPLYRFSL,FLSCPHYRFSL,Negative,11,11,11,11,11,11,"1,3,8",0.899988,5,0.6931471805599453,substitution,0.0,1.3123695693416808,Negative,1,cedar,2.1084,FLSCPHYRFSL,2.767,FLSCPHFSL,True,0.14525224320119692
FLSDHLYLV,HLA-A0201,0.0019,1,1,0.0034,0.968,0.0018,HLA-A*02:01,"30418433,28678784,28678784,28678784,28678784,28678784,28678784,28678784,28678784,28678784,28678784,28678784,28678784,28678784,28678784,28678784,28678784,28678784",FLSDHLYLV,FLSDHPYLV,0,0,189.0,181.0,False,Conserved,-3,FLSDHLYLV,-3,FLSDHLYLV,5,1.3862943611198906,FLSDHPYLV,0.11163400000000001,FLSDHLYLV,FLSDHLYLV,FLSDHPYLV,Positive,9,9,9,9,9,9,"1,3,8",0.888366,5,1.3862943611198906,substitution,0.5,0.9473684210526315,"Positive_all,Positive_all,Positive_all,Negative,Positive_all,Positive_all,Negative,Negative,Negative,Negative,Negative,Negative,Positive_all,Positive_all,Positive_all,Negative,Positive_all,Negative",18,cedar,0.0019,FLSDHPYLV,0.0018,FLSDHPYLV,True,0.4914100655230118
FLSIILDHL,HLA-A0203,0.185,0,1,0.0088,0.916,0.4837,HLA-A*02:03,32439798,FLSIILDHL,FLIIILDHL,0,0,470.0,462.0,False,Conserved,-2,FLSIILDHL,-2,FLSIILDHL,2,0.6931471805599453,FLIIILDHL,0.05926500000000001,FLSIILDHL,FLSIILDHL,FLIIILDHL,Negative,9,9,9,9,9,9,"1,8",0.940735,2,0.6931471805599453,substitution,0.0,2.6145945945945948,Negative,1,cedar,0.185,FLIIILDHL,0.4837,FLIIILDHL,True,0.3759715151968714
FLSTKYRGYML,HLA-A0201,3.1542,0,1,0.1394,0.5783,4.6284,HLA-A*02:01,27198675,FLSTKYRGYML,FLPTKYRGYML,0,0,174.0,164.0,False,Conserved,-1,FLKYRGYML,-1,FLSTKGYML,2,1.3862943611198906,FLPTKGYML,0.04384699999999997,FLSTKYRGYML,FLSTKYRGYML,FLPTKYRGYML,Negative,11,11,11,11,11,11,"1,3,8",0.956153,2,1.3862943611198906,substitution,0.0,1.467376830892144,Negative,1,cedar,3.1542,FLPTKYRGYML,4.6284,FLPTKGYML,True,0.12361799566970737
FLYEKQHEL,HLA-B0801,0.0035,1,1,0.008,0.9225,0.0031,HLA-B*08:01,34290406,FLYEKQHEL,FLHEKQHEL,0,0,875.0,867.0,False,Conserved,2,FLYEKQHEL,2,FLYEKQHEL,2,0.6931471805599453,FLHEKQHEL,0.05753799999999998,FLYEKQHEL,FLYEKQHEL,FLHEKQHEL,Positive,9,9,9,9,9,9,"1,4,8",0.942462,2,0.6931471805599453,substitution,1.0,0.8857142857142857,Positive_all,1,cedar,0.0035,FLHEKQHEL,0.0031,FLHEKQHEL,True,0.39440324974265606
FMMPRIVDV,HLA-A0201,0.0097,0,1,0.0053,0.9488,0.0018,HLA-A*02:01,33479501,FMMPRIVDV,FMMPRIVNV,0,0,2654.0,2646.0,False,Conserved,1,FMMPRIVDV,1,FMMPRIVDV,7,0.6931471805599453,FMMPRIVNV,0.03580899999999998,FMMPRIVDV,FMMPRIVDV,FMMPRIVNV,Negative,9,9,9,9,9,9,"1,3,8",0.964191,7,0.6931471805599453,substitution,0.0,0.18556701030927833,Negative,1,cedar,0.0097,FMMPRIVNV,0.0018,FMMPRIVNV,True,0.5241433721432841
FMMPRIVDVT,HLA-A0201,0.0097,0,1,0.1798,0.7969,0.0018,HLA-A*02:01,33479501,FMMPRIVDV,FMMPRIVNV,0,0,2655.0,2646.0,False,Conserved,1,FMMPRIVVT,1,FMMPRIVDV,7,0.6931471805599453,FMMPRIVNV,0.03580899999999998,FMMPRIVDVT,FMMPRIVDV,FMMPRIVNV,Negative,10,9,9,9,9,10,"1,3,8",0.964191,7,0.6931471805599453,substitution,0.0,0.18556701030927833,Negative,1,cedar,2.5786,FMMPRIVNVT,1.2814,FMMPRIVNV,True,0.2573132685655778
FMVDTRGGSM,HLA-A0201,7.6343,0,1,0.1994,0.425,7.3469,HLA-A*02:01,27198675,FMVDTRGGSM,FMVDARGGSM,0,0,926.0,917.0,False,Conserved,0,FVDTRGGSM,0,FMVDTGGSM,4,1.3862943611198906,FMVDAGGSM,0.05096199999999995,FMVDTRGGSM,FMVDTRGGSM,FMVDARGGSM,Negative,10,10,10,10,10,10,"1,3,8",0.949038,4,1.3862943611198906,substitution,0.0,0.9623541123613167,Negative,1,cedar,7.6343,FMVDARGGSM,7.3469,FMVDAGGSM,True,0.09593219225720645
FQLNQSFEI,HLA-A0201,0.2096,1,1,0.0086,0.6025,0.4683,HLA-A*02:01,30418433,FQLNQSFEI,SQLNQSFEI,0,0,1202.0,1194.0,False,Conserved,-2,FQLNQSFEI,-2,FQLNQSFEI,0,0.6931471805599453,SQLNQSFEI,0.02818900000000002,FQLNQSFEI,FQLNQSFEI,SQLNQSFEI,Positive,9,9,9,9,9,9,"1,3,8",0.971811,0,0.6931471805599453,substitution,1.0,2.2342557251908395,Positive_all,1,cedar,0.2096,SQLNQSFEI,0.4683,SQLNQSFEI,True,0.14808357802500138
FRICPIFVF,HLA-B2705,0.1807,0,1,0.0641,0.5148,0.0239,HLA-B*27:05,34518289,FRICPIFVF,FRIRPIFVF,0,0,76.0,68.0,False,Conserved,-3,FRICPIFVF,-3,FRICPIFVF,3,0.6931471805599453,FRIRPIFVF,0.13102100000000005,FRICPIFVF,FRICPIFVF,FRIRPIFVF,Negative,9,9,9,9,9,9,"1,8",0.868979,3,0.6931471805599453,substitution,0.0,0.1322634200332042,Negative,1,cedar,0.1807,FRIRPIFVF,0.0239,FRIRPIFVF,True,0.6185537730156826
FSATLAYFL,HLA-A0201,3.5768,0,1,0.0404,0.6385,29.44,HLA-A*02:01,27198675,FSATLAYFL,FSATLAYFP,0,0,251.0,243.0,True,Conserved,-3,FSATLAYFL,-3,FSATLAYFL,8,1.3862943611198906,FSATLAYFP,0.03195800000000004,FSATLAYFL,FSATLAYFL,FSATLAYFP,Negative,9,9,9,9,9,9,"1,3,8",0.968042,8,1.3862943611198906,substitution,0.0,8.230820845448445,Negative,1,cedar,3.5768,FSATLAYFP,29.44,FSATLAYFP,True,0.276203775877794
FSATLAYFL,HLA-A2402,3.8887,0,1,0.0404,0.6385,3.8887,HLA-A*24:02,27198675,FSATLAYF,FSATLAYF,0,0,251.0,243.0,True,Conserved,-3,FSATLAYFL,6,-FSATLAYF,-1,,-FSATLAYF,0.0,FSATLAYFL,FSATLAYF,FSATLAYF,Negative,9,8,8,8,8,9,"1,8",1.0,8,1.3862943611198906,substitution,0.0,1.0,Negative,1,cedar,5.3704,FSATLAYFP,39.5,FSATLAYFP,True,0.2461919238358724
FSGEYIPTV,HLA-A0201,0.1292,1,1,0.0479,0.8352,1.3615,HLA-A*02:01,"31775766,31775766",FSGEYIPTV,FPGEYIPTV,0,0,36.0,28.0,True,Improved,-1,FSGEYIPTV,-1,FSGEYIPTV,1,1.3862943611198906,FPGEYIPTV,0.057957999999999954,FSGEYIPTV,FSGEYIPTV,FPGEYIPTV,Positive,9,9,9,9,9,9,"1,3,8",0.942042,1,1.3862943611198906,substitution,0.5,10.537925696594426,"Positive_all,Negative",2,cedar,0.1292,FPGEYIPTV,1.3615,FPGEYIPTV,True,0.2827479472570556
FTLEGGHRA,HLA-A0201,1.0968,0,1,0.5348,0.6565,2.142,HLA-A*02:01,31511069,FTLEGGHRA,FTVEGGHRA,0,0,49.0,41.0,False,Conserved,1,FTLEGGHRA,1,FTLEGGHRA,2,1.791759469228055,FTVEGGHRA,0.035474000000000006,FTLEGGHRA,FTLEGGHRA,FTVEGGHRA,Negative,9,9,9,9,9,9,"1,3,8",0.964526,2,1.791759469228055,substitution,0.0,1.9529540481400436,Negative,1,cedar,1.0968,FTVEGGHRA,2.142,FTVEGGHRA,True,0.12304891805807072
FVFKLYYFEI,HLA-A0201,6.7498,0,1,0.4156,0.5423,10.1439,HLA-A*02:01,"27198675,27198675,27198675,27198675",FVFKLYYFEI,FVSKLYYFEI,0,0,3307.0,3298.0,False,Conserved,-2,FVFKLYYEI,-2,FVFKYYFEI,2,0.6931471805599453,FVSKYYFEI,0.056916999999999995,FVFKLYYFEI,FVFKLYYFEI,FVSKLYYFEI,Negative,10,10,10,10,10,10,"1,3,8",0.943083,2,0.6931471805599453,substitution,0.0,1.5028445287267773,"Negative,Negative,Negative,Negative",4,cedar,6.7498,FVSKLYYFEI,10.1439,FVSKYYFEI,True,0.333073731137363
FVYVFITHL,HLA-A0201,0.3896,1,1,0.3299,0.5481,0.3901,HLA-A*02:01,30418433,FVYVFITHL,FVYVFTTHL,0,0,247.0,239.0,False,Conserved,-1,FVYVFITHL,-1,FVYVFITHL,5,1.0986122886681098,FVYVFTTHL,0.05823500000000004,FVYVFITHL,FVYVFITHL,FVYVFTTHL,Positive,9,9,9,9,9,9,"1,3,8",0.941765,5,1.0986122886681098,substitution,1.0,1.001283367556468,Positive_all,1,cedar,0.3896,FVYVFTTHL,0.3901,FVYVFTTHL,True,0.48172242487148903
GAILPFTPEF,HLA-B3501,0.6998,0,1,1.2433,0.3434,0.4784,HLA-B*35:01,27198675,AILPFTPEF,AISPFTPEF,1,1,1474.0,1465.0,False,Conserved,-2,GAIPFTPEF,-2,AILPFTPEF,2,0.6931471805599453,AISPFTPEF,0.07036299999999995,GAILPFTPEF,AILPFTPEF,AISPFTPEF,Negative,10,9,9,9,9,10,"1,8",0.929637,3,0.6931471805599453,substitution,0.0,0.683623892540726,Negative,1,cedar,2.432,GAISPFTPEF,1.9025,GAISPTPEF,True,0.10868811550196443
GLLPVLSWLL,HLA-A0201,0.1066,0,1,0.138,0.7832,0.1066,HLA-A*02:01,"27198675,27198675,27198675,27198675",GLLPVLSWL,GLLPVLSWL,0,0,63.0,54.0,False,Conserved,-3,GLLPVSWLL,4,GLLPVLSWL,-1,,GLLPVLSWL,0.0,GLLPVLSWLL,GLLPVLSWL,GLLPVLSWL,Negative,10,9,9,9,9,10,"1,3,8",1.0,9,1.3862943611198906,substitution,0.0,1.0,"Negative,Negative,Negative,Negative",4,cedar,0.3583,GLLPVLSWLP,4.0005,GLLPVLSWL,True,0.30944925395741674
GMNSIEPAK,HLA-A1101,0.5412,0,1,0.1918,0.6281,1.5234,HLA-A*11:01,"34270940,34270940",GMNSIEPAK,EMNSIEPAK,0,0,490.0,482.0,True,Conserved,-2,GMNSIEPAK,-2,GMNSIEPAK,0,0.6931471805599453,EMNSIEPAK,0.029237999999999986,GMNSIEPAK,GMNSIEPAK,EMNSIEPAK,Negative,9,9,9,9,9,9,"0,1,8",0.970762,0,0.6931471805599453,substitution,0.0,2.8148558758314857,"Negative,Negative",2,cedar,0.5412,EMNSIEPAK,1.5234,EMNSIEPAK,True,0.059035785751793995
GQFLTPNSH,HLA-B1501,0.369,1,1,2.0621,0.3975,0.3909,HLA-B*15:01,27827318,GQFLTPNSH,GQFLAPNSH,0,0,410.0,402.0,False,Conserved,0,GQFLTPNSH,0,GQFLTPNSH,4,1.3862943611198906,GQFLAPNSH,0.06279699999999999,GQFLTPNSH,GQFLTPNSH,GQFLAPNSH,Positive,9,9,9,9,9,9,"1,8",0.937203,4,1.3862943611198906,substitution,1.0,1.059349593495935,Positive_all,1,cedar,0.369,GQFLAPNSH,0.3909,GQFLAPNSH,True,0.084076113566856
GSTEQCAFCK,HLA-A1101,0.8121,0,1,0.6945,0.5512,0.9366,HLA-A*11:01,"34270940,34270940",STEQCAFCK,STERCAFCK,1,1,289.0,280.0,False,Conserved,1,GSTEQAFCK,1,STEQCAFCK,3,0.6931471805599453,STERCAFCK,0.06258200000000003,GSTEQCAFCK,STEQCAFCK,STERCAFCK,Negative,10,9,9,9,9,10,"0,1,8",0.937418,4,0.6931471805599453,substitution,0.0,1.153306243073513,"Negative,Negative",2,cedar,1.6534,GSTERCAFCK,2.5284,GSTERAFCK,True,0.07741901914225513
GTYVRVTVQAR,HLA-A1101,2.4432,1,1,0.8939,0.5628,5.3149,HLA-A*11:01,32226429,GTYVRVTVQAR,GTCVRVTVQAR,0,0,139.0,129.0,False,Conserved,-2,GTYVRVTAR,-2,GTYVTVQAR,2,0.6931471805599453,GTCVTVQAR,0.05967599999999995,GTYVRVTVQAR,GTYVRVTVQAR,GTCVRVTVQAR,Positive,11,11,11,11,11,11,"0,1,8",0.940324,2,0.6931471805599453,substitution,1.0,2.1753847413228553,Positive_all,1,cedar,2.4432,GTCVRVTVQAR,5.3149,GTCVTVQAR,True,0.17681495560655144
GVITKALYK,HLA-A0301,0.0231,0,1,0.0184,0.8116,0.0315,HLA-A*03:01,31511069,GVITKALYK,GVITKAIYK,0,0,630.0,622.0,False,Conserved,2,GVITKALYK,2,GVITKALYK,6,1.3862943611198906,GVITKAIYK,0.025527999999999995,GVITKALYK,GVITKALYK,GVITKAIYK,Negative,9,9,9,9,9,9,"0,1,8",0.974472,6,1.3862943611198906,substitution,0.0,1.3636363636363638,Negative,1,cedar,0.0231,GVITKAIYK,0.0315,GVITKAIYK,True,0.3445324947206603
HIHCVNPPL,HLA-A0201,5.187,1,1,0.5616,0.5125,6.3723,HLA-A*02:01,"29643231,29643231,29643231",HIHCVNPPL,HIHCLNPPL,0,0,546.0,538.0,False,Conserved,1,HIHCVNPPL,1,HIHCVNPPL,4,1.791759469228055,HIHCLNPPL,0.05028299999999997,HIHCVNPPL,HIHCVNPPL,HIHCLNPPL,Positive,9,9,9,9,9,9,"1,3,8",0.949717,4,1.791759469228055,substitution,1.0,1.2285135916714864,"Positive_all,Positive_all,Positive_all",3,cedar,5.187,HIHCLNPPL,6.3723,HIHCLNPPL,True,0.3363409860813948
HIMPDTAEI,HLA-A0201,0.3867,0,1,0.1703,0.6311,0.0887,HLA-A*02:01,"31655052,31655052",HIMPDTAEI,HIMPDTPEI,0,0,2986.0,2978.0,False,Conserved,-1,HIMPDTAEI,-1,HIMPDTAEI,6,1.3862943611198906,HIMPDTPEI,0.07322300000000004,HIMPDTAEI,HIMPDTAEI,HIMPDTPEI,Negative,9,9,9,9,9,9,"1,3,8",0.926777,6,1.3862943611198906,substitution,0.0,0.22937677786397725,"Negative,Negative",2,cedar,0.3867,HIMPDTPEI,0.0887,HIMPDTPEI,True,0.09953195668874022
HLARHRHLM,HLA-B0801,0.1483,0,1,0.0633,0.6583,0.0935,HLA-B*08:01,33479501,HLARHRHL,HPARHRHLM,0,0,214.0,206.0,True,Conserved,-3,HLARHRHLM,-10,HLA-RHRHL,"1,3,4,5,6,7,8",2.3978952727983707,HPARHRHLM,0.115815,HLARHRHLM,HLARHRHL,HPARHRHLM,Negative,9,8,9,8,9,9,"1,4,8",0.884185,1,1.3862943611198906,substitution,0.0,0.6304787592717465,Negative,1,cedar,0.159,HPARHRHLM,0.0935,HPARHRHLM,True,0.22399254506183286
HLEDFLLHI,HLA-A0210,0.1934,0,1,0.8429,0.6064,0.3748,HLA-A*02:10,33208106,HLEDFLLHI,HLEDFLLRI,0,0,1810.0,1802.0,False,Conserved,0,HLEDFLLHI,0,HLEDFLLHI,7,0.6931471805599453,HLEDFLLRI,0.053158999999999956,HLEDFLLHI,HLEDFLLHI,HLEDFLLRI,Negative,9,9,9,9,9,9,"1,3,8",0.946841,7,0.6931471805599453,substitution,0.0,1.937952430196484,Negative,1,cedar,0.1934,HLEDFLLRI,0.3748,HLEDFLLRI,True,0.4248358597704631
HLHCYRSSF,HLA-B1501,0.5747,1,1,0.0679,0.6519,24.62,HLA-B*15:01,31243155,HLHCYRSSF,HLHCYRSSS,0,0,889.0,881.0,True,Improved,-2,HLHCYRSSF,-2,HLHCYRSSF,8,0.6931471805599453,HLHCYRSSS,0.028236999999999957,HLHCYRSSF,HLHCYRSSF,HLHCYRSSS,Positive,9,9,9,9,9,9,"1,8",0.971763,8,0.6931471805599453,substitution,1.0,42.839742474334436,Positive_all,1,cedar,0.5747,HLHCYRSSS,24.62,HLHCYRSSS,True,0.13642295146966188
HMHIYPIVV,HLA-A0201,0.7098,0,1,0.2642,0.313,2.2686,HLA-A*02:01,"35193931,35193931",HMHIYPIVV,HMHIYPIVI,0,0,1838.0,1830.0,True,Improved,3,HMHIYPIVV,3,HMHIYPIVV,8,1.0986122886681098,HMHIYPIVI,0.005287999999999959,HMHIYPIVV,HMHIYPIVV,HMHIYPIVI,Negative,9,9,9,9,9,9,"1,3,8",0.994712,8,1.0986122886681098,substitution,0.0,3.1961115807269658,"Negative,Negative",2,cedar,0.7098,HMHIYPIVI,2.2686,HMHIYPIVI,True,0.4753681198843631
HYAALRELI,HLA-A2402,0.1771,0,1,0.1178,0.6324,0.122,HLA-A*24:02,33537174,HYAALRELI,RYAALRELI,0,0,166.0,158.0,False,Conserved,0,HYAALRELI,0,HYAALRELI,0,0.6931471805599453,RYAALRELI,0.027198000000000055,HYAALRELI,HYAALRELI,RYAALRELI,Negative,9,9,9,9,9,9,"1,8",0.972802,0,0.6931471805599453,substitution,0.0,0.6888763410502541,Negative,1,cedar,0.1771,RYAALRELI,0.122,RYAALRELI,True,0.21317580459058655
HYHLANDIYF,HLA-A2402,0.17,0,1,0.0797,0.4724,0.1121,HLA-A*24:02,30906654,HYHLANDIYF,RYHLANDIYF,0,0,201.0,192.0,False,Conserved,0,HHLANDIYF,0,HYLANDIYF,0,0.6931471805599453,RYLANDIYF,0.022561000000000053,HYHLANDIYF,HYHLANDIYF,RYHLANDIYF,Negative,10,10,10,10,10,10,"1,8",0.977439,0,0.6931471805599453,substitution,0.0,0.6594117647058824,Negative,1,cedar,0.17,RYHLANDIYF,0.1121,RYLANDIYF,True,0.33077806603350174
IAKYIVPYMK,HLA-A0301,2.2167,0,1,0.5189,0.5795,5.6153,HLA-A*03:01,31511069,IAKYIVPYMK,KYIVPYMK,0,2,1695.0,1686.0,True,Conserved,-1,IAKYIVPYK,-9,IAYIVPYMK,"0,1",,K-YIVPYMK,0.07875399999999999,IAKYIVPYMK,IAKYIVPYMK,KYIVPYMK,Negative,10,10,8,10,8,10,"0,1,8",0.921246,1,0.6931471805599453,substitution,0.0,2.5331799521811704,Negative,1,cedar,2.2167,IEKYIVPYMK,8.4475,IEKYIVPYK,True,0.21616480179460126
IFFLGLILFEL,HLA-A2402,0.2948,0,1,5.4015,0.1419,0.1666,HLA-A*24:02,27198675,IFFLGLILF,IFSLGLILF,0,0,1017.0,1007.0,False,Conserved,-2,IFFLGLILL,-2,IFFLGLILF,2,0.6931471805599453,IFSLGLILF,0.06977,IFFLGLILFEL,IFFLGLILF,IFSLGLILF,Negative,11,9,9,9,9,11,"1,8",0.93023,2,0.6931471805599453,substitution,0.0,0.5651289009497964,Negative,1,cedar,5.9915,IFSLGLILFEL,4.9514,IFSLGLIEL,True,0.2657591521806116
ILAALFLGL,HLA-A0201,0.3845,1,1,0.1867,0.869,13.6622,HLA-A*02:01,"27198675,27198675,27198675,27198675",ILAALFLGL,IWAALFLGL,0,0,461.0,453.0,True,Improved,-2,ILAALFLGL,-2,ILAALFLGL,1,0.0,IWAALFLGL,0.063284,ILAALFLGL,ILAALFLGL,IWAALFLGL,Positive,9,9,9,9,9,9,"1,3,8",0.936716,1,0.0,substitution,0.5,35.532379713914175,"Positive_all,Negative,Positive_all,Negative",4,cedar,0.3845,IWAALFLGL,13.6622,IWAALFLGL,True,0.25735639685701023
ILAALFLGLGV,HLA-A0201,0.3845,1,1,1.7749,0.6388,2.306,HLA-A*02:01,27198675,ILAALFLGL,ALFLGLGV,0,3,463.0,453.0,True,Improved,-2,ILAALGLGV,-13,ILAALFLGL,"0,2,3,4,5,6,8",2.1972245773362196,ALFLGL-GV,0.16166499999999995,ILAALFLGLGV,ILAALFLGL,ALFLGLGV,Negative,11,9,8,9,8,11,"1,3,8",0.838335,1,0.0,substitution,0.0,5.99739921976593,Negative,1,cedar,3.9029,IWAALFLGLGV,31.95,IALFLGLGV,True,0.22294177255934203
ILAMRLWVIRV,HLA-A0201,1.2733,0,1,1.5283,0.6624,0.4426,HLA-A*02:01,27198675,ILAMRLWVI,AMGLWVIRV,0,2,259.0,249.0,True,Conserved,-2,ILAMRLWRV,-2,ILAMRLWVI,"0,1,2,3,4,5,6,7,8",2.9444389791664403,AMGLWVIRV,0.19139399999999995,ILAMRLWVIRV,ILAMRLWVI,AMGLWVIRV,Negative,11,9,9,9,9,11,"1,3,8",0.808606,4,1.791759469228055,substitution,0.0,0.3476007225320034,Negative,1,cedar,3.8507,ILAMGLWVIRV,1.7528,ILAMGLIRV,True,0.27735971484755184
ILDGGHEDASL,HLA-A0201,0.5389,0,1,0.3257,0.3623,1.6618,HLA-A*02:01,27198675,ILDGGHEDASL,ILDGGHEDAPL,0,0,1692.0,1682.0,False,Conserved,-1,ILDGGHESL,-1,ILDGGHASL,7,1.3862943611198906,ILDGGHAPL,0.028815000000000035,ILDGGHEDASL,ILDGGHEDASL,ILDGGHEDAPL,Negative,11,11,11,11,11,11,"1,3,8",0.971185,9,1.3862943611198906,substitution,0.0,3.083688996103173,Negative,1,cedar,0.5389,ILDGGHEDAPL,1.6618,ILDGGHAPL,True,0.09688057578573081
ILDKVLVHL,HLA-A0201,0.0086,1,1,0.2565,0.7343,2.2135,HLA-A*02:01,"21216894,21216894,21216894,21216894,21216894,21216894,21216894",ILDKVLVHL,ILDKVLVHP,0,0,248.0,240.0,True,Improved,-3,ILDKVLVHL,-3,ILDKVLVHL,8,1.3862943611198906,ILDKVLVHP,0.032981999999999956,ILDKVLVHL,ILDKVLVHL,ILDKVLVHP,Positive,9,9,9,9,9,9,"1,3,8",0.967018,8,1.3862943611198906,substitution,1.0,257.3837209302325,"Positive_all,Positive_all,Positive_all,Positive_all,Positive_all,Positive_all,Positive_all",7,cedar,0.0086,ILDKVLVHP,2.2135,ILDKVLVHP,True,0.4585683674772418
ILPFTPEFL,HLA-A0201,0.5632,0,1,0.0328,0.6098,9.3854,HLA-A*02:01,27198675,ILPFTPEFL,ISPFTPEFL,0,0,1475.0,1467.0,True,Improved,-2,ILPFTPEFL,-2,ILPFTPEFL,1,0.6931471805599453,ISPFTPEFL,0.05345999999999995,ILPFTPEFL,ILPFTPEFL,ISPFTPEFL,Negative,9,9,9,9,9,9,"1,3,8",0.94654,1,0.6931471805599453,substitution,0.0,16.664417613636363,Negative,1,cedar,0.5632,ISPFTPEFL,9.3854,ISPFTPEFL,True,0.2745439526330484
ILPFTPEFLV,HLA-A0201,0.5632,0,1,0.2111,0.3463,9.3854,HLA-A*02:01,"27198675,27198675,27198675,27198675",ILPFTPEFL,ISPFTPEFL,0,0,1476.0,1467.0,True,Improved,-2,IPFTPEFLV,-2,ILPFTPEFL,1,0.6931471805599453,ISPFTPEFL,0.05345999999999995,ILPFTPEFLV,ILPFTPEFL,ISPFTPEFL,Negative,10,9,9,9,9,10,"1,3,8",0.94654,1,0.6931471805599453,substitution,0.0,16.664417613636363,"Negative,Negative,Negative,Negative",4,cedar,0.8813,ISPFTPEFLV,9.4138,ISFTPEFLV,True,0.32352535706007973
ILSGGRTLQI,HLA-A0201,1.2717,0,1,1.3012,0.6155,1.3574,HLA-A*02:01,27198675,ILSGGRTLQI,ILPGGRTLQI,0,0,2633.0,2624.0,False,Conserved,-1,ILSGGTLQI,-1,ILSGGTLQI,2,1.3862943611198906,ILPGGTLQI,0.056625000000000036,ILSGGRTLQI,ILSGGRTLQI,ILPGGRTLQI,Negative,10,10,10,10,10,10,"1,3,8",0.943375,2,1.3862943611198906,substitution,0.0,1.0673901077298105,Negative,1,cedar,1.2717,ILPGGRTLQI,1.3574,ILPGGTLQI,True,0.11786972344337895
ILSPIDISGQV,HLA-A0201,0.2728,0,1,0.856,0.6044,7.7273,HLA-A*02:01,27198675,ILSPIDISGQV,ISSPIDISGQV,0,0,1795.0,1785.0,True,Improved,-2,ILSPIDIQV,-2,ILSPIDIQV,1,0.6931471805599453,ISSPIDIQV,0.025949,ILSPIDISGQV,ILSPIDISGQV,ISSPIDISGQV,Negative,11,11,11,11,11,11,"1,3,8",0.974051,1,0.6931471805599453,substitution,0.0,28.325879765395893,Negative,1,cedar,0.2728,ISSPIDISGQV,7.7273,ISSPIDIQV,True,0.1667881165640176
IMQPSVVIPA,HLA-A0201,2.4819,0,1,0.9757,0.6528,2.874,HLA-A*02:01,31511069,MQPSVVIPA,VQPSVVIPA,1,1,149.0,140.0,False,Conserved,1,IMQPSVVPA,1,MQPSVVIPA,0,0.0,VQPSVVIPA,0.01520100000000002,IMQPSVVIPA,MQPSVVIPA,VQPSVVIPA,Negative,10,9,9,9,9,10,"1,3,8",0.984799,1,0.0,substitution,0.0,1.1579838027317781,Negative,1,cedar,2.8394,IVQPSVVIPA,5.8989,IVQPVVIPA,True,0.2169532847365104
IPRSIFSSDL,HLA-B0702,0.0442,0,1,0.0122,0.8315,0.5548,HLA-B*07:02,27198675,IPRSIFSSDL,IPGSIFSSDL,0,0,450.0,441.0,False,Improved,-2,IPRSIFSSL,-2,IPRSIFSSL,2,1.791759469228055,IPGSIFSSL,0.06544300000000003,IPRSIFSSDL,IPRSIFSSDL,IPGSIFSSDL,Negative,10,10,10,10,10,10,"1,8",0.934557,2,1.791759469228055,substitution,0.0,12.55203619909502,Negative,1,cedar,0.0442,IPGSIFSSDL,0.5548,IPGSIFSSL,True,0.20079832576247514
IQVKTLMVK,HLA-A1101,0.8543,0,1,2.2272,0.4209,0.9034,HLA-A*11:01,"34270940,34270940",IQVKTLMVK,IQVKTQMVK,0,0,,,False,Conserved,-2,IQVKTLMVK,-2,IQVKTLMVK,5,0.6931471805599453,IQVKTQMVK,0.07233100000000003,IQVKTLMVK,IQVKTLMVK,IQVKTQMVK,Negative,9,9,9,9,9,9,"0,1,8",0.927669,5,0.6931471805599453,substitution,0.0,1.0574739552850287,"Negative,Negative",2,cedar,0.8543,IQVKTQMVK,0.9034,IQVKTQMVK,True,0.21422990836178765
ITAPSLSGK,HLA-A0301,0.0325,0,1,0.0645,0.7556,0.0515,HLA-A*03:01,33479501,ITAPSLSGK,TTAPSLSGK,0,0,49.0,41.0,True,Conserved,-1,ITAPSLSGK,-1,ITAPSLSGK,0,1.0986122886681098,TTAPSLSGK,0.018186000000000035,ITAPSLSGK,ITAPSLSGK,TTAPSLSGK,Negative,9,9,9,9,9,9,"0,1,8",0.981814,0,1.0986122886681098,substitution,0.0,1.5846153846153845,Negative,1,cedar,0.0325,TTAPSLSGK,0.0515,TTAPSLSGK,True,0.13756106078121344
IVMEYLAFL,HLA-A0201,0.1588,0,1,0.0085,0.8352,0.1705,HLA-A*02:01,"33257508,33257508,33257508",IVMEYLAFL,IVMEYLALL,0,0,847.0,839.0,False,Conserved,0,IVMEYLAFL,0,IVMEYLAFL,7,1.791759469228055,IVMEYLALL,0.03394699999999995,IVMEYLAFL,IVMEYLAFL,IVMEYLALL,Negative,9,9,9,9,9,9,"1,3,8",0.966053,7,1.791759469228055,substitution,0.0,1.0736775818639799,"Negative,Negative,Negative",3,cedar,0.1588,IVMEYLALL,0.1705,IVMEYLALL,True,0.42634968902098497
IYLLQYVTL,HLA-A2402,0.0231,0,1,0.0725,0.6816,0.047,HLA-A*24:02,30880120,IYLLQYVTL,IYLLQYATL,0,0,1559.0,1551.0,False,Conserved,0,IYLLQYVTL,0,IYLLQYVTL,6,1.3862943611198906,IYLLQYATL,0.04151899999999997,IYLLQYVTL,IYLLQYVTL,IYLLQYATL,Negative,9,9,9,9,9,9,"1,8",0.958481,6,1.3862943611198906,substitution,0.0,2.034632034632035,Negative,1,cedar,0.0231,IYLLQYATL,0.047,IYLLQYATL,True,0.5944623379989045
KAFPDYCTYL,HLA-A0201,5.4356,0,1,0.1063,0.4788,2.8155,HLA-A*02:01,31511069,KAFPDYCTYL,AFPDYSTYL,0,1,82.0,73.0,True,Conserved,-1,KAPDYCTYL,-13,KAFPDYTYL,"0,1,2,3,4,5",1.3862943611198906,AFPDYSTYL,0.12565300000000001,KAFPDYCTYL,KAFPDYCTYL,AFPDYSTYL,Negative,10,10,9,10,9,10,"1,3,8",0.874347,6,1.3862943611198906,substitution,0.0,0.5179740966958569,Negative,1,cedar,5.4356,KAFPDYSTYL,2.964,KAFDYSTYL,True,0.1490083697911157
KFQNYSQRR,HLA-A2402,6.0148,0,1,0.1866,0.716,21.5455,HLA-A*24:02,27198675,KFQNYSQRR,KSQNYSQRR,0,0,764.0,756.0,True,Conserved,-2,KFQNYSQRR,-2,KFQNYSQRR,1,0.6931471805599453,KSQNYSQRR,0.05454599999999998,KFQNYSQRR,KFQNYSQRR,KSQNYSQRR,Negative,9,9,9,9,9,9,"1,8",0.945454,1,0.6931471805599453,substitution,0.0,3.582080867194254,Negative,1,cedar,6.0148,KSQNYSQRR,21.5455,KSQNYSQRR,True,0.10319243836084527
KLADYLNVL,HLA-A0201,0.0283,1,1,0.0154,0.8977,0.063,HLA-A*02:01,"31685621,31685621",KLADYLNVL,KLADYLKVL,0,0,227.0,219.0,False,Conserved,0,KLADYLNVL,0,KLADYLNVL,6,1.3862943611198906,KLADYLKVL,0.05821900000000002,KLADYLNVL,KLADYLNVL,KLADYLKVL,Positive,9,9,9,9,9,9,"1,3,8",0.941781,6,1.3862943611198906,substitution,1.0,2.226148409893993,"Positive_all,Positive_all",2,cedar,0.0283,KLADYLKVL,0.063,KLADYLKVL,True,0.3744079238783135
KLCEANQQQQF,HLA-B1501,0.9282,0,1,1.3149,0.2704,0.2978,HLA-B*15:01,24323902,KLCEANQQQQF,KLREANQQQQF,0,0,683.0,673.0,True,Conserved,-3,KEANQQQQF,-2,KLANQQQQF,"2,3,4,5",-1.0,KLREANQQF,0.054074999999999984,KLCEANQQQQF,KLCEANQQQQF,KLREANQQQQF,Negative,11,11,11,11,11,11,"1,8",0.945925,2,0.6931471805599453,substitution,0.0,0.3208360267183797,Negative,1,cedar,0.9282,KLREANQQQQF,0.2978,KLREANQQF,True,0.07632051136110979
KLKAIPTTL,HLA-A0201,0.2207,1,1,0.8503,0.6679,0.3948,HLA-A*02:01,"35211402,35211402",KLKAIPTTL,KLKAIPTTI,0,0,1079.0,1071.0,True,Conserved,2,KLKAIPTTL,2,KLKAIPTTL,8,1.3862943611198906,KLKAIPTTI,0.009407000000000054,KLKAIPTTL,KLKAIPTTL,KLKAIPTTI,Positive,9,9,9,9,9,9,"1,3,8",0.990593,8,1.3862943611198906,substitution,0.5,1.788853647485274,"Positive_all,Negative",2,cedar,0.2207,KLKAIPTTI,0.3948,KLKAIPTTI,True,0.1511552112453334
KLNTITAVV,HLA-A0201,0.1935,1,1,0.1535,0.3491,0.0452,HLA-A*02:01,30418433,KLNTITAVV,KLNTITPVV,0,0,540.0,532.0,False,Conserved,-1,KLNTITAVV,-1,KLNTITAVV,6,1.3862943611198906,KLNTITPVV,0.061629000000000045,KLNTITAVV,KLNTITAVV,KLNTITPVV,Positive,9,9,9,9,9,9,"1,3,8",0.938371,6,1.3862943611198906,substitution,1.0,0.23359173126614985,Positive_all,1,cedar,0.1935,KLNTITPVV,0.0452,KLNTITPVV,True,0.18572320078736507
KLRRVDFETFL,HLA-A0201,0.3542,0,1,0.779,0.6166,8.0508,HLA-A*02:01,27198675,KLRRVDFETFL,RVDFETFL,0,3,128.0,118.0,True,Improved,-2,KLVDFETFL,-3,KLVDFETFL,"0,1,2",1.6094379124341003,RV-DFETFL,0.11078299999999996,KLRRVDFETFL,KLRRVDFETFL,RVDFETFL,Negative,11,11,8,11,8,11,"1,3,8",0.889217,1,0.6931471805599453,substitution,0.0,22.72953133822699,Negative,1,cedar,0.3542,KSRRVDFETFL,12.6839,KSVDFETFL,True,0.1533584226235884
KLYQCNECK,HLA-A0301,0.2374,0,1,0.0923,0.6816,0.8346,HLA-A*03:01,34518289,KLYQCNECK,KSYQCNECK,0,0,258.0,250.0,True,Improved,-2,KLYQCNECK,-2,KLYQCNECK,1,0.6931471805599453,KSYQCNECK,0.05531799999999998,KLYQCNECK,KLYQCNECK,KSYQCNECK,Negative,9,9,9,9,9,9,"0,1,8",0.944682,1,0.6931471805599453,substitution,0.0,3.51558550968829,Negative,1,cedar,0.2374,KSYQCNECK,0.8346,KSYQCNECK,True,0.1740494411402445
KMAACPKKL,HLA-A0211,1.3882,1,1,1.6066,0.5911,0.7022,HLA-A*02:11,"29643231,29643231",KMAACPKKL,KMAACPEKL,0,0,658.0,650.0,False,Conserved,1,KMAACPKKL,1,KMAACPKKL,6,0.6931471805599453,KMAACPEKL,0.04655600000000004,KMAACPKKL,KMAACPKKL,KMAACPEKL,Positive,9,9,9,9,9,9,"1,8",0.953444,6,0.6931471805599453,substitution,0.5,0.5058348941074773,"Negative,Positive_all",2,cedar,1.3882,KMAACPEKL,0.7022,KMAACPEKL,True,0.07020708800154345
KMVAVFYNT,HLA-A0201,3.624,1,1,0.8294,0.7445,2.3529,HLA-A*02:01,30418433,KMVAVFYNT,KMVAVFYTT,0,0,279.0,271.0,False,Conserved,0,KMVAVFYNT,0,KMVAVFYNT,7,0.6931471805599453,KMVAVFYTT,0.039707999999999966,KMVAVFYNT,KMVAVFYNT,KMVAVFYTT,Positive,9,9,9,9,9,9,"1,3,8",0.960292,7,0.6931471805599453,substitution,1.0,0.6492549668874172,Positive_all,1,cedar,3.624,KMVAVFYTT,2.3529,KMVAVFYTT,True,0.18614171707562288
KPLFPKLAF,HLA-B0702,0.0235,0,1,0.0897,0.7076,0.0211,HLA-B*07:02,27198675,KPLFPKLAF,KPLFPKPAF,0,0,198.0,190.0,False,Conserved,-3,KPLFPKLAF,-3,KPLFPKLAF,6,1.3862943611198906,KPLFPKPAF,0.09174099999999996,KPLFPKLAF,KPLFPKLAF,KPLFPKPAF,Negative,9,9,9,9,9,9,"1,8",0.908259,6,1.3862943611198906,substitution,0.0,0.897872340425532,Negative,1,cedar,0.0235,KPLFPKPAF,0.0211,KPLFPKPAF,True,0.30232163701427667
KPLFPKLAF,HLA-B3501,0.1853,0,1,0.0897,0.7076,0.1887,HLA-B*35:01,27198675,KPLFPKLAF,KPLFPKPAF,0,0,198.0,190.0,False,Conserved,-3,KPLFPKLAF,-3,KPLFPKLAF,6,1.3862943611198906,KPLFPKPAF,0.09174099999999996,KPLFPKLAF,KPLFPKLAF,KPLFPKPAF,Negative,9,9,9,9,9,9,"1,8",0.908259,6,1.3862943611198906,substitution,0.0,1.0183486238532111,Negative,1,cedar,0.1853,KPLFPKPAF,0.1887,KPLFPKPAF,True,0.18215072678256714
KPLLNCKIYNY,HLA-B3501,0.6581,0,1,1.7578,0.3567,1.038,HLA-B*35:01,27198675,KPLLNCKIY,KPPLNCKIY,0,0,934.0,924.0,False,Conserved,-3,KLNCKIYNY,-3,KPLLNCKIY,2,1.3862943611198906,KPPLNCKIY,0.09509900000000004,KPLLNCKIYNY,KPLLNCKIY,KPPLNCKIY,Negative,11,9,9,9,9,11,"1,8",0.904901,2,1.3862943611198906,substitution,0.0,1.5772678924175658,Negative,1,cedar,3.7788,KPPLNCKIYNY,3.7745,KPPLNIYNY,True,0.13209013003303108
KQWLVWLAL,HLA-A0206,0.7517,1,1,0.0341,0.4446,0.8539,HLA-A*02:06,"32807968,32807968",KQWLVWLAL,KQWLVWLLL,0,0,76.0,68.0,False,Conserved,-1,KQWLVWLAL,-1,KQWLVWLAL,7,-1.0,KQWLVWLLL,0.04296100000000003,KQWLVWLAL,KQWLVWLAL,KQWLVWLLL,Positive,9,9,9,9,9,9,"1,3,8",0.957039,7,-1.0,substitution,0.5,1.135958494080085,"Positive_all,Negative",2,cedar,0.7517,KQWLVWLLL,0.8539,KQWLVWLLL,True,0.29003046333533994
KQWLVWLFL,HLA-A0201,1.7797,1,1,0.0521,0.416,1.5359,HLA-A*02:01,"33665637,33665637",KQWLVWLFL,KQWLVWLLL,0,0,76.0,68.0,False,Conserved,0,KQWLVWLFL,0,KQWLVWLFL,7,1.791759469228055,KQWLVWLLL,0.037622000000000044,KQWLVWLFL,KQWLVWLFL,KQWLVWLLL,Positive,9,9,9,9,9,9,"1,3,8",0.962378,7,1.791759469228055,substitution,1.0,0.8630106197673765,"Positive_all,Positive_all",2,cedar,1.7797,KQWLVWLLL,1.5359,KQWLVWLLL,True,0.4502176316131842
KQWLVWLFL,HLA-A0206,1.0547,1,1,0.0521,0.416,0.8539,HLA-A*02:06,"29545564,29545564,29545564,29545564,29545564,29545564,29545564,29545564,32807968,32807968,32807968,32807968,32807968,32807968,29643231,29643231,29643231,29643231",KQWLVWLFL,KQWLVWLLL,0,0,76.0,68.0,False,Conserved,0,KQWLVWLFL,0,KQWLVWLFL,7,1.791759469228055,KQWLVWLLL,0.037622000000000044,KQWLVWLFL,KQWLVWLFL,KQWLVWLLL,Positive,9,9,9,9,9,9,"1,3,8",0.962378,7,1.791759469228055,substitution,0.8333333333333334,0.8096141082772352,"Positive_all,Negative,Positive_all,Positive_all,Negative,Positive_all,Negative,Positive_all,Positive_all,Positive_all,Positive_all,Positive_all,Positive_all,Positive_all,Positive_all,Positive_all,Positive_all,Positive_all",18,cedar,1.0547,KQWLVWLLL,0.8539,KQWLVWLLL,True,0.45567904299955064
KTLAYSFQSL,HLA-A0201,0.4766,0,1,0.3211,0.549,0.3062,HLA-A*02:01,27198675,TLAYSFQSL,TLAYPFQSL,1,1,275.0,266.0,False,Conserved,-1,KTLASFQSL,-1,TLAYSFQSL,4,1.3862943611198906,TLAYPFQSL,0.08669700000000002,KTLAYSFQSL,TLAYSFQSL,TLAYPFQSL,Negative,10,9,9,9,9,10,"1,3,8",0.913303,5,1.3862943611198906,substitution,0.0,0.6424674779689468,Negative,1,cedar,2.9743,KTLAYPFQSL,1.8749,KLAYPFQSL,True,0.09876999745205484
KTLAYSFQSLL,HLA-A0201,0.4766,0,1,0.4403,0.5039,0.3062,HLA-A*02:01,27198675,TLAYSFQSL,TLAYPFQSL,1,1,276.0,266.0,False,Conserved,-1,KTLSFQSLL,-1,TLAYSFQSL,4,1.3862943611198906,TLAYPFQSL,0.08669700000000002,KTLAYSFQSLL,TLAYSFQSL,TLAYPFQSL,Negative,11,9,9,9,9,11,"1,3,8",0.913303,5,1.3862943611198906,substitution,0.0,0.6424674779689468,Negative,1,cedar,7.0735,KTLAYPFQSLL,4.397,KTYPFQSLL,True,0.12040619291755744
KTLAYSFQSLL,HLA-A2402,1.5522,0,1,0.4403,0.5039,0.8741,HLA-A*24:02,27198675,AYSFQSLL,AYPFQSLL,3,3,276.0,266.0,True,Conserved,-1,KTLSFQSLL,-12,AYS-FQSLL,"2,3",,AY-PFQSLL,0.08730899999999997,KTLAYSFQSLL,AYSFQSLL,AYPFQSLL,Negative,11,8,8,8,8,11,"1,8",0.912691,5,1.3862943611198906,substitution,0.0,0.5631361937894601,Negative,1,cedar,9.0631,KTLAYPFQSLL,4.4147,KTYPFQSLL,True,0.0986587668962072
KTLETPEFV,HLA-A0201,0.2564,0,1,0.2582,0.726,0.5869,HLA-A*02:01,31511069,KTLETPEFV,KTLGTPEFV,0,0,144.0,136.0,True,Conserved,-2,KTLETPEFV,-2,KTLETPEFV,3,0.6931471805599453,KTLGTPEFV,0.09348299999999998,KTLETPEFV,KTLETPEFV,KTLGTPEFV,Negative,9,9,9,9,9,9,"1,3,8",0.906517,3,0.6931471805599453,substitution,0.0,2.289001560062402,Negative,1,cedar,0.2564,KTLGTPEFV,0.5869,KTLGTPEFV,True,0.15039152327090835
KTLMVKVMR,HLA-A1101,0.4065,0,1,0.0371,0.8051,0.4654,HLA-A*11:01,"34270940,34270940",KTLMVKVMR,KTQMVKVMR,0,0,,,False,Conserved,-2,KTLMVKVMR,-2,KTLMVKVMR,2,0.6931471805599453,KTQMVKVMR,0.061531,KTLMVKVMR,KTLMVKVMR,KTQMVKVMR,Negative,9,9,9,9,9,9,"0,1,8",0.938469,2,0.6931471805599453,substitution,0.0,1.1448954489544896,"Negative,Negative",2,cedar,0.4065,KTQMVKVMR,0.4654,KTQMVKVMR,True,0.23851213255050321
KTVSITSYI,HLA-A0201,2.5522,0,1,0.0099,0.7202,2.1871,HLA-A*02:01,31511069,KTVSITSYI,KTVSIPSYI,0,0,118.0,110.0,False,Conserved,-1,KTVSITSYI,-1,KTVSITSYI,5,1.3862943611198906,KTVSIPSYI,0.07849300000000003,KTVSITSYI,KTVSITSYI,KTVSIPSYI,Negative,9,9,9,9,9,9,"1,3,8",0.921507,5,1.3862943611198906,substitution,0.0,0.856946947731369,Negative,1,cedar,2.5522,KTVSIPSYI,2.1871,KTVSIPSYI,True,0.15250224779245225
KVIDHVIET,HLA-A0201,0.3063,0,1,0.2993,0.7106,1.4073,HLA-A*02:01,"35193931,35193931",KVIDHVIET,KVIDHAIET,0,0,300.0,292.0,False,Improved,0,KVIDHVIET,0,KVIDHVIET,5,1.3862943611198906,KVIDHAIET,0.05172399999999999,KVIDHVIET,KVIDHVIET,KVIDHAIET,Negative,9,9,9,9,9,9,"1,3,8",0.948276,5,1.3862943611198906,substitution,0.0,4.5945151811949065,"Negative,Negative",2,cedar,0.3063,KVIDHAIET,1.4073,KVIDHAIET,True,0.2132593930254897
KVSSVFYTTV,HLA-A0201,2.3133,0,1,0.3033,0.6672,3.7755,HLA-A*02:01,31511069,KVSSVFYTTV,KVSSVFYTT,0,0,281.0,272.0,True,Conserved,3,KVSSVFTTV,-2,KVSSVFTTV,"6,8",-1.0,KVSSVFYTT,0.028847999999999985,KVSSVFYTTV,KVSSVFYTTV,KVSSVFYTT,Negative,10,10,9,10,9,10,"1,3,8",0.971152,9,1.0986122886681098,substitution,0.0,1.632084035793023,Negative,1,cedar,2.3133,KVSSVFYTTI,6.1623,KVSSVFTTI,True,0.14399517808929987
LACERLLYL,HLA-A0201,3.8478,0,1,0.1453,0.5447,25.6341,HLA-A*02:01,27198675,LACERLLYL,LACERLLYP,0,0,169.0,161.0,True,Conserved,-3,LACERLLYL,-3,LACERLLYL,8,1.3862943611198906,LACERLLYP,0.03429000000000004,LACERLLYL,LACERLLYL,LACERLLYP,Negative,9,9,9,9,9,9,"1,3,8",0.96571,8,1.3862943611198906,substitution,0.0,6.662014657726493,Negative,1,cedar,3.8478,LACERLLYP,25.6341,LACERLLYP,True,0.24353774138914522
LFPGALYLV,HLA-A2402,0.7784,0,1,0.4151,0.4869,0.7753,HLA-A*24:02,"34270940,34270940",LFPGALYLV,LFPGASYLV,0,0,429.0,421.0,False,Conserved,-2,LFPGALYLV,-2,LFPGALYLV,5,0.6931471805599453,LFPGASYLV,0.07979099999999995,LFPGALYLV,LFPGALYLV,LFPGASYLV,Negative,9,9,9,9,9,9,"1,8",0.920209,5,0.6931471805599453,substitution,0.0,0.9960174717368963,"Negative,Negative",2,cedar,0.7784,LFPGASYLV,0.7753,LFPGASYLV,True,0.21874244239909743
LGPMGGSLTL,HLA-B5101,0.5951,0,1,0.0242,0.568,0.581,HLA-B*51:01,"34244308,34244308",LGPMGGSLTL,LGPMGGGLTL,0,0,3131.0,3122.0,False,Conserved,0,LPMGGSLTL,0,LPMGGSLTL,5,0.6931471805599453,LPMGGGLTL,0.05000400000000005,LGPMGGSLTL,LGPMGGSLTL,LGPMGGGLTL,Negative,10,10,10,10,10,10,"1,8",0.949996,6,0.6931471805599453,substitution,0.0,0.9763065031087212,"Negative,Negative",2,cedar,0.5951,LGPMGGGLTL,0.581,LPMGGGLTL,True,0.14262046643890858
LIDSNTLQV,HLA-A0201,0.1906,0,1,0.0231,0.6934,0.0398,HLA-A*02:01,33479501,LIDSNTLQV,LIDPNTLQV,0,0,291.0,283.0,True,Conserved,-1,LIDSNTLQV,-1,LIDSNTLQV,3,1.3862943611198906,LIDPNTLQV,0.08115899999999998,LIDSNTLQV,LIDSNTLQV,LIDPNTLQV,Negative,9,9,9,9,9,9,"1,3,8",0.918841,3,1.3862943611198906,substitution,0.0,0.2088142707240294,Negative,1,cedar,0.1906,LIDPNTLQV,0.0398,LIDPNTLQV,True,0.17950671294801565
LKLRRVDFETF,HLA-A2402,3.403,0,1,6.5135,0.1829,3.2441,HLA-A*24:02,27198675,KLRRVDFETF,SRRVDFETF,1,2,127.0,117.0,True,Conserved,-2,LRRVDFETF,-5,KLRRDFETF,"0,1,3",1.3862943611198906,SRRVDFETF,0.053149,LKLRRVDFETF,KLRRVDFETF,SRRVDFETF,Negative,11,10,9,10,9,11,"1,8",0.946851,2,0.6931471805599453,substitution,0.0,0.9533059065530414,Negative,1,cedar,10.4427,LKSRRVDFETF,10.3855,LKSVDFETF,True,0.14999703095681716
LLCSSCWDF,HLA-B1501,6.4311,0,1,2.1737,0.3902,4.3399,HLA-B*15:01,27198675,LLCSSCWDF,LLCPSCWDF,0,0,601.0,593.0,False,Conserved,-1,LLCSSCWDF,-1,LLCSSCWDF,3,1.3862943611198906,LLCPSCWDF,0.097943,LLCSSCWDF,LLCSSCWDF,LLCPSCWDF,Negative,9,9,9,9,9,9,"1,8",0.902057,3,1.3862943611198906,substitution,0.0,0.6748301223740885,Negative,1,cedar,6.4311,LLCPSCWDF,4.3399,LLCPSCWDF,True,0.19885256419990416
LLFQRFFVI,HLA-B0801,0.303,0,1,0.0249,0.7225,0.1194,HLA-B*08:01,33479501,LLFQRFFVI,LLFQRFSVI,0,0,111.0,103.0,False,Conserved,-2,LLFQRFFVI,-2,LLFQRFFVI,6,0.6931471805599453,LLFQRFSVI,0.07440899999999995,LLFQRFFVI,LLFQRFFVI,LLFQRFSVI,Negative,9,9,9,9,9,9,"1,4,8",0.925591,6,0.6931471805599453,substitution,0.0,0.3940594059405941,Negative,1,cedar,0.303,LLFQRFSVI,0.1194,LLFQRFSVI,True,0.45899611483104735
LLLAELSSPFV,HLA-A0201,0.3288,0,1,0.2366,0.7405,0.3288,HLA-A*02:01,31511069,LLAELSSPFV,LLAELSSPFV,1,1,155.0,145.0,False,Conserved,-2,LLLAELSSV,4,LLAESSPFV,-1,,LLAESSPFV,0.0,LLLAELSSPFV,LLAELSSPFV,LLAELSSPFV,Negative,11,10,10,10,10,11,"1,3,8",1.0,0,1.3862943611198906,substitution,0.0,1.0,Negative,1,cedar,0.8598,RLLAELSSPFV,0.4001,RLLAELPFV,True,0.11860236969114041
LLLEFGANM,HLA-A0201,0.5135,0,1,0.4787,0.8019,0.0821,HLA-A*02:01,31511069,LLLEFGANM,LLLEFGANV,0,0,985.0,977.0,True,Conserved,1,LLLEFGANM,1,LLLEFGANM,8,0.0,LLLEFGANV,0.016295999999999977,LLLEFGANM,LLLEFGANM,LLLEFGANV,Negative,9,9,9,9,9,9,"1,3,8",0.983704,8,0.0,substitution,0.0,0.1598831548198637,Negative,1,cedar,0.5135,LLLEFGANV,0.0821,LLLEFGANV,True,0.17682509779573252
LLLEVVWHL,HLA-A0201,0.0167,0,1,0.0136,0.7933,0.0112,HLA-A*02:01,30556813,LLLEVVWHL,LLLEAVWHL,0,0,185.0,177.0,False,Conserved,0,LLLEVVWHL,0,LLLEVVWHL,4,1.3862943611198906,LLLEAVWHL,0.053983,LLLEVVWHL,LLLEVVWHL,LLLEAVWHL,Negative,9,9,9,9,9,9,"1,3,8",0.946017,4,1.3862943611198906,substitution,0.0,0.6706586826347305,Negative,1,cedar,0.0167,LLLEAVWHL,0.0112,LLLEAVWHL,True,0.5673030027869814
LLMGSSDLA,HLA-A0201,2.0103,0,1,0.5513,0.716,3.102,HLA-A*02:01,31511069,LLMGSSDLA,LLMGSCDLA,0,0,189.0,181.0,False,Conserved,-1,LLMGSSDLA,-1,LLMGSSDLA,5,1.3862943611198906,LLMGSCDLA,0.09114100000000003,LLMGSSDLA,LLMGSSDLA,LLMGSCDLA,Negative,9,9,9,9,9,9,"1,3,8",0.908859,5,1.3862943611198906,substitution,0.0,1.5430532756305029,Negative,1,cedar,2.0103,LLMGSCDLA,3.102,LLMGSCDLA,True,0.1036021043284185
LLPVLSWLL,HLA-A0201,0.841,0,1,0.1808,0.6058,4.3987,HLA-A*02:01,27198675,LLPVLSWLL,LLPVLSWL,0,0,63.0,55.0,True,Improved,-3,LLPVLSWLL,-14,LLPVLSWLL,"2,3,4,5,6,7",1.9459101490553132,LL-PVLSWL,0.05015000000000003,LLPVLSWLL,LLPVLSWLL,LLPVLSWL,Negative,9,9,8,9,8,9,"1,3,8",0.94985,8,1.3862943611198906,substitution,0.0,5.230321046373365,Negative,1,cedar,0.841,LLPVLSWLP,8.9408,LLPVLSWLP,True,0.36422307578662677
LMASISSFL,HLA-A0201,0.3946,1,1,0.0073,0.9301,0.3709,HLA-A*02:01,"30418433,27198675,27198675,27198675,27198675",LMASISSFL,LMASISSSL,0,0,81.0,73.0,False,Conserved,-2,LMASISSFL,-2,LMASISSFL,7,0.6931471805599453,LMASISSSL,0.043294000000000055,LMASISSFL,LMASISSFL,LMASISSSL,Positive,9,9,9,9,9,9,"1,3,8",0.956706,7,0.6931471805599453,substitution,0.2,0.9399391789153573,"Positive_all,Negative,Negative,Negative,Negative",5,cedar,0.3946,LMASISSSL,0.3709,LMASISSSL,True,0.12857942333133263
LMASISSFLL,HLA-A0201,0.3946,1,1,0.0216,0.8848,0.3709,HLA-A*02:01,"27198675,27198675,27198675,27198675",LMASISSFL,LMASISSSL,0,0,82.0,73.0,False,Conserved,-2,LMASISSFL,-2,LMASISSFL,7,0.6931471805599453,LMASISSSL,0.043294000000000055,LMASISSFLL,LMASISSFL,LMASISSSL,Negative,10,9,9,9,9,10,"1,3,8",0.956706,7,0.6931471805599453,substitution,0.0,0.9399391789153573,"Negative,Negative,Negative,Negative",4,cedar,2.2192,LMASISSSLL,3.319,LMASISSSL,True,0.12762539872015105
LMASISSFLLV,HLA-A0201,0.3946,1,1,0.2231,0.785,0.3709,HLA-A*02:01,27198675,LMASISSFL,LMASISSSL,0,0,83.0,73.0,False,Conserved,-2,LMASISSFV,-2,LMASISSFL,7,0.6931471805599453,LMASISSSL,0.043294000000000055,LMASISSFLLV,LMASISSFL,LMASISSSL,Negative,11,9,9,9,9,11,"1,3,8",0.956706,7,0.6931471805599453,substitution,0.0,0.9399391789153573,Negative,1,cedar,3.3133,LMASISSSLLV,2.8453,LMASISSSV,True,0.1468951845697789
LMAVRSKYSEV,HLA-A0201,4.8858,0,1,1.3223,0.6136,28.6296,HLA-A*02:01,31511069,AVRSKYSEV,LMAVRSKYS,2,0,47.0,37.0,True,Conserved,-3,LMASKYSEV,-7,AVRSKYSEV,"0,1,2,3,4,5,6,7,8",1.6094379124341003,LMAVRSKYS,0.142571,LMAVRSKYSEV,AVRSKYSEV,LMAVRSKYS,Negative,11,9,9,9,9,11,"1,3,8",0.857429,10,0.6931471805599453,substitution,0.0,5.859756846371116,Negative,1,cedar,9.239,LMAVRSKYSED,90.0,LMASKYSED,True,0.10344905798925813
LMRDHMPPV,HLA-A0203,0.0817,1,1,0.0126,0.8969,0.0491,HLA-A*02:03,33262196,LMRDHMPPV,LMRDHVPPV,0,0,225.0,217.0,False,Conserved,1,LMRDHMPPV,1,LMRDHMPPV,5,0.0,LMRDHVPPV,0.05849000000000004,LMRDHMPPV,LMRDHMPPV,LMRDHVPPV,Positive,9,9,9,9,9,9,"1,8",0.94151,5,0.0,substitution,1.0,0.6009791921664627,Positive_all,1,cedar,0.0817,LMRDHVPPV,0.0491,LMRDHVPPV,True,0.38731758829078217
LPEMRAYQDKW,HLA-B3501,4.9636,0,1,1.5221,0.3379,3.5768,HLA-B*35:01,27198675,LPEMRAYQDKW,LPEMRAHQDKW,0,0,244.0,234.0,False,Conserved,2,LMRAYQDKW,2,LPEMRAYQW,6,0.6931471805599453,LPEMRAHQW,0.057903999999999956,LPEMRAYQDKW,LPEMRAYQDKW,LPEMRAHQDKW,Negative,11,11,11,11,11,11,"1,8",0.942096,6,0.6931471805599453,substitution,0.0,0.720606011765654,Negative,1,cedar,4.9636,LPEMRAHQDKW,3.5768,LPEMRAHQW,True,0.08737064239402997
LPSFRPPTAL,HLA-B0801,0.438,0,1,0.0547,0.7421,2.6265,HLA-B*08:01,33479501,LPSFRPPTAL,LPSLRPPTQ,0,0,310.0,301.0,True,Improved,-4,LPSRPPTAL,-3,LPSFRPTAL,"3,6,7,8",2.772588722239781,LPSLRPPTQ,0.10260400000000003,LPSFRPPTAL,LPSFRPPTAL,LPSLRPPTQ,Negative,10,10,9,10,9,10,"1,4,8",0.897396,"3,8,9",2.302585092994046,substitution,0.0,5.9965753424657535,Negative,1,cedar,0.438,LPSLRPPTQP,14.3706,LPSLRPTQP,True,0.09861374542506215
LQINCSHFSTI,HLA-A0201,13.5496,0,1,0.1516,0.3226,10.6777,HLA-A*02:01,31511069,LQINCSHFSTI,LQINCSHFTTI,0,0,407.0,397.0,False,Conserved,1,LQISHFSTI,1,LQISHFSTI,6,1.791759469228055,LQISHFTTI,0.021801999999999988,LQINCSHFSTI,LQINCSHFSTI,LQINCSHFTTI,Negative,11,11,11,11,11,11,"1,3,8",0.978198,8,1.791759469228055,substitution,0.0,0.7880454035543485,Negative,1,cedar,13.5496,LQINCSHFTTI,10.6777,LQISHFTTI,True,0.16613015620105387
LQQYKTLAYSF,HLA-A2402,0.0339,0,1,0.51,0.5834,0.1818,HLA-A*24:02,27198675,QYKTLAYSF,QYKTLAYPF,2,2,272.0,262.0,False,Conserved,-1,LQQYKTLSF,-1,QYKTLAYSF,7,1.3862943611198906,QYKTLAYPF,0.051895000000000024,LQQYKTLAYSF,QYKTLAYSF,QYKTLAYPF,Negative,11,9,9,9,9,11,"1,8",0.948105,9,1.3862943611198906,substitution,0.0,5.3628318584070795,Negative,1,cedar,1.0843,LQQYKTLAYPF,2.5767,LYKTLAYPF,True,0.12053174062828637
LSAQSHCSTY,HLA-B1501,0.2481,0,1,0.1825,0.4826,0.3301,HLA-B*15:01,27198675,AQSHCSTY,LSAPSHCSTY,2,0,681.0,672.0,True,Conserved,-1,LSAQSHSTY,-10,AQS-HCSTY,"0,1,2,3,4,5",0.0,LSAPSHSTY,0.13338399999999995,LSAQSHCSTY,AQSHCSTY,LSAPSHCSTY,Negative,10,8,10,8,10,10,"1,8",0.866616,3,0.6931471805599453,substitution,0.0,1.3305118903667876,Negative,1,cedar,0.5873,LSAPSHCSTY,0.3301,LSAPSHSTY,True,0.06912530652671743
LTEKVSLLK,HLA-A0101,0.7133,0,1,0.4349,0.6018,1.8384,HLA-A*01:01,30556813,LTEKVSLLK,LTEKVSLLE,0,0,516.0,508.0,True,Conserved,1,LTEKVSLLK,1,LTEKVSLLK,8,0.6931471805599453,LTEKVSLLE,0.014015,LTEKVSLLK,LTEKVSLLK,LTEKVSLLE,Negative,9,9,9,9,9,9,"1,2,8",0.985985,8,0.6931471805599453,substitution,0.0,2.5773166970419177,Negative,1,cedar,0.7133,LTEKVSLLE,1.8384,LTEKVSLLE,True,0.1881032537374244
LTVETLTKV,HLA-A0210,0.1205,0,1,0.1358,0.6528,0.0301,HLA-A*02:10,33208106,LTVETLTKV,LTMETLTKV,0,0,672.0,664.0,False,Conserved,1,LTVETLTKV,1,LTVETLTKV,2,0.0,LTMETLTKV,0.03787499999999999,LTVETLTKV,LTVETLTKV,LTMETLTKV,Negative,9,9,9,9,9,9,"1,3,8",0.962125,2,0.0,substitution,0.0,0.24979253112033195,Negative,1,cedar,0.1205,LTMETLTKV,0.0301,LTMETLTKV,True,0.2709096043561862
LWTEMITNI,HLA-A2402,0.8196,0,1,0.5637,0.4397,0.6961,HLA-A*24:02,"34270940,34270940",LWTEMITNI,LWTETITNI,0,0,420.0,412.0,False,Conserved,-1,LWTEMITNI,-1,LWTEMITNI,4,0.0,LWTETITNI,0.07511199999999996,LWTEMITNI,LWTEMITNI,LWTETITNI,Negative,9,9,9,9,9,9,"1,8",0.924888,4,0.0,substitution,0.0,0.8493167398731089,"Negative,Negative",2,cedar,0.8196,LWTETITNI,0.6961,LWTETITNI,True,0.2153271313263998
MAGSLVFLSSL,HLA-B0702,10.7707,0,1,2.0678,0.2938,0.2451,HLA-B*07:02,27198675,SLVFLSSL,SPVFLSSL,3,3,161.0,151.0,True,Conserved,-3,MSLVFLSSL,-3,SLV-FLSSL,1,1.3862943611198906,SPV-FLSSL,0.07522099999999998,MAGSLVFLSSL,SLVFLSSL,SPVFLSSL,Negative,11,8,8,8,8,11,"1,8",0.924779,4,1.3862943611198906,substitution,0.0,0.022756181121004207,Negative,1,cedar,15.5333,MAGSPVFLSSL,5.7693,MAGSPVSSL,True,0.15391822611304506
MGMNSIEPAK,HLA-A1101,0.5412,0,1,0.2152,0.6184,1.5234,HLA-A*11:01,"34270940,34270940",GMNSIEPAK,EMNSIEPAK,1,1,490.0,481.0,True,Conserved,-2,MMNSIEPAK,-2,GMNSIEPAK,0,0.6931471805599453,EMNSIEPAK,0.029237999999999986,MGMNSIEPAK,GMNSIEPAK,EMNSIEPAK,Negative,10,9,9,9,9,10,"0,1,8",0.970762,1,0.6931471805599453,substitution,0.0,2.8148558758314857,"Negative,Negative",2,cedar,2.0323,MEMNSIEPAK,3.0202,MMNSIEPAK,True,0.06343243238636526
MIISHLYLI,HLA-A0201,0.4688,1,1,0.0256,0.7893,0.9773,HLA-A*02:01,30418433,MIISHLYLI,MIISHLSLI,0,0,90.0,82.0,False,Conserved,-2,MIISHLYLI,-2,MIISHLYLI,6,0.6931471805599453,MIISHLSLI,0.06951099999999999,MIISHLYLI,MIISHLYLI,MIISHLSLI,Positive,9,9,9,9,9,9,"1,3,8",0.930489,6,0.6931471805599453,substitution,1.0,2.084684300341297,Positive_all,1,cedar,0.4688,MIISHLSLI,0.9773,MIISHLSLI,True,0.47622248437195847
MLGEQLFPL,HLA-A0201,0.1553,1,1,0.01,0.9501,0.2156,HLA-A*02:01,"25837513,25837513,25837513,25837513,25837513,25837513,25837513,30418433",MLGEQLFPL,MLGERLFPL,0,0,564.0,556.0,False,Conserved,1,MLGEQLFPL,1,MLGEQLFPL,4,0.6931471805599453,MLGERLFPL,0.06332300000000002,MLGEQLFPL,MLGEQLFPL,MLGERLFPL,Positive,9,9,9,9,9,9,"1,3,8",0.936677,4,0.6931471805599453,substitution,0.875,1.3882807469414038,"Negative,Positive_all,Positive_all,Positive_all,Positive_all,Positive_all,Positive_all,Positive_all",8,cedar,0.1553,MLGERLFPL,0.2156,MLGERLFPL,True,0.18594568484391372
MLKAKSQFK,HLA-A0301,0.1343,0,1,0.0571,0.7232,0.2335,HLA-A*03:01,31511069,MLKAKSQFK,MIKAKSQFK,0,0,302.0,294.0,True,Conserved,2,MLKAKSQFK,2,MLKAKSQFK,1,1.3862943611198906,MIKAKSQFK,0.017502000000000018,MLKAKSQFK,MLKAKSQFK,MIKAKSQFK,Negative,9,9,9,9,9,9,"0,1,8",0.982498,1,1.3862943611198906,substitution,0.0,1.738644825018615,Negative,1,cedar,0.1343,MIKAKSQFK,0.2335,MIKAKSQFK,True,0.15485251311613102
MLLLMEREDKV,HLA-A0201,0.1052,0,1,2.7376,0.5626,0.1052,HLA-A*02:01,31511069,LLMEREDKV,LLMEREDKV,2,2,198.0,188.0,False,Conserved,1,MLMEREDKV,4,LLMEREDKV,-1,,LLMEREDKV,0.0,MLLLMEREDKV,LLMEREDKV,LLMEREDKV,Negative,11,9,9,9,9,11,"1,3,8",1.0,0,0.0,substitution,0.0,1.0,Negative,1,cedar,2.4264,VLLLMEREDKV,2.3418,VLMEREDKV,True,0.16083069407917894
MPIEPGDIGC,HLA-B3501,1.217,1,1,0.3513,0.4972,0.0144,HLA-B*35:01,24891321,MPIEPGDIG,MPIEPGDIGY,0,0,325.0,316.0,True,Conserved,-2,MPIEPGIGC,-14,MPIEPGDIG,"3,4,5,6,7,8",0.6931471805599453,MPIPGDIGY,0.04227700000000001,MPIEPGDIGC,MPIEPGDIG,MPIEPGDIGY,Positive,10,9,10,9,10,10,"1,8",0.957723,9,0.6931471805599453,substitution,1.0,0.011832374691865242,Positive_all,1,cedar,1.7386,MPIEPGDIGY,0.0144,MPIPGDIGY,True,0.15627032798215895
MSQPDAQRY,HLA-B1501,0.6139,0,1,0.1274,0.5254,0.662,HLA-B*15:01,31243155,MSQPDAQRY,ISQPDAQRY,0,0,275.0,267.0,False,Conserved,1,MSQPDAQRY,1,MSQPDAQRY,0,1.0986122886681098,ISQPDAQRY,0.014514000000000027,MSQPDAQRY,MSQPDAQRY,ISQPDAQRY,Negative,9,9,9,9,9,9,"1,8",0.985486,0,1.0986122886681098,substitution,0.0,1.0783515230493566,Negative,1,cedar,0.6139,ISQPDAQRY,0.662,ISQPDAQRY,True,0.07244215224742709
MVDTRGGSM,HLA-B0702,0.8573,0,1,0.0563,0.5649,0.803,HLA-B*07:02,27198675,MVDTRGGSM,MVDARGGSM,0,0,926.0,918.0,False,Conserved,0,MVDTRGGSM,0,MVDTRGGSM,3,1.3862943611198906,MVDARGGSM,0.05496699999999999,MVDTRGGSM,MVDTRGGSM,MVDARGGSM,Negative,9,9,9,9,9,9,"1,8",0.945033,3,1.3862943611198906,substitution,0.0,0.9366616120377932,Negative,1,cedar,0.8573,MVDARGGSM,0.803,MVDARGGSM,True,0.11932248422501421
MVYWTGGIPA,HLA-A0201,6.4021,0,1,0.16,0.6366,7.0949,HLA-A*02:01,31511069,MVYWTGGIPA,MVYWTGDIPA,0,0,279.0,270.0,True,Conserved,-1,MVYWGGIPA,-1,MVWTGGIPA,"2,3,5",0.6931471805599453,MVYWGDIPA,0.08433900000000005,MVYWTGGIPA,MVYWTGGIPA,MVYWTGDIPA,Negative,10,10,10,10,10,10,"1,3,8",0.915661,6,0.6931471805599453,substitution,0.0,1.1082144921197732,Negative,1,cedar,6.4021,MVYWTGDIPA,7.0949,MVYWGDIPA,True,0.270744555938141
NAFSGEYIPTV,HLA-A0201,0.1292,1,1,0.7934,0.4681,1.3615,HLA-A*02:01,27198675,FSGEYIPTV,FPGEYIPTV,2,2,36.0,26.0,True,Improved,-1,NAFSGIPTV,-1,FSGEYIPTV,1,1.3862943611198906,FPGEYIPTV,0.057957999999999954,NAFSGEYIPTV,FSGEYIPTV,FPGEYIPTV,Negative,11,9,9,9,9,11,"1,3,8",0.942042,3,1.3862943611198906,substitution,0.0,10.537925696594426,Negative,1,cedar,3.0209,NAFPGEYIPTV,1.9576,NAFPGIPTV,True,0.06499276872828888
NETPVAVLTI,HLA-B4403,0.8333,0,1,0.1515,0.4518,0.7392,HLA-B*44:03,30556813,NETPVAVLTI,NETPVAGLTI,0,0,79.0,70.0,False,Conserved,-3,NETPVVLTI,-3,NETPVVLTI,5,1.3862943611198906,NETPVGLTI,0.07224200000000003,NETPVAVLTI,NETPVAVLTI,NETPVAGLTI,Negative,10,10,10,10,10,10,"1,8",0.927758,6,1.3862943611198906,substitution,0.0,0.8870754830193207,Negative,1,cedar,0.8333,NETPVAGLTI,0.7392,NETPVGLTI,True,0.14743149948866396
NISSGTRML,HLA-B0702,2.3451,0,1,1.8019,0.185,1.3622,HLA-B*07:02,27198675,NISSGTRML,NISSGTRVL,0,0,263.0,255.0,False,Conserved,1,NISSGTRML,1,NISSGTRML,7,0.0,NISSGTRVL,0.029559000000000002,NISSGTRML,NISSGTRML,NISSGTRVL,Negative,9,9,9,9,9,9,"1,8",0.970441,7,0.0,substitution,0.0,0.5808707517803079,Negative,1,cedar,2.3451,NISSGTRVL,1.3622,NISSGTRVL,True,0.08274178440205082
NLGNREAEL,HLA-A0201,2.3784,0,1,0.8048,0.3973,1.0072,HLA-A*02:01,27198675,NLGNREAEL,NLGDREAEL,0,0,2471.0,2463.0,True,Conserved,1,NLGNREAEL,1,NLGNREAEL,3,0.6931471805599453,NLGDREAEL,0.05762900000000004,NLGNREAEL,NLGNREAEL,NLGDREAEL,Negative,9,9,9,9,9,9,"1,3,8",0.942371,3,0.6931471805599453,substitution,0.0,0.42347796838210566,Negative,1,cedar,2.3784,NLGDREAEL,1.0072,NLGDREAEL,True,0.12322093999224132
NRHDCWSLISL,HLA-C0702,1.4352,1,1,0.5524,0.3885,9.25,HLA-C*07:02,32226429,NRHDCWSLISL,GHDCWSLISL,0,1,149.0,139.0,True,Improved,-2,NRHDSLISL,-5,NRHDSLISL,"0,1,2,3",1.3862943611198906,GHDWSLISL,0.06784699999999999,NRHDCWSLISL,NRHDCWSLISL,GHDCWSLISL,Positive,11,11,10,11,10,11,"1,8",0.932153,1,1.791759469228055,substitution,1.0,6.445094760312151,Positive_all,1,cedar,1.4352,NGHDCWSLISL,27.25,NGHDSLISL,True,0.11145069313361919
NVLEWIIYA,HLA-A0201,0.2905,0,1,0.0566,0.7387,1.2071,HLA-A*02:01,31511069,NVLEWIIYA,NVLEWIIYT,0,0,838.0,830.0,True,Improved,0,NVLEWIIYA,0,NVLEWIIYA,8,1.3862943611198906,NVLEWIIYT,0.018442999999999987,NVLEWIIYA,NVLEWIIYA,NVLEWIIYT,Negative,9,9,9,9,9,9,"1,3,8",0.981557,8,1.3862943611198906,substitution,0.0,4.155249569707402,Negative,1,cedar,0.2905,NVLEWIIYT,1.2071,NVLEWIIYT,True,0.36626993978967254
PPTSPVQTPL,HLA-B0702,1.3756,0,1,2.2541,0.2735,0.55,HLA-B*07:02,27198675,PPTSPVQTPL,PPTSPVRTPL,0,0,877.0,868.0,False,Conserved,1,PPSPVQTPL,1,PPSPVQTPL,5,0.6931471805599453,PPSPVRTPL,0.045036999999999994,PPTSPVQTPL,PPTSPVQTPL,PPTSPVRTPL,Negative,10,10,10,10,10,10,"1,8",0.954963,6,0.6931471805599453,substitution,0.0,0.3998255306775226,Negative,1,cedar,1.3756,PPTSPVRTPL,0.55,PPSPVRTPL,True,0.1372623242255075
QDVSVQVER,HLA-A6801,0.7234,1,1,3.1189,0.3739,12.684,HLA-A*68:01,"30556813,30556813",DVSVQVER,QDVSVQVEM,1,0,646.0,638.0,True,Improved,-1,QDVSVQVER,-12,DVS-VQVER,"0,1,2,3,8",-1.0,QDVSVQVEM,0.07172,QDVSVQVER,DVSVQVER,QDVSVQVEM,Positive,9,8,9,8,9,9,"0,1,8",0.92828,8,0.0,substitution,0.5,17.533867846281446,"Positive_all,Negative",2,cedar,1.2733,QDVSVQVEM,12.684,QDVSVQVEM,True,0.1437728214205981
QEECLWMAV,HLA-B4002,2.3848,1,1,0.1224,0.471,1.8941,HLA-B*40:02,"34244308,34244308",QEECLWMAV,QEECLGMAV,0,0,183.0,175.0,False,Conserved,-2,QEECLWMAV,-2,QEECLWMAV,5,0.0,QEECLGMAV,0.137243,QEECLWMAV,QEECLWMAV,QEECLGMAV,Positive,9,9,9,9,9,9,"1,8",0.862757,5,0.0,substitution,0.5,0.7942385105669238,"Positive_all,Negative",2,cedar,2.3848,QEECLGMAV,1.8941,QEECLGMAV,True,0.2177749087058052
QFVLAVKRTVF,HLA-A2402,1.5298,0,1,4.7217,0.1546,1.3568,HLA-A*24:02,27198675,VLAVKRTVF,QFVSAVKRTVF,2,0,363.0,353.0,True,Conserved,-2,QFVLARTVF,-8,VLAVKRTVF,"0,1,2,3,4,5",2.302585092994046,QFVSAVTVF,0.07587200000000005,QFVLAVKRTVF,VLAVKRTVF,QFVSAVKRTVF,Negative,11,9,11,9,11,11,"1,8",0.924128,3,0.6931471805599453,substitution,0.0,0.8869133220028762,Negative,1,cedar,2.9733,QFVSAVKRTVF,1.3568,QFVSAVTVF,True,0.16346850330144286
QINITAVAHV,HLA-A0206,4.7255,0,1,1.0722,0.5153,3.9909,HLA-A*02:06,"34244308,34244308",INITAVAHV,QINITAVAQV,1,0,787.0,778.0,True,Conserved,0,QIITAVAHV,-6,INITAVAHV,"0,1,7",1.791759469228055,QIITAVAQV,0.06574800000000003,QINITAVAHV,INITAVAHV,QINITAVAQV,Negative,10,9,10,9,10,10,"1,3,8",0.934252,8,1.3862943611198906,substitution,0.0,0.8445455507353719,"Negative,Negative",2,cedar,5.395,QINITAVAQV,3.9909,QIITAVAQV,True,0.16766911338246707
QPSGIILDY,HLA-B3501,0.0253,1,1,0.0742,0.7226,0.0307,HLA-B*35:01,28123873,QPSGIILDY,QPNGIILDY,0,0,467.0,459.0,False,Conserved,1,QPSGIILDY,1,QPSGIILDY,2,0.6931471805599453,QPNGIILDY,0.04973000000000005,QPSGIILDY,QPSGIILDY,QPNGIILDY,Positive,9,9,9,9,9,9,"1,8",0.95027,2,0.6931471805599453,substitution,1.0,1.2134387351778657,Positive_all,1,cedar,0.0253,QPNGIILDY,0.0307,QPNGIILDY,True,0.3008656685437636
QQFHLKILFL,HLA-A0201,3.1792,0,1,0.1971,0.3324,3.9806,HLA-A*02:01,27198675,QQFHLKILFL,QQFHLKTLFL,0,0,,,False,Conserved,-1,QQFHLKILL,-1,QQFHKILFL,5,1.0986122886681098,QQFHKTLFL,0.05037499999999995,QQFHLKILFL,QQFHLKILFL,QQFHLKTLFL,Negative,10,10,10,10,10,10,"1,3,8",0.949625,6,1.0986122886681098,substitution,0.0,1.2520759939607449,Negative,1,cedar,3.1792,QQFHLKTLFL,3.9806,QQFHKTLFL,True,0.31825499558798737
QQQQVVTNK,HLA-A0301,0.6019,0,1,0.9823,0.5037,1.0392,HLA-A*03:01,30556813,QQQQVVTNK,QQQQVGTNK,0,0,806.0,798.0,False,Conserved,-3,QQQQVVTNK,-3,QQQQVVTNK,5,1.3862943611198906,QQQQVGTNK,0.08070900000000003,QQQQVVTNK,QQQQVVTNK,QQQQVGTNK,Negative,9,9,9,9,9,9,"0,1,8",0.919291,5,1.3862943611198906,substitution,0.0,1.7265326466190396,Negative,1,cedar,0.6019,QQQQVGTNK,1.0392,QQQQVGTNK,True,0.11959121004654831
QQWHLDLVLLI,HLA-A0201,1.4283,0,1,0.0453,0.4246,1.7185,HLA-A*02:01,31511069,QQWHLDLVL,QQWHLDLVQL,0,0,390.0,380.0,True,Conserved,-2,QQWDLVLLI,-9,QQWHLDLVL,"4,5,6,7",1.791759469228055,QQWHDLVQL,0.05121299999999995,QQWHLDLVLLI,QQWHLDLVL,QQWHLDLVQL,Negative,11,9,10,9,10,11,"1,3,8",0.948787,8,0.6931471805599453,substitution,0.0,1.2031786039347476,Negative,1,cedar,2.4652,QQWHLDLVQLI,2.6406,QQWDLVQLI,True,0.27642838910582107
QQYKTLAYSF,HLA-A2402,0.0339,0,1,0.0136,0.8029,0.1818,HLA-A*24:02,27198675,QYKTLAYSF,QYKTLAYPF,1,1,272.0,263.0,False,Conserved,-1,QQYKTLASF,-1,QYKTLAYSF,7,1.3862943611198906,QYKTLAYPF,0.051895000000000024,QQYKTLAYSF,QYKTLAYSF,QYKTLAYPF,Negative,10,9,9,9,9,10,"1,8",0.948105,8,1.3862943611198906,substitution,0.0,5.3628318584070795,Negative,1,cedar,0.4691,QQYKTLAYPF,1.4089,QYKTLAYPF,True,0.12776018564382352
QSAEISNNL,HLA-C1203,0.7081,0,1,0.3846,0.6453,2.3303,HLA-C*12:03,"31351799,31351799",QSAEISNNL,QSAEISNDL,0,0,608.0,600.0,False,Improved,1,QSAEISNNL,1,QSAEISNNL,7,0.6931471805599453,QSAEISNDL,0.03354400000000002,QSAEISNNL,QSAEISNNL,QSAEISNDL,Negative,9,9,9,9,9,9,"1,8",0.966456,7,0.6931471805599453,substitution,0.0,3.29091936167208,"Negative,Negative",2,cedar,0.7081,QSAEISNDL,2.3303,QSAEISNDL,True,0.08229938069942774
QSANLVNPK,HLA-A1101,0.1224,0,1,0.0965,0.7316,0.0387,HLA-A*11:01,31511069,QSANLVNPK,RSANLVNPK,0,0,116.0,108.0,True,Conserved,1,QSANLVNPK,1,QSANLVNPK,0,0.6931471805599453,RSANLVNPK,0.016916000000000042,QSANLVNPK,QSANLVNPK,RSANLVNPK,Negative,9,9,9,9,9,9,"0,1,8",0.983084,0,0.6931471805599453,substitution,0.0,0.3161764705882353,Negative,1,cedar,0.1224,RSANLVNPK,0.0387,RSANLVNPK,True,0.1204365488694748
QSNHLSVSK,HLA-A0301,0.3566,0,1,0.1653,0.6942,0.254,HLA-A*03:01,31511069,QSNHLSVSK,QSNHLSLSK,0,0,1281.0,1273.0,False,Conserved,1,QSNHLSVSK,1,QSNHLSVSK,6,1.791759469228055,QSNHLSLSK,0.03143600000000002,QSNHLSVSK,QSNHLSVSK,QSNHLSLSK,Negative,9,9,9,9,9,9,"0,1,8",0.968564,6,1.791759469228055,substitution,0.0,0.71228266965788,Negative,1,cedar,0.3566,QSNHLSLSK,0.254,QSNHLSLSK,True,0.11991051993846834
QYKTLAYSF,HLA-A2402,0.0339,0,1,0.1244,0.627,0.1818,HLA-A*24:02,27198675,QYKTLAYSF,QYKTLAYPF,0,0,272.0,264.0,False,Conserved,-1,QYKTLAYSF,-1,QYKTLAYSF,7,1.3862943611198906,QYKTLAYPF,0.051895000000000024,QYKTLAYSF,QYKTLAYSF,QYKTLAYPF,Negative,9,9,9,9,9,9,"1,8",0.948105,7,1.3862943611198906,substitution,0.0,5.3628318584070795,Negative,1,cedar,0.0339,QYKTLAYPF,0.1818,QYKTLAYPF,True,0.19519282772866933
QYQDLTQGSF,HLA-A2402,0.0356,0,1,0.2534,0.5448,0.0276,HLA-A*24:02,"34270940,34270940",QYQDLTQGSF,QYQDPTQGSF,0,0,681.0,672.0,False,Conserved,-3,QYQDLTQSF,-3,QYQDLTQSF,4,1.3862943611198906,QYQDPTQSF,0.09701599999999999,QYQDLTQGSF,QYQDLTQGSF,QYQDPTQGSF,Negative,10,10,10,10,10,10,"1,8",0.902984,4,1.3862943611198906,substitution,0.0,0.7752808988764045,"Negative,Negative",2,cedar,0.0356,QYQDPTQGSF,0.0276,QYQDPTQSF,True,0.23322858103231348
RILAALFLGL,HLA-A0201,0.3845,1,1,0.8013,0.7482,3.2391,HLA-A*02:01,27198675,ILAALFLGL,RIWAALFLGL,1,0,461.0,452.0,True,Improved,-2,RLAALFLGL,-5,ILAALFLGL,"0,1,2,4,5",2.3978952727983707,RIWAALLGL,0.08791199999999999,RILAALFLGL,ILAALFLGL,RIWAALFLGL,Negative,10,9,10,9,10,10,"1,3,8",0.912088,2,0.0,substitution,0.0,8.424187256176854,Negative,1,cedar,2.9469,RIWAALFLGL,3.2391,RIWAALLGL,True,0.19264911675293905
RLFLGLAIK,HLA-A0301,0.0319,1,1,0.0308,0.7636,0.003,HLA-A*03:01,"34518289,34518289,34518289,34518289,34518289,34518289,34518289",RLFLGLAIK,RLFPGLAIK,0,0,18.0,10.0,False,Conserved,-3,RLFLGLAIK,-3,RLFLGLAIK,3,1.3862943611198906,RLFPGLAIK,0.10525799999999996,RLFLGLAIK,RLFLGLAIK,RLFPGLAIK,Positive,9,9,9,9,9,9,"0,1,8",0.894742,3,1.3862943611198906,substitution,0.8571428571428571,0.09404388714733543,"Positive_all,Negative,Positive_all,Positive_all,Positive_all,Positive_all,Positive_all",7,cedar,0.0319,RLFPGLAIK,0.003,RLFPGLAIK,True,0.5068082405642326
RLMLRKVALK,HLA-A0301,0.1613,0,1,0.01,0.8155,0.2271,HLA-A*03:01,33479501,RLMLRKVALK,RLMLRRVALK,0,0,493.0,484.0,False,Conserved,2,RLMRKVALK,2,RLMRKVALK,4,0.6931471805599453,RLMRRVALK,0.029648000000000008,RLMLRKVALK,RLMLRKVALK,RLMLRRVALK,Negative,10,10,10,10,10,10,"0,1,8",0.970352,5,0.6931471805599453,substitution,0.0,1.4079355238685678,Negative,1,cedar,0.1613,RLMLRRVALK,0.2271,RLMRRVALK,True,0.2872956075652764
RLSCMLARLEV,HLA-A0201,1.3674,1,1,0.9593,0.7267,1.3674,HLA-A*02:01,31511069,RLSCMLARL,RLSCMLARL,0,0,1052.0,1042.0,False,Conserved,3,RLMLARLEV,4,RLSCMLARL,-1,,RLSCMLARL,0.0,RLSCMLARLEV,RLSCMLARL,RLSCMLARL,Positive,11,9,9,9,9,11,"1,3,8",1.0,10,1.0986122886681098,substitution,1.0,1.0,Positive_all,1,cedar,3.9007,RLSCMLARLEI,8.4547,RLMLARLEI,True,0.13707680265492672
RLYKLILWR,HLA-A0301,0.1054,0,1,0.0777,0.7662,0.0109,HLA-A*03:01,34518289,RLYKLILWR,RLYKPILWR,0,0,337.0,329.0,False,Conserved,-3,RLYKLILWR,-3,RLYKLILWR,4,1.3862943611198906,RLYKPILWR,0.11257499999999998,RLYKLILWR,RLYKLILWR,RLYKPILWR,Negative,9,9,9,9,9,9,"0,1,8",0.887425,4,1.3862943611198906,substitution,0.0,0.10341555977229602,Negative,1,cedar,0.1054,RLYKPILWR,0.0109,RLYKPILWR,True,0.5583529215169719
RPEFHVHAPG,HLA-B0702,0.8623,0,1,0.5654,0.4875,1.2914,HLA-B*07:02,31511069,RPEFHVHAP,RPEFHVHEP,0,0,1955.0,1946.0,False,Conserved,-1,RPFHVHAPG,-1,RPEFHVHAP,7,0.6931471805599453,RPEFHVHEP,0.04824600000000001,RPEFHVHAPG,RPEFHVHAP,RPEFHVHEP,Negative,10,9,9,9,9,10,"1,8",0.951754,7,0.6931471805599453,substitution,0.0,1.4976226371332484,Negative,1,cedar,3.279,RPEFHVHEPG,5.698,RPEFHVHPG,True,0.08051449967120332
RPHHDQRSL,HLA-B0702,0.0082,1,1,0.0141,0.8247,0.9496,HLA-B*07:02,"28678784,28678784,28678784",RPHHDQRSL,RPHHDQRSS,0,0,1181.0,1173.0,True,Improved,-2,RPHHDQRSL,-2,RPHHDQRSL,8,0.6931471805599453,RPHHDQRSS,0.02274900000000002,RPHHDQRSL,RPHHDQRSL,RPHHDQRSS,Positive,9,9,9,9,9,9,"1,8",0.977251,8,0.6931471805599453,substitution,0.6666666666666666,115.80487804878048,"Positive_all,Negative,Positive_all",3,cedar,0.0082,RPHHDQRSS,0.9496,RPHHDQRSS,True,0.2705255712141064
RPPIEQANVL,HLA-B0702,0.1433,0,1,0.2034,0.6213,0.1754,HLA-B*07:02,31511069,RPPIEQANVL,RPPTEQANVL,0,0,767.0,758.0,False,Conserved,-1,RPIEQANVL,-1,RPIEQANVL,2,1.0986122886681098,RPTEQANVL,0.05483099999999996,RPPIEQANVL,RPPIEQANVL,RPPTEQANVL,Negative,10,10,10,10,10,10,"1,8",0.945169,3,1.0986122886681098,substitution,0.0,1.2240055826936496,Negative,1,cedar,0.1433,RPPTEQANVL,0.1754,RPTEQANVL,True,0.12636309865268322
RRHCRSYNR,HLA-B2705,0.447,0,1,0.0513,0.7028,0.8907,HLA-B*27:05,34518289,RRHCRSYNR,RRHCRSYDR,0,0,468.0,460.0,False,Conserved,1,RRHCRSYNR,1,RRHCRSYNR,7,0.6931471805599453,RRHCRSYDR,0.040715999999999974,RRHCRSYNR,RRHCRSYNR,RRHCRSYDR,Negative,9,9,9,9,9,9,"1,8",0.959284,7,0.6931471805599453,substitution,0.0,1.9926174496644296,Negative,1,cedar,0.447,RRHCRSYDR,0.8907,RRHCRSYDR,True,0.16155473020026012
RSRPVAATA,HLA-A3001,0.0085,0,1,0.008,0.873,0.0095,HLA-A*30:01,29895573,RSRPVAATA,RSRPVAAKA,0,0,416.0,408.0,False,Conserved,-1,RSRPVAATA,-1,RSRPVAATA,7,0.6931471805599453,RSRPVAAKA,0.03620500000000004,RSRPVAATA,RSRPVAATA,RSRPVAAKA,Negative,9,9,9,9,9,9,"0,1,2,8",0.963795,7,0.6931471805599453,substitution,0.0,1.1176470588235292,Negative,1,cedar,0.0085,RSRPVAAKA,0.0095,RSRPVAAKA,True,0.17212545125211484
RSRPVAATAK,HLA-A3001,0.0078,0,1,0.009,0.8571,0.0095,HLA-A*30:01,29895573,RSRPVAATAK,RSRPVAAKA,0,0,417.0,408.0,True,Conserved,-1,RSRPVAATK,-2,RSRPVAATK,"7,8",0.6931471805599453,RSRPVAAKA,0.04902099999999998,RSRPVAATAK,RSRPVAATAK,RSRPVAAKA,Negative,10,10,9,10,9,10,"0,1,2,8",0.950979,7,0.6931471805599453,substitution,0.0,1.217948717948718,Negative,1,cedar,0.0078,RSRPVAAKAK,0.0121,RSRPVAAAK,True,0.1760105818286012
RTGKAAGLL,HLA-A3001,3.5963,0,1,0.6028,0.3978,35.7097,HLA-A*30:01,24323902,RTGKAAGLL,TGKAAGLL,0,1,548.0,540.0,True,Conserved,-2,RTGKAAGLL,-16,RTGKAAGLL,"0,1,2,3,5,6,8",1.0986122886681098,TGKAAGLL-,0.043516,RTGKAAGLL,RTGKAAGLL,TGKAAGLL,Negative,9,9,8,9,8,9,"0,1,2,8",0.956484,0,1.3862943611198906,substitution,0.0,9.929566498901648,Negative,1,cedar,3.5963,PTGKAAGLL,52.6437,PTGKAAGLL,True,0.09995329894931317
RTNTAILETL,HLA-C0304,3.343,1,1,0.272,0.4834,2.7544,HLA-C*03:04,26631611,NTAILETL,NTDILETL,2,2,88.0,79.0,False,Conserved,-2,RTNTAILTL,-2,NTA-ILETL,2,0.6931471805599453,NTD-ILETL,0.08016699999999999,RTNTAILETL,NTAILETL,NTDILETL,Positive,10,8,8,8,8,10,"1,8",0.919833,4,0.6931471805599453,substitution,1.0,0.8239306012563565,Positive_all,1,cedar,5.0407,RTNTDILETL,4.3776,RTNDILETL,True,0.14365897754225548
RTQDVSVQVER,HLA-A6801,0.7234,1,1,0.4795,0.6338,8.1924,HLA-A*68:01,30556813,DVSVQVER,RTQDVSVQV,3,0,646.0,636.0,True,Improved,-1,RTQDVSVQR,-9,DVS-VQVER,"0,1,2,3,5,7,8",,RTQDVSVQV,0.16644400000000004,RTQDVSVQVER,DVSVQVER,RTQDVSVQV,Negative,11,8,9,8,9,11,"0,1,8",0.833556,10,0.0,substitution,0.0,11.324854852087363,Negative,1,cedar,0.7417,RTQDVSVQVEM,15.6346,RTQDVSVQM,True,0.140881988071531
RVRKIKPFSEI,HLA-B0702,2.5704,0,1,0.342,0.6199,0.894,HLA-B*07:02,27198675,RVRKIKPF,RVRKIKPL,0,0,519.0,509.0,True,Conserved,0,RVRKPFSEI,0,RVRKIK-PF,8,1.791759469228055,RVRKIK-PL,0.026842000000000033,RVRKIKPFSEI,RVRKIKPF,RVRKIKPL,Negative,11,8,8,8,8,11,"1,8",0.973158,7,1.791759469228055,substitution,0.0,0.3478057889822596,Negative,1,cedar,3.1673,RVRKIKPLSEI,3.0623,RVRKPLSEI,True,0.08235517992602255
SAQSHCSTY,HLA-B1501,0.2481,0,1,0.0906,0.5994,0.4941,HLA-B*15:01,27198675,AQSHCSTY,SAPSHCSTY,1,0,681.0,673.0,False,Conserved,-1,SAQSHCSTY,-7,AQS-HCSTY,"0,1,2,3",1.6094379124341003,SAPSHCSTY,0.11456,SAQSHCSTY,AQSHCSTY,SAPSHCSTY,Negative,9,8,9,8,9,9,"1,8",0.88544,2,0.6931471805599453,substitution,0.0,1.991535671100363,Negative,1,cedar,0.2825,SAPSHCSTY,0.4941,SAPSHCSTY,True,0.11925268920177963
SASDLRNQL,HLA-B0702,0.3844,0,1,0.2004,0.633,0.4967,HLA-B*07:02,27198675,SASDLRNQL,SASDLRGQL,0,0,540.0,532.0,False,Conserved,0,SASDLRNQL,0,SASDLRNQL,6,-1.0,SASDLRGQL,0.06453900000000001,SASDLRNQL,SASDLRNQL,SASDLRGQL,Negative,9,9,9,9,9,9,"1,8",0.935461,6,-1.0,substitution,0.0,1.292143600416233,Negative,1,cedar,0.3844,SASDLRGQL,0.4967,SASDLRGQL,True,0.08842744286426414
SCSRAVPQV,HLA-A0201,3.766,1,1,3.4199,0.2187,3.2674,HLA-A*02:01,32571843,SCSRAVPQV,SCSRAIPQV,0,0,130.0,122.0,False,Conserved,3,SCSRAVPQV,3,SCSRAVPQV,5,1.0986122886681098,SCSRAIPQV,0.018483000000000027,SCSRAVPQV,SCSRAVPQV,SCSRAIPQV,Positive,9,9,9,9,9,9,"1,3,8",0.981517,5,1.0986122886681098,substitution,1.0,0.8676048858204992,Positive_all,1,cedar,3.766,SCSRAIPQV,3.2674,SCSRAIPQV,True,0.07079637964827262
SELMKVSAM,HLA-B4102,0.0172,0,1,0.0124,0.758,0.011,HLA-B*41:02,33479501,SELMKVSAM,SELVKVSAM,0,0,961.0,953.0,False,Conserved,1,SELMKVSAM,1,SELMKVSAM,3,0.0,SELVKVSAM,0.044247000000000036,SELMKVSAM,SELMKVSAM,SELVKVSAM,Negative,9,9,9,9,9,9,"1,8",0.955753,3,0.0,substitution,0.0,0.6395348837209301,Negative,1,cedar,0.0172,SELVKVSAM,0.011,SELVKVSAM,True,0.19514080723832686
SFMVDTRGGSM,HLA-B0702,0.8573,0,1,0.663,0.1651,0.803,HLA-B*07:02,27198675,MVDTRGGSM,MVDARGGSM,2,2,926.0,916.0,False,Conserved,0,SFDTRGGSM,0,MVDTRGGSM,3,1.3862943611198906,MVDARGGSM,0.05496699999999999,SFMVDTRGGSM,MVDTRGGSM,MVDARGGSM,Negative,11,9,9,9,9,11,"1,8",0.945033,5,1.3862943611198906,substitution,0.0,0.9366616120377932,Negative,1,cedar,3.9489,SFMVDARGGSM,3.5188,SVDARGGSM,True,0.0821827587143889
SGAPSLKGK,HLA-A1101,0.6746,0,1,2.2636,0.4189,0.8549,HLA-A*11:01,27198675,SGAPSLKGK,SGAPSPKGK,0,0,1470.0,1462.0,False,Conserved,-3,SGAPSLKGK,-3,SGAPSLKGK,5,1.3862943611198906,SGAPSPKGK,0.09718499999999997,SGAPSLKGK,SGAPSLKGK,SGAPSPKGK,Negative,9,9,9,9,9,9,"0,1,8",0.902815,5,1.3862943611198906,substitution,0.0,1.2672694930329085,Negative,1,cedar,0.6746,SGAPSPKGK,0.8549,SGAPSPKGK,True,0.060296717966570115
SGFFLRTLY,HLA-A1101,2.3609,0,1,0.0487,0.6972,1.8137,HLA-A*11:01,27198675,SGFFLRTLY,SGFSLRTLY,0,0,486.0,478.0,False,Conserved,-2,SGFFLRTLY,-2,SGFFLRTLY,3,0.6931471805599453,SGFSLRTLY,0.09170800000000001,SGFFLRTLY,SGFFLRTLY,SGFSLRTLY,Negative,9,9,9,9,9,9,"0,1,8",0.908292,3,0.6931471805599453,substitution,0.0,0.768223982379601,Negative,1,cedar,2.3609,SGFSLRTLY,1.8137,SGFSLRTLY,True,0.1683991911241798
SLADMLDHA,HLA-A0201,0.2255,0,1,0.0426,0.7956,0.8933,HLA-A*02:01,31511069,SLADMLDHA,SLADMQDHA,0,0,219.0,211.0,False,Improved,-2,SLADMLDHA,-2,SLADMLDHA,5,0.6931471805599453,SLADMQDHA,0.08444399999999996,SLADMLDHA,SLADMLDHA,SLADMQDHA,Negative,9,9,9,9,9,9,"1,3,8",0.915556,5,0.6931471805599453,substitution,0.0,3.961419068736142,Negative,1,cedar,0.2255,SLADMQDHA,0.8933,SLADMQDHA,True,0.1621021578282987
SLEKMVCLV,HLA-A0201,1.3332,0,1,0.5494,0.7892,0.7036,HLA-A*02:01,27198675,SLEKMVCLV,SLEKMVCSV,0,0,313.0,305.0,False,Conserved,-2,SLEKMVCLV,-2,SLEKMVCLV,7,0.6931471805599453,SLEKMVCSV,0.04933900000000002,SLEKMVCLV,SLEKMVCLV,SLEKMVCSV,Negative,9,9,9,9,9,9,"1,3,8",0.950661,7,0.6931471805599453,substitution,0.0,0.5277527752775277,Negative,1,cedar,1.3332,SLEKMVCSV,0.7036,SLEKMVCSV,True,0.16522603106887104
SLKKSFNFF,HLA-B0801,0.4678,0,1,0.1451,0.695,1.0259,HLA-B*08:01,33479501,SLKKSFNFF,SLKKSFDF,0,0,1271.0,1263.0,False,Conserved,1,SLKKSFNFF,-14,SLKKSFNFF,"3,4,5,6,7",,SLK-KSFDF,0.088117,SLKKSFNFF,SLKKSFNFF,SLKKSFDF,Negative,9,9,8,9,8,9,"1,4,8",0.911883,6,0.6931471805599453,substitution,0.0,2.193031209918769,Negative,1,cedar,0.4678,SLKKSFDFF,1.3649,SLKKSFDFF,True,0.1517993952801819
SLLSHPLPEF,HLA-A0201,1.8723,0,1,0.3763,0.6118,6.2831,HLA-A*02:01,27198675,LLSHPLPEF,SPLSHPLPEF,1,0,311.0,302.0,False,Improved,-3,SLLSHPLEF,-2,LLSHPLPEF,0,0.6931471805599453,SLSHPLPEF,0.06523800000000002,SLLSHPLPEF,LLSHPLPEF,SPLSHPLPEF,Negative,10,9,10,9,10,10,"1,3,8",0.934762,1,1.3862943611198906,substitution,0.0,3.3558190460930404,Negative,1,cedar,2.3526,SPLSHPLPEF,6.2831,SLSHPLPEF,True,0.07711916079162474
SLLSHPLPEF,HLA-A2402,0.9072,0,1,0.3763,0.6118,1.2698,HLA-A*24:02,27198675,LLSHPLPEF,PLSHPLPEF,1,1,311.0,302.0,False,Conserved,-3,SLLSHPLEF,-3,LLSHPLPEF,0,1.3862943611198906,PLSHPLPEF,0.03389200000000003,SLLSHPLPEF,LLSHPLPEF,PLSHPLPEF,Negative,10,9,9,9,9,10,"1,8",0.966108,1,1.3862943611198906,substitution,0.0,1.3996913580246915,Negative,1,cedar,1.6347,SPLSHPLPEF,3.3333,SLSHPLPEF,True,0.08235052215951323
SLLTQLRAEV,HLA-A0201,0.4775,0,1,0.3774,0.8227,7.8804,HLA-A*02:01,"35193931,35193931",SLLTQLRAEV,SLLTQLRA,0,0,65.0,56.0,True,Improved,-3,SLLTQLAEV,-10,SLLTQLAEV,"3,4,5,6,7,8",1.0986122886681098,SLL-TQLRA,0.06818400000000002,SLLTQLRAEV,SLLTQLRAEV,SLLTQLRA,Negative,10,10,8,10,8,10,"1,3,8",0.931816,9,0.6931471805599453,substitution,0.0,16.5034554973822,"Negative,Negative",2,cedar,0.4775,SLLTQLRAED,44.2,SLLTQLAED,True,0.11338231112356542
SLMTPNTITMI,HLA-A0201,0.53,0,1,1.0222,0.7186,0.5386,HLA-A*02:01,27198675,SLMTPNTITM,LMTPNTITM,0,1,782.0,772.0,True,Conserved,-1,SLMTPITMI,-1,SLMPNTITM,"0,1,2",1.6094379124341003,LMTPNTITM,0.03122899999999995,SLMTPNTITMI,SLMTPNTITM,LMTPNTITM,Negative,11,10,9,10,9,11,"1,3,8",0.968771,0,1.3862943611198906,substitution,0.0,1.0162264150943394,Negative,1,cedar,1.4112,PLMTPNTITMI,15.3244,PLMTPITMI,True,0.17222023800234776
SLYCHTYAEKV,HLA-A0201,1.5124,0,1,0.198,0.8653,0.2402,HLA-A*02:01,31511069,SLYCHTYAEKV,SLYGHTYAEKV,0,0,283.0,273.0,True,Conserved,-3,SLYCHTYKV,-2,SLYTYAEKV,"3,4,5,6",1.791759469228055,SLYGHTYKV,0.08639600000000003,SLYCHTYAEKV,SLYCHTYAEKV,SLYGHTYAEKV,Negative,11,11,11,11,11,11,"1,3,8",0.913604,3,0.6931471805599453,substitution,0.0,0.15882041787886803,Negative,1,cedar,1.5124,SLYGHTYAEKV,0.2402,SLYGHTYKV,True,0.11407963844993319
SMACVGFFL,HLA-A0201,1.0211,1,1,0.0171,0.8936,1.1015,HLA-A*02:01,"29545564,29545564,29545564,29545564,29545564",SMACVGFFL,IMACVGFFL,0,0,15.0,7.0,False,Conserved,-2,SMACVGFFL,-2,SMACVGFFL,0,0.6931471805599453,IMACVGFFL,0.025032999999999972,SMACVGFFL,SMACVGFFL,IMACVGFFL,Positive,9,9,9,9,9,9,"1,3,8",0.974967,0,0.6931471805599453,substitution,0.8,1.0787386152188816,"Positive_all,Negative,Positive_all,Positive_all,Positive_all",5,cedar,1.0211,IMACVGFFL,1.1015,IMACVGFFL,True,0.3100645231184044
SNTSRYATAL,HLA-B0702,2.6931,0,1,1.3916,0.3363,3.1703,HLA-B*07:02,27198675,TSRYATAL,TSRYAAAL,2,2,118.0,109.0,False,Conserved,0,SNTSRYTAL,0,TSRYA-TAL,6,1.3862943611198906,TSRYA-AAL,0.05368099999999998,SNTSRYATAL,TSRYATAL,TSRYAAAL,Negative,10,8,8,8,8,10,"1,8",0.946319,7,1.3862943611198906,substitution,0.0,1.177193568749768,Negative,1,cedar,9.5168,SNTSRYAAAL,12.6728,STSRYAAAL,True,0.07560960908500762
SPGGVQEAL,HLA-B0702,0.0807,0,1,0.121,0.4049,0.0114,HLA-B*07:02,27198675,SPGGVQEAL,SPGGVREAL,0,0,204.0,196.0,False,Conserved,1,SPGGVQEAL,1,SPGGVQEAL,5,0.6931471805599453,SPGGVREAL,0.05649499999999996,SPGGVQEAL,SPGGVQEAL,SPGGVREAL,Negative,9,9,9,9,9,9,"1,8",0.943505,5,0.6931471805599453,substitution,0.0,0.1412639405204461,Negative,1,cedar,0.0807,SPGGVREAL,0.0114,SPGGVREAL,True,0.11226348888343243
SPHLARHRHL,HLA-B0801,0.1483,0,1,0.0477,0.7522,0.1007,HLA-B*08:01,33479501,HLARHRHL,HPARHRHL,2,2,213.0,204.0,True,Conserved,-3,SPHLARHHL,-15,HLA-RHRHL,"1,3,4,5,6,7",1.3862943611198906,HPARHRH-L,0.08443199999999995,SPHLARHRHL,HLARHRHL,HPARHRHL,Negative,10,8,8,8,8,10,"1,4,8",0.915568,3,1.3862943611198906,substitution,0.0,0.6790289952798382,Negative,1,cedar,0.3523,SPHPARHRHL,0.2308,SPHPRHRHL,True,0.119790685655562
SPSRKLAAH,HLA-B3501,1.4224,0,1,1.0223,0.3922,0.808,HLA-B*35:01,27198675,SPSRKLAAH,SPSRELAAH,0,0,1321.0,1313.0,False,Conserved,1,SPSRKLAAH,1,SPSRKLAAH,4,0.6931471805599453,SPSRELAAH,0.05025299999999999,SPSRKLAAH,SPSRKLAAH,SPSRELAAH,Negative,9,9,9,9,9,9,"1,8",0.949747,4,0.6931471805599453,substitution,0.0,0.5680539932508436,Negative,1,cedar,1.4224,SPSRELAAH,0.808,SPSRELAAH,True,0.0593679663008012
SPSRKLAAH,HLA-B0702,0.6882,0,1,1.0223,0.3922,1.1694,HLA-B*07:02,27198675,SPSRKLAAH,SPSRELAAH,0,0,1321.0,1313.0,False,Conserved,1,SPSRKLAAH,1,SPSRKLAAH,4,0.6931471805599453,SPSRELAAH,0.05025299999999999,SPSRKLAAH,SPSRKLAAH,SPSRELAAH,Negative,9,9,9,9,9,9,"1,8",0.949747,4,0.6931471805599453,substitution,0.0,1.6992153443766347,Negative,1,cedar,0.6882,SPSRELAAH,1.1694,SPSRELAAH,True,0.06404793872681772
SPSRKLAAHL,HLA-B0702,0.0598,0,1,0.0291,0.7875,0.0771,HLA-B*07:02,27198675,SPSRKLAAHL,SPSRELAAHL,0,0,1322.0,1313.0,True,Conserved,1,SPSRKLAAL,-6,SPSRKLAAL,"2,3,4,5,7",1.791759469228055,SPRELAAHL,0.043404,SPSRKLAAHL,SPSRKLAAHL,SPSRELAAHL,Negative,10,10,10,10,10,10,"1,8",0.956596,4,0.6931471805599453,substitution,0.0,1.2892976588628764,Negative,1,cedar,0.0598,SPSRELAAHL,0.0771,SPRELAAHL,True,0.10385621190216954
SQIAHLVQHR,HLA-A1101,1.2121,0,1,0.513,0.6269,1.3099,HLA-A*11:01,"34270940,34270940",QIAHLVQHR,SQIAHLVQH,1,0,556.0,547.0,True,Conserved,1,SQIAHLVHR,-10,QIAHLVQHR,"0,1,2,3,4,5,6,7,8",2.6390573296152584,SQIAHLVQH,0.08121,SQIAHLVQHR,QIAHLVQHR,SQIAHLVQH,Negative,10,9,9,9,9,10,"0,1,8",0.91879,9,0.6931471805599453,substitution,0.0,1.0806864120122104,"Negative,Negative",2,cedar,1.4095,SQIAHLVQHQ,9.2614,SQIAHLVQQ,True,0.14763307700875095
SRLLVRPTSF,HLA-B2705,0.1077,0,1,0.2204,0.61,1.7156,HLA-B*27:05,33479501,SRLLVRPTSF,SRLLVRPTS,0,0,1901.0,1892.0,True,Improved,-2,SRLLVPTSF,-4,SRLLVPTSF,"5,6,7,8",2.772588722239781,SRLLVRPTS,0.03644499999999995,SRLLVRPTSF,SRLLVRPTSF,SRLLVRPTS,Negative,10,10,9,10,9,10,"1,8",0.963555,9,0.6931471805599453,substitution,0.0,15.929433611884864,Negative,1,cedar,0.1077,SRLLVRPTSS,3.5914,SRLLVPTSS,True,0.1908007788073146
SSGAPSLKGK,HLA-A1101,0.1495,0,1,0.3093,0.6371,0.2069,HLA-A*11:01,27198675,SSGAPSLKGK,SSGAPSPKGK,0,0,1470.0,1461.0,True,Conserved,-3,SSGAPSLKK,-7,SSGAPSLKK,"2,3,4,5,6,7",2.772588722239781,SSAPSPKGK,0.07878600000000002,SSGAPSLKGK,SSGAPSLKGK,SSGAPSPKGK,Negative,10,10,10,10,10,10,"0,1,8",0.921214,6,1.3862943611198906,substitution,0.0,1.3839464882943144,Negative,1,cedar,0.1495,SSGAPSPKGK,0.2069,SSAPSPKGK,True,0.0728255983277168
SSTCSSTLY,HLA-A1101,2.7656,0,1,0.0612,0.613,12.1404,HLA-A*11:01,"34270940,34270940",SSTCSSTLY,SSTCSSTLF,0,0,828.0,820.0,True,Conserved,3,SSTCSSTLY,3,SSTCSSTLY,8,0.6931471805599453,SSTCSSTLF,0.01197400000000004,SSTCSSTLY,SSTCSSTLY,SSTCSSTLF,Negative,9,9,9,9,9,9,"0,1,8",0.988026,8,0.6931471805599453,substitution,0.0,4.389788834249349,"Negative,Negative",2,cedar,2.7656,SSTCSSTLF,12.1404,SSTCSSTLF,True,0.07296298043276371
SSTSNRSSTW,HLA-B5701,0.0755,0,1,0.2198,0.5949,16.235,HLA-B*57:01,30556813,STSNRSSTW,STSNRSSTR,1,1,733.0,724.0,True,Improved,-3,SSTSRSSTW,-3,STSNRSSTW,8,0.6931471805599453,STSNRSSTR,0.03326399999999996,SSTSNRSSTW,STSNRSSTW,STSNRSSTR,Negative,10,9,9,9,9,10,"1,8",0.966736,9,0.6931471805599453,substitution,0.0,215.03311258278146,Negative,1,cedar,0.1592,SSTSNRSSTR,18.781,SSTSNSSTR,True,0.10814309268495845
STEQCAFCK,HLA-A1101,0.8121,0,1,0.3363,0.6287,0.9366,HLA-A*11:01,"34270940,34270940",STEQCAFCK,STERCAFCK,0,0,289.0,281.0,False,Conserved,1,STEQCAFCK,1,STEQCAFCK,3,0.6931471805599453,STERCAFCK,0.06258200000000003,STEQCAFCK,STEQCAFCK,STERCAFCK,Negative,9,9,9,9,9,9,"0,1,8",0.937418,3,0.6931471805599453,substitution,0.0,1.153306243073513,"Negative,Negative",2,cedar,0.8121,STERCAFCK,0.9366,STERCAFCK,True,0.08980388721727467
STKYRGYMLPL,HLA-B0702,2.2671,0,1,0.9746,0.513,3.4833,HLA-B*07:02,27198675,STKYRGYML,KYRGYMLPL,0,2,176.0,166.0,True,Conserved,-1,STRGYMLPL,-11,STKYRGYML,"0,1,2,3,4,5,6,7",0.6931471805599453,KYRGYMLPL,0.18747599999999998,STKYRGYMLPL,STKYRGYML,KYRGYMLPL,Negative,11,9,9,9,9,11,"1,8",0.812524,0,1.3862943611198906,substitution,0.0,1.5364562657139076,Negative,1,cedar,6.8688,PTKYRGYMLPL,45.75,PTKYRGLPL,True,0.10147929594246265
STSGALDTIQY,HLA-A0101,0.1022,0,1,0.3359,0.4028,0.1336,HLA-A*01:01,31511069,STSGALDTIQY,ATSGALDTIQY,0,0,434.0,424.0,False,Conserved,1,STSGDTIQY,1,STSGDTIQY,0,1.3862943611198906,ATSGDTIQY,0.005723000000000034,STSGALDTIQY,STSGALDTIQY,ATSGALDTIQY,Negative,11,11,11,11,11,11,"1,2,8",0.994277,0,1.3862943611198906,substitution,0.0,1.3072407045009784,Negative,1,cedar,0.1022,ATSGALDTIQY,0.1336,ATSGDTIQY,True,0.12776409536678626
SVIVRTLSGK,HLA-A0301,0.2347,0,1,0.1231,0.6778,0.1831,HLA-A*03:01,33479501,VIVRTLSGK,VIVRTPSGK,1,1,566.0,557.0,False,Conserved,-3,SVIRTLSGK,-3,VIVRTLSGK,5,1.3862943611198906,VIVRTPSGK,0.09644699999999995,SVIVRTLSGK,VIVRTLSGK,VIVRTPSGK,Negative,10,9,9,9,9,10,"0,1,8",0.903553,6,1.3862943611198906,substitution,0.0,0.78014486578611,Negative,1,cedar,0.2664,SVIVRTPSGK,0.2348,SVIRTPSGK,True,0.15060144212539148
SVLLPENYITK,HLA-A0301,0.3052,0,1,0.2949,0.642,0.279,HLA-A*03:01,30556813,VLLPENYITK,GLLPENYITK,1,1,316.0,306.0,True,Conserved,-3,SVLLPEITK,-3,VLLPNYITK,0,1.3862943611198906,GLLPNYITK,0.022591000000000028,SVLLPENYITK,VLLPENYITK,GLLPENYITK,Negative,11,10,10,10,10,11,"0,1,8",0.977409,1,1.3862943611198906,substitution,0.0,0.9141546526867628,Negative,1,cedar,0.5984,SGLLPENYITK,1.9858,SLPENYITK,True,0.12589515565996526
SVVPFLPSV,HLA-A0201,0.0117,0,1,0.0076,0.8527,0.0229,HLA-A*02:01,31511069,SVVPFLPSV,GVVPFLPSV,0,0,165.0,157.0,False,Conserved,0,SVVPFLPSV,0,SVVPFLPSV,0,0.6931471805599453,GVVPFLPSV,0.020109000000000044,SVVPFLPSV,SVVPFLPSV,GVVPFLPSV,Negative,9,9,9,9,9,9,"1,3,8",0.979891,0,0.6931471805599453,substitution,0.0,1.9572649572649572,Negative,1,cedar,0.0117,GVVPFLPSV,0.0229,GVVPFLPSV,True,0.38102344980937713
SYAVRCAFYQL,HLA-A2402,0.6726,0,1,0.2723,0.5369,0.6885,HLA-A*24:02,"34270940,34270940",SYAVRCAFYQL,SYAIRCAFYQL,0,0,14.0,4.0,False,Conserved,3,SYAVAFYQL,3,SYAVAFYQL,3,1.0986122886681098,SYAIAFYQL,0.013287999999999967,SYAVRCAFYQL,SYAVRCAFYQL,SYAIRCAFYQL,Negative,11,11,11,11,11,11,"1,8",0.986712,3,1.0986122886681098,substitution,0.0,1.0236396074933096,"Negative,Negative",2,cedar,0.6726,SYAIRCAFYQL,0.6885,SYAIAFYQL,True,0.17259377255677305
SYGVRFNSF,HLA-A2402,0.014,0,1,0.0196,0.7592,0.0739,HLA-A*24:02,30880120,SYGVRFNSF,SYGVRFNGF,0,0,471.0,463.0,False,Conserved,0,SYGVRFNSF,0,SYGVRFNSF,7,0.6931471805599453,SYGVRFNGF,0.045147999999999966,SYGVRFNSF,SYGVRFNSF,SYGVRFNGF,Negative,9,9,9,9,9,9,"1,8",0.954852,7,0.6931471805599453,substitution,0.0,5.278571428571428,Negative,1,cedar,0.014,SYGVRFNGF,0.0739,SYGVRFNGF,True,0.2719756225241543
TEMSAICQVY,HLA-B1501,0.5555,0,1,0.0085,0.6256,0.5834,HLA-B*15:01,27198675,EMSAICQVY,EMSAICQEY,1,1,635.0,626.0,False,Conserved,-2,TEMSAIQVY,-2,EMSAICQVY,7,0.6931471805599453,EMSAICQEY,0.05564999999999998,TEMSAICQVY,EMSAICQVY,EMSAICQEY,Negative,10,9,9,9,9,10,"1,8",0.94435,8,0.6931471805599453,substitution,0.0,1.0502250225022502,Negative,1,cedar,1.1889,TEMSAICQEY,1.261,TMSAICQEY,True,0.15091730747670848
TITAPSLSGK,HLA-A0301,0.0325,0,1,0.1492,0.7035,0.0515,HLA-A*03:01,33479501,ITAPSLSGK,TTAPSLSGK,1,1,49.0,40.0,True,Conserved,-1,TTAPSLSGK,-1,ITAPSLSGK,0,1.0986122886681098,TTAPSLSGK,0.018186000000000035,TITAPSLSGK,ITAPSLSGK,TTAPSLSGK,Negative,10,9,9,9,9,10,"0,1,8",0.981814,1,1.0986122886681098,substitution,0.0,1.5846153846153845,Negative,1,cedar,0.1806,TTTAPSLSGK,0.2302,TTAPSLSGK,True,0.10936779582803519
TLAEDLNLL,HLA-A0201,0.0496,1,1,0.0283,0.8764,6.3149,HLA-A*02:01,"33329543,33329543",TLAEDLNLL,TSAEDLNLL,0,0,32.0,24.0,True,Improved,-2,TLAEDLNLL,-2,TLAEDLNLL,1,0.6931471805599453,TSAEDLNLL,0.04584900000000003,TLAEDLNLL,TLAEDLNLL,TSAEDLNLL,Positive,9,9,9,9,9,9,"1,3,8",0.954151,1,0.6931471805599453,substitution,0.5,127.31653225806451,"Positive_all,Negative",2,cedar,0.0496,TSAEDLNLL,6.3149,TSAEDLNLL,True,0.26830025209412367
TLAYSFQSLL,HLA-A0201,0.4766,0,1,0.351,0.7551,0.3062,HLA-A*02:01,27198675,TLAYSFQSL,TLAYPFQSL,0,0,276.0,267.0,False,Conserved,-1,TLASFQSLL,-1,TLAYSFQSL,4,1.3862943611198906,TLAYPFQSL,0.08669700000000002,TLAYSFQSLL,TLAYSFQSL,TLAYPFQSL,Negative,10,9,9,9,9,10,"1,3,8",0.913303,4,1.3862943611198906,substitution,0.0,0.6424674779689468,Negative,1,cedar,1.8658,TLAYPFQSLL,1.0331,TLYPFQSLL,True,0.10813469429379244
TLDWLLQTPK,HLA-A0301,1.3884,1,1,0.1811,0.6338,1.503,HLA-A*03:01,"16247014,16247014,16247014,16247014",TLDWLLQTPK,TLGWLLQTPK,0,0,188.0,179.0,False,Conserved,-1,TLDWLLQTK,5,TLWLLQTPK,-1,,TLWLLQTPK,0.06674199999999997,TLDWLLQTPK,TLDWLLQTPK,TLGWLLQTPK,Positive,10,10,10,10,10,10,"0,1,8",0.933258,2,0.6931471805599453,substitution,0.75,1.0825410544511667,"Positive_all,Negative,Positive_all,Positive_all",4,cedar,1.3884,TLGWLLQTPK,1.503,TLWLLQTPK,True,0.12380131101997688
TLHHLLMSQV,HLA-A0201,1.3686,0,1,0.1182,0.8226,0.1885,HLA-A*02:01,31511069,TLHHLLMSQV,TLHDLLMSQV,0,0,512.0,503.0,True,Conserved,-1,TLHHLLSQV,-1,TLHHLLMQV,3,0.6931471805599453,TLHDLLMQV,0.074627,TLHHLLMSQV,TLHHLLMSQV,TLHDLLMSQV,Negative,10,10,10,10,10,10,"1,3,8",0.925373,3,0.6931471805599453,substitution,0.0,0.13773198889376004,Negative,1,cedar,1.3686,TLHDLLMSQV,0.1885,TLHDLLMQV,True,0.18876593145015397
TLIAIFPYARL,HLA-A0201,0.26,1,1,1.6328,0.6511,0.26,HLA-A*02:01,32226429,TLIAIFPYA,TLIAIFPYA,0,0,191.0,181.0,False,Conserved,-2,TLIAIFPYL,4,TLIAIFPYA,-1,,TLIAIFPYA,0.0,TLIAIFPYARL,TLIAIFPYA,TLIAIFPYA,Positive,11,9,9,9,9,11,"1,3,8",1.0,9,1.791759469228055,substitution,1.0,1.0,Positive_all,1,cedar,2.7494,TLIAIFPYAGL,2.8137,TLIAIFPYL,True,0.13842937051508086
TLIGLPWSFL,HLA-A0202,0.6086,0,1,0.3638,0.8256,1.3057,HLA-A*02:02,33479501,TLIGLPWSFL,TLIGLPWSF,0,0,154.0,145.0,True,Conserved,-3,TLIGLPWSL,0,TLIGLPWSL,8,1.791759469228055,TLIGLPWSF,0.04510999999999998,TLIGLPWSFL,TLIGLPWSFL,TLIGLPWSF,Negative,10,10,9,10,9,10,"1,3,8",0.95489,9,1.3862943611198906,substitution,0.0,2.1454157081827145,Negative,1,cedar,0.6086,TLIGLPWSFP,7.463,TLIGLPWSP,True,0.3009006075139653
TLSDNSREAKV,HLA-A0201,1.5096,0,1,3.826,0.4565,1.1929,HLA-A*02:01,31511069,TLSDNSREA,TLSDKSREA,0,0,32.0,22.0,False,Conserved,0,TLSDNSAKV,0,TLSDNSREA,4,1.3862943611198906,TLSDKSREA,0.06330999999999998,TLSDNSREAKV,TLSDNSREA,TLSDKSREA,Negative,11,9,9,9,9,11,"1,3,8",0.93669,4,1.3862943611198906,substitution,0.0,0.7902093269740329,Negative,1,cedar,1.6282,TLSDKSREAKV,2.0887,TLSDKSAKV,True,0.06002443320774732
TMDKVVQIL,HLA-A0201,0.2251,0,1,0.1016,0.5488,0.3563,HLA-A*02:01,31511069,TMDKVVQIL,TMDKVVEIL,0,0,235.0,227.0,False,Conserved,2,TMDKVVQIL,2,TMDKVVQIL,6,0.6931471805599453,TMDKVVEIL,0.033347000000000016,TMDKVVQIL,TMDKVVQIL,TMDKVVEIL,Negative,9,9,9,9,9,9,"1,3,8",0.966653,6,0.6931471805599453,substitution,0.0,1.5828520657485563,Negative,1,cedar,0.2251,TMDKVVEIL,0.3563,TMDKVVEIL,True,0.19774044092399498
TPTVPSSSF,HLA-B3501,0.0317,1,1,0.164,0.6405,0.1055,HLA-B*35:01,24891321,TPTVPSSSF,TPTVPSGSF,0,0,1004.0,996.0,False,Conserved,0,TPTVPSSSF,0,TPTVPSSSF,6,0.6931471805599453,TPTVPSGSF,0.05224399999999996,TPTVPSSSF,TPTVPSSSF,TPTVPSGSF,Positive,9,9,9,9,9,9,"1,8",0.947756,6,0.6931471805599453,substitution,1.0,3.32807570977918,Positive_all,1,cedar,0.0317,TPTVPSGSF,0.1055,TPTVPSGSF,True,0.16499926565629064
TQFNAWWHIL,HLA-B3801,0.7718,0,1,0.0892,0.3839,0.5317,HLA-B*38:01,33479501,TQFNAWWHI,FHAWWHIL,0,2,223.0,214.0,True,Conserved,1,TQFNAWHIL,-16,TQFNAWWHI,"0,1,2,3,4,6,7,8",1.6094379124341003,FHA-WWHIL,0.246745,TQFNAWWHIL,TQFNAWWHI,FHAWWHIL,Negative,10,9,8,9,8,10,"1,8",0.753255,3,0.6931471805599453,substitution,0.0,0.6889090437937289,Negative,1,cedar,3.2153,TQFHAWWHIL,4.6091,TQFHAWWHL,True,0.1847875288105159
TQLFYALGIV,HLA-A0201,3.3734,0,1,0.7769,0.678,1.8639,HLA-A*02:01,27198675,QLFYALGIV,TQLSYALGI,1,0,265.0,256.0,True,Conserved,-2,TLFYALGIV,-13,QLFYALGIV,"0,1,2,3,4,5,6,7,8",2.5649493574615367,TQLSYALGI,0.14383100000000004,TQLFYALGIV,QLFYALGIV,TQLSYALGI,Negative,10,9,9,9,9,10,"1,3,8",0.856169,3,0.6931471805599453,substitution,0.0,0.5525286061540285,Negative,1,cedar,7.2956,TQLSYALGIV,4.8948,TQLSYALGV,True,0.260542406016651
TQLFYALGIVF,HLA-A2402,0.6277,0,1,0.9305,0.5125,0.3851,HLA-A*24:02,27198675,FYALGIVF,SYALGIVF,3,3,266.0,256.0,False,Conserved,-2,TQYALGIVF,-2,FYALGIV-F,0,0.6931471805599453,SYALGIV-F,0.041049,TQLFYALGIVF,FYALGIVF,SYALGIVF,Negative,11,8,8,8,8,11,"1,8",0.958951,3,0.6931471805599453,substitution,0.0,0.6135096383622749,Negative,1,cedar,2.852,TQLSYALGIVF,5.427,TQLSLGIVF,True,0.23099525482743108
TRNIIKYNL,HLA-B2705,0.1408,0,1,0.1056,0.4671,0.4575,HLA-B*27:05,33479501,TRNIIKYNL,TRNIIKYDL,0,0,590.0,582.0,False,Conserved,1,TRNIIKYNL,1,TRNIIKYNL,7,0.6931471805599453,TRNIIKYDL,0.037355999999999945,TRNIIKYNL,TRNIIKYNL,TRNIIKYDL,Negative,9,9,9,9,9,9,"1,8",0.962644,7,0.6931471805599453,substitution,0.0,3.2492897727272725,Negative,1,cedar,0.1408,TRNIIKYDL,0.4575,TRNIIKYDL,True,0.29763680500003464
TSIVVSQTL,HLA-B0801,2.7149,0,1,0.1023,0.7113,4.0627,HLA-B*08:01,30556813,TSIVVSQTL,SIAVSQTL,0,1,127.0,119.0,False,Conserved,0,TSIVVSQTL,-8,TSIVVSQTL,"0,1,2,3",1.6094379124341003,SIA-VSQTL,0.07422600000000001,TSIVVSQTL,TSIVVSQTL,SIAVSQTL,Negative,9,9,8,9,8,9,"1,4,8",0.925774,3,1.3862943611198906,substitution,0.0,1.4964455412722384,Negative,1,cedar,2.7149,TSIAVSQTL,4.079,TSIAVSQTL,True,0.15871294007502945
TTWQRPIMESV,HLA-A0201,2.2895,0,1,0.6785,0.4893,2.8323,HLA-A*02:01,27198675,WQRPIMESV,WQRPTMESV,2,2,417.0,407.0,False,Conserved,-1,TTWPIMESV,-1,WQRPIMESV,4,1.0986122886681098,WQRPTMESV,0.07151300000000005,TTWQRPIMESV,WQRPIMESV,WQRPTMESV,Negative,11,9,9,9,9,11,"1,3,8",0.928487,6,1.0986122886681098,substitution,0.0,1.2370823323869842,Negative,1,cedar,4.3076,TTWQRPTMESV,4.1411,TTWPTMESV,True,0.08863832281553623
TYYPGKKEPF,HLA-A2402,0.0721,0,1,0.2316,0.5571,0.0817,HLA-A*24:02,"34270940,34270940",TYYPGKKEPF,YYSGKKEPF,0,1,268.0,259.0,True,Conserved,-1,TYYPGKEPF,-8,TYYPGKEPF,"0,2,3,4",0.6931471805599453,YYSGKKEPF,0.09718000000000004,TYYPGKKEPF,TYYPGKKEPF,YYSGKKEPF,Negative,10,10,9,10,9,10,"1,8",0.90282,3,1.3862943611198906,substitution,0.0,1.1331484049930651,"Negative,Negative",2,cedar,0.0721,TYYSGKKEPF,0.1612,TYYSGKEPF,True,0.18517303318225617
VAQADKYSTK,HLA-A1101,0.1342,0,1,2.5621,0.4034,0.1342,HLA-A*11:01,"34270940,34270940",AQADKYSTK,AQADKYSTK,1,1,217.0,208.0,False,Conserved,-2,VQADKYSTK,5,AQADKYSTK,-1,,AQADKYSTK,0.0,VAQADKYSTK,AQADKYSTK,AQADKYSTK,Negative,10,9,9,9,9,10,"0,1,8",1.0,0,0.6931471805599453,substitution,0.0,1.0,"Negative,Negative",2,cedar,1.0995,EAQADKYSTK,2.9291,EQADKYSTK,True,0.07441290417587276
VIFLACFAPY,HLA-A1101,7.2168,0,1,0.1668,0.68,5.0458,HLA-A*11:01,31511069,VIFLACFAPY,VIFLACFLPY,0,0,244.0,235.0,False,Conserved,-1,VFLACFAPY,-1,VIFACFAPY,6,-1.0,VIFACFLPY,0.049819999999999975,VIFLACFAPY,VIFLACFAPY,VIFLACFLPY,Negative,10,10,10,10,10,10,"0,1,8",0.95018,7,-1.0,substitution,0.0,0.699174149207405,Negative,1,cedar,7.2168,VIFLACFLPY,5.0458,VIFACFLPY,True,0.3171108684048046
VLENFTIFLV,HLA-A0201,0.3159,1,1,0.4144,0.8149,0.3525,HLA-A*02:01,"30418433,26389673,26389673",VLENFTIFL,VLENFTILL,0,0,390.0,381.0,False,Conserved,0,VLENTIFLV,0,VLENFTIFL,7,1.791759469228055,VLENFTILL,0.03602099999999997,VLENFTIFLV,VLENFTIFL,VLENFTILL,Positive,10,9,9,9,9,10,"1,3,8",0.963979,7,1.791759469228055,substitution,1.0,1.1158594491927825,"Positive_all,Positive_all,Positive_all",3,cedar,2.2589,VLENFTILLV,2.3111,VLENTILLV,True,0.19266112905373742
VLLRFQPRV,HLA-A0201,0.0976,0,1,0.2188,0.8593,0.1718,HLA-A*02:01,31511069,VLLRFQPRV,VLPRFQPRV,0,0,214.0,206.0,False,Conserved,-3,VLLRFQPRV,-3,VLLRFQPRV,2,1.3862943611198906,VLPRFQPRV,0.09453699999999998,VLLRFQPRV,VLLRFQPRV,VLPRFQPRV,Negative,9,9,9,9,9,9,"1,3,8",0.905463,2,1.3862943611198906,substitution,0.0,1.7602459016393441,Negative,1,cedar,0.0976,VLPRFQPRV,0.1718,VLPRFQPRV,True,0.3282757219199073
VLTAEENLSI,HLA-A0201,0.7884,0,1,1.4797,0.6029,1.2858,HLA-A*02:01,31511069,VLTAEENLSI,VLTVEENLSI,0,0,579.0,570.0,False,Conserved,0,VLAEENLSI,0,VLAEENLSI,2,1.3862943611198906,VLVEENLSI,0.038629000000000024,VLTAEENLSI,VLTAEENLSI,VLTVEENLSI,Negative,10,10,10,10,10,10,"1,3,8",0.961371,3,1.3862943611198906,substitution,0.0,1.6308980213089803,Negative,1,cedar,0.7884,VLTVEENLSI,1.2858,VLVEENLSI,True,0.11999289699656646
VLVTGCMFV,HLA-A0201,0.6314,0,1,0.1719,0.7649,0.4496,HLA-A*02:01,31511069,VLVTGCMFV,VLVTGCMSV,0,0,87.0,79.0,False,Conserved,-2,VLVTGCMFV,-2,VLVTGCMFV,7,0.6931471805599453,VLVTGCMSV,0.05956300000000003,VLVTGCMFV,VLVTGCMFV,VLVTGCMSV,Negative,9,9,9,9,9,9,"1,3,8",0.940437,7,0.6931471805599453,substitution,0.0,0.7120684193854926,Negative,1,cedar,0.6314,VLVTGCMSV,0.4496,VLVTGCMSV,True,0.44898074027952783
VLYLHITWV,HLA-A0203,0.0747,0,1,0.0494,0.8589,0.0039,HLA-A*02:03,33262196,VLYLHITWV,VLYLHITRV,0,0,660.0,652.0,False,Conserved,-3,VLYLHITWV,-3,VLYLHITWV,7,0.6931471805599453,VLYLHITRV,0.07960599999999995,VLYLHITWV,VLYLHITWV,VLYLHITRV,Negative,9,9,9,9,9,9,"1,8",0.920394,7,0.6931471805599453,substitution,0.0,0.05220883534136546,Negative,1,cedar,0.0747,VLYLHITRV,0.0039,VLYLHITRV,True,0.5954860181572834
VMNNLLPTSV,HLA-A0201,1.3141,0,1,0.0865,0.8399,1.6257,HLA-A*02:01,31511069,VMNNLLPTSV,VMNNLLPRSV,0,0,239.0,230.0,False,Conserved,-1,VMNNLPTSV,1,VMNNLLPTV,7,1.791759469228055,VMNNLLPSV,0.05174299999999998,VMNNLLPTSV,VMNNLLPTSV,VMNNLLPRSV,Negative,10,10,10,10,10,10,"1,3,8",0.948257,7,0.6931471805599453,substitution,0.0,1.2371204626740735,Negative,1,cedar,1.3141,VMNNLLPRSV,1.6257,VMNNLLPSV,True,0.10815790343763189
VPKEHPAPPA,HLA-B5601,0.0577,0,1,0.1548,0.4532,0.0468,HLA-B*56:01,33479501,VPKEHPAPPA,VPKELPAPPA,0,0,533.0,524.0,False,Conserved,-3,VPKEPAPPA,4,VPKEPAPPA,-1,,VPKEPAPPA,0.09157099999999996,VPKEHPAPPA,VPKEHPAPPA,VPKELPAPPA,Negative,10,10,10,10,10,10,"1,8",0.908429,4,0.6931471805599453,substitution,0.0,0.8110918544194108,Negative,1,cedar,0.0577,VPKELPAPPA,0.0468,VPKEPAPPA,True,0.24375567199017
VPRFVFKLYYF,HLA-B0702,0.305,0,1,1.8997,0.2967,0.1212,HLA-B*07:02,27198675,VPRFVFKL,VPRFVSKL,0,0,3305.0,3295.0,False,Conserved,-2,VPRFVFKYF,-2,VPR-FVFKL,6,0.6931471805599453,VPR-FVSKL,0.09653199999999995,VPRFVFKLYYF,VPRFVFKL,VPRFVSKL,Negative,11,8,8,8,8,11,"1,8",0.903468,5,0.6931471805599453,substitution,0.0,0.3973770491803279,Negative,1,cedar,2.8001,VPRFVSKLYYF,1.1049,VPRFVSKYF,True,0.29418768923550637
VQVRTLVYTV,HLA-A0201,3.7978,0,1,0.0873,0.3859,2.8429,HLA-A*02:01,31511069,QVRTLVYTV,QVRNLVYTV,1,1,159.0,150.0,True,Conserved,0,VQVRTVYTV,0,QVRTLVYTV,3,0.6931471805599453,QVRNLVYTV,0.06244499999999997,VQVRTLVYTV,QVRTLVYTV,QVRNLVYTV,Negative,10,9,9,9,9,10,"1,3,8",0.937555,4,0.6931471805599453,substitution,0.0,0.7485649586602771,Negative,1,cedar,5.9264,VQVRNLVYTV,4.742,VQVNLVYTV,True,0.22005830643600433
VRRASVCLITL,HLA-C0701,0.3331,1,1,0.7858,0.4797,0.2899,HLA-C*07:01,32226429,RRASVCLITL,RRASGCLITL,1,1,226.0,216.0,False,Conserved,-3,RRASVLITL,-3,RRASVLITL,4,1.3862943611198906,RRASGLITL,0.08254099999999998,RRASVCLITL,RRASVCLITL,RRASGCLITL,Positive,11,10,10,10,10,11,"1,8",0.917459,5,1.3862943611198906,substitution,1.0,0.870309216451516,Positive_all,1,cedar,3.5208,VRRASGCLITL,2.9852,VRRASGITL,True,0.1756629096793337
VTEKLQPTY,HLA-A0101,0.0198,1,1,0.0748,0.5911,0.0042,HLA-A*01:01,33479501,VTEKLQPTY,VTEKLQLTY,0,0,550.0,542.0,False,Conserved,-3,VTEKLQPTY,-3,VTEKLQPTY,6,1.3862943611198906,VTEKLQLTY,0.08691800000000005,VTEKLQPTY,VTEKLQPTY,VTEKLQLTY,Positive,9,9,9,9,9,9,"1,2,8",0.913082,6,1.3862943611198906,substitution,1.0,0.2121212121212121,Positive_all,1,cedar,0.0198,VTEKLQLTY,0.0042,VTEKLQLTY,True,0.2587047529755857
VTIGPRLLL,HLA-C0303,0.1476,1,1,0.046,0.6316,0.1598,HLA-C*03:03,28123873,VTIGPRLLL,VTIGPRLFL,0,0,2244.0,2236.0,False,Conserved,0,VTIGPRLLL,0,VTIGPRLLL,7,1.791759469228055,VTIGPRLFL,0.03925000000000001,VTIGPRLLL,VTIGPRLLL,VTIGPRLFL,Positive,9,9,9,9,9,9,"1,8",0.96075,7,1.791759469228055,substitution,1.0,1.0826558265582655,Positive_all,1,cedar,0.1476,VTIGPRLFL,0.1598,VTIGPRLFL,True,0.2430114300752671
VVGACGVGK,HLA-A0301,0.871,0,1,0.4266,0.5549,0.3359,HLA-A*03:01,30556813,VVGACGVGK,VVGAGGVGK,0,0,16.0,8.0,False,Conserved,-3,VVGACGVGK,-3,VVGACGVGK,4,0.6931471805599453,VVGAGGVGK,0.10465800000000003,VVGACGVGK,VVGACGVGK,VVGAGGVGK,Negative,9,9,9,9,9,9,"0,1,8",0.895342,4,0.6931471805599453,substitution,0.0,0.3856486796785304,Negative,1,cedar,0.871,VVGAGGVGK,0.3359,VVGAGGVGK,True,0.2205309664071519
VVVGACGVGK,HLA-A0301,0.871,0,1,0.6687,0.5559,0.3359,HLA-A*03:01,30556813,VVGACGVGK,VVGAGGVGK,1,1,16.0,7.0,False,Conserved,-3,VVVGAGVGK,-3,VVGACGVGK,4,0.6931471805599453,VVGAGGVGK,0.10465800000000003,VVVGACGVGK,VVGACGVGK,VVGAGGVGK,Negative,10,9,9,9,9,10,"0,1,8",0.895342,5,0.6931471805599453,substitution,0.0,0.3856486796785304,Negative,1,cedar,0.8836,VVVGAGGVGK,0.6837,VVVGGGVGK,True,0.25553486558425037
VYLACERLLYL,HLA-A2402,0.3217,0,1,0.6031,0.4284,0.3217,HLA-A*24:02,27198675,VYLACERLL,VYLACERLL,0,0,169.0,159.0,False,Conserved,-3,VYLERLLYL,4,VYLACERLL,-1,,VYLACERLL,0.0,VYLACERLLYL,VYLACERLL,VYLACERLL,Negative,11,9,9,9,9,11,"1,8",1.0,10,1.3862943611198906,substitution,0.0,1.0,Negative,1,cedar,0.615,VYLACERLLYP,9.4782,VYLAERLLY,True,0.22062962704308436
VYNLGNREAEL,HLA-A2402,1.5571,0,1,1.6231,0.4073,1.5757,HLA-A*24:02,27198675,VYNLGNREAEL,VYNLGDREAEL,0,0,2471.0,2461.0,True,Conserved,1,VYNLGNREL,-6,VYNLGNAEL,"3,4,5",1.791759469228055,VYNDREAEL,0.04793999999999998,VYNLGNREAEL,VYNLGNREAEL,VYNLGDREAEL,Negative,11,11,11,11,11,11,"1,8",0.95206,5,0.6931471805599453,substitution,0.0,1.0119452828976945,Negative,1,cedar,1.5571,VYNLGDREAEL,1.5757,VYNDREAEL,True,0.1264500750736143
WLIDMKSLV,HLA-A0201,0.3676,0,1,0.077,0.844,0.2973,HLA-A*02:01,"27198675,27198675,27198675,27198675",WLIDMKSLV,WLIDMESLV,0,0,982.0,974.0,False,Conserved,1,WLIDMKSLV,1,WLIDMKSLV,5,0.6931471805599453,WLIDMESLV,0.050166000000000044,WLIDMKSLV,WLIDMKSLV,WLIDMESLV,Negative,9,9,9,9,9,9,"1,3,8",0.949834,5,0.6931471805599453,substitution,0.0,0.8087595212187161,"Negative,Negative,Negative,Negative",4,cedar,0.3676,WLIDMESLV,0.2973,WLIDMESLV,True,0.2127894833121405
WLIDMKSLVM,HLA-A0201,0.3676,0,1,0.2877,0.3769,0.2973,HLA-A*02:01,27198675,WLIDMKSLV,WLIDMESLV,0,0,983.0,974.0,False,Conserved,1,WIDMKSLVM,1,WLIDMKSLV,5,0.6931471805599453,WLIDMESLV,0.050166000000000044,WLIDMKSLVM,WLIDMKSLV,WLIDMESLV,Negative,10,9,9,9,9,10,"1,3,8",0.949834,5,0.6931471805599453,substitution,0.0,0.8087595212187161,Negative,1,cedar,3.2001,WLIDMESLVM,2.8027,WLIDESLVM,True,0.1757495321425002
WLSQGQFLL,HLA-A0201,0.2033,0,1,0.0254,0.8803,0.3557,HLA-A*02:01,31511069,WLSQGQFLL,WLSQAQFLL,0,0,102.0,94.0,False,Conserved,0,WLSQGQFLL,0,WLSQGQFLL,4,1.3862943611198906,WLSQAQFLL,0.06210800000000005,WLSQGQFLL,WLSQGQFLL,WLSQAQFLL,Negative,9,9,9,9,9,9,"1,3,8",0.937892,4,1.3862943611198906,substitution,0.0,1.749631087063453,Negative,1,cedar,0.2033,WLSQAQFLL,0.3557,WLSQAQFLL,True,0.1735667540177881
WLVGGIVAA,HLA-A0201,0.5386,0,1,0.1512,0.8078,0.2602,HLA-A*02:01,31511069,WLVGGIVAA,WLLGGIVAA,0,0,287.0,279.0,False,Conserved,1,WLVGGIVAA,1,WLVGGIVAA,2,1.791759469228055,WLLGGIVAA,0.03205999999999998,WLVGGIVAA,WLVGGIVAA,WLLGGIVAA,Negative,9,9,9,9,9,9,"1,3,8",0.96794,2,1.791759469228055,substitution,0.0,0.4831043445971036,Negative,1,cedar,0.5386,WLLGGIVAA,0.2602,WLLGGIVAA,True,0.30578030272694245
WQRPIMESV,HLA-B1501,1.4144,0,1,0.0633,0.4045,1.1312,HLA-B*15:01,27198675,WQRPIMESV,WQRPTMESV,0,0,417.0,409.0,False,Conserved,-1,WQRPIMESV,-1,WQRPIMESV,4,1.0986122886681098,WQRPTMESV,0.07151300000000005,WQRPIMESV,WQRPIMESV,WQRPTMESV,Negative,9,9,9,9,9,9,"1,8",0.928487,4,1.0986122886681098,substitution,0.0,0.7997737556561085,Negative,1,cedar,1.4144,WQRPTMESV,1.1312,WQRPTMESV,True,0.12374282219137885
WVNGQSLLV,HLA-A0201,2.8062,0,1,0.174,0.5274,3.1283,HLA-A*02:01,27198675,WVNGQSLLV,WVNGQSLPV,0,0,543.0,535.0,False,Conserved,-3,WVNGQSLLV,-3,WVNGQSLLV,7,1.3862943611198906,WVNGQSLPV,0.06498800000000005,WVNGQSLLV,WVNGQSLLV,WVNGQSLPV,Negative,9,9,9,9,9,9,"1,3,8",0.935012,7,1.3862943611198906,substitution,0.0,1.114781555127931,Negative,1,cedar,2.8062,WVNGQSLPV,3.1283,WVNGQSLPV,True,0.15905396376496414
WVYECTVFL,HLA-A0201,0.7774,0,1,0.0831,0.7016,0.0942,HLA-A*02:01,"33257508,33257508",WVYECTVFL,WVYEGTVFL,0,0,200.0,192.0,False,Conserved,-3,WVYECTVFL,-3,WVYECTVFL,4,0.6931471805599453,WVYEGTVFL,0.12785999999999997,WVYECTVFL,WVYECTVFL,WVYEGTVFL,Negative,9,9,9,9,9,9,"1,3,8",0.87214,4,0.6931471805599453,substitution,0.0,0.12117314124003088,"Negative,Negative",2,cedar,0.7774,WVYEGTVFL,0.0942,WVYEGTVFL,True,0.39184800924626073
YEHEDVKEA,HLA-B4901,0.1899,1,1,0.9289,0.2866,0.5696,HLA-B*49:01,30556813,YEHEDVKEA,YEDEDVKEA,0,0,15.0,7.0,False,Conserved,-1,YEHEDVKEA,-1,YEHEDVKEA,2,0.6931471805599453,YEDEDVKEA,0.07576400000000005,YEHEDVKEA,YEHEDVKEA,YEDEDVKEA,Positive,9,9,9,9,9,9,"1,8",0.924236,2,0.6931471805599453,substitution,1.0,2.999473407056345,Positive_all,1,cedar,0.1899,YEDEDVKEA,0.5696,YEDEDVKEA,True,0.23580285801991765
YHGDPMPCL,HLA-B3801,0.021,0,1,0.0581,0.6078,1.7911,HLA-B*38:01,30556813,YHGDPMPCL,YHGDPMPCP,0,0,128.0,120.0,True,Improved,-3,YHGDPMPCL,-3,YHGDPMPCL,8,1.3862943611198906,YHGDPMPCP,0.041007000000000016,YHGDPMPCL,YHGDPMPCL,YHGDPMPCP,Negative,9,9,9,9,9,9,"1,8",0.958993,8,1.3862943611198906,substitution,0.0,85.29047619047618,Negative,1,cedar,0.021,YHGDPMPCP,1.7911,YHGDPMPCP,True,0.5114540552679592
YIAKYIVPYM,HLA-A0201,3.5236,0,1,0.4792,0.5376,8.0175,HLA-A*02:01,31511069,YIAKYIVPYM,YIEKYIVPYM,0,0,1694.0,1685.0,True,Conserved,-1,YAKYIVPYM,1,YIAKYIPYM,"2,4,5",1.6094379124341003,YIEKIVPYM,0.04458899999999999,YIAKYIVPYM,YIAKYIVPYM,YIEKYIVPYM,Negative,10,10,10,10,10,10,"1,3,8",0.955411,2,0.6931471805599453,substitution,0.0,2.2753717788625267,Negative,1,cedar,3.5236,YIEKYIVPYM,8.0175,YIEKIVPYM,True,0.24896837744529476
YISGWNPTL,HLA-A0201,0.0813,0,1,0.1741,0.6097,0.3286,HLA-A*02:01,31511069,YISGWNPTL,YISGWNPPL,0,0,102.0,94.0,False,Conserved,-1,YISGWNPTL,-1,YISGWNPTL,7,1.3862943611198906,YISGWNPPL,0.06727300000000003,YISGWNPTL,YISGWNPTL,YISGWNPPL,Negative,9,9,9,9,9,9,"1,3,8",0.932727,7,1.3862943611198906,substitution,0.0,4.041820418204182,Negative,1,cedar,0.0813,YISGWNPPL,0.3286,YISGWNPPL,True,0.26185480997773586
YLACERLLYL,HLA-A0201,0.1697,0,1,0.0467,0.9178,4.2972,HLA-A*02:01,27198675,YLACERLLYL,YLACERLLYP,0,0,169.0,160.0,True,Improved,-3,YLAERLLYL,-3,YLAERLLYL,8,1.3862943611198906,YLAERLLYP,0.02507400000000004,YLACERLLYL,YLACERLLYL,YLACERLLYP,Negative,10,10,10,10,10,10,"1,3,8",0.974926,9,1.3862943611198906,substitution,0.0,25.3223335297584,Negative,1,cedar,0.1697,YLACERLLYP,4.2972,YLAERLLYP,True,0.29687602661214235
YLDDRNTFRHI,HLA-A0201,0.7258,0,1,0.1919,0.4671,2.1909,HLA-A*02:01,31511069,YLDDRNTFRHI,YLDDRNTFR,0,0,215.0,205.0,True,Improved,-2,YLDDRNTHI,-3,YLDDRNTFI,8,0.0,YLDDRNTFR,0.06895700000000005,YLDDRNTFRHI,YLDDRNTFRHI,YLDDRNTFR,Negative,11,11,9,11,9,11,"1,3,8",0.931043,10,0.6931471805599453,substitution,0.0,3.018600165334803,Negative,1,cedar,0.7258,YLDDRNTFRHS,6.5287,YLDDTFRHS,True,0.13495158020901524
YLDTDVILM,HLA-A0201,0.0496,1,1,0.0094,0.7592,4.8314,HLA-A*02:01,"33329543,33329543",YLDTDVILM,YPDTDVILM,0,0,82.0,74.0,True,Improved,-3,YLDTDVILM,-3,YLDTDVILM,1,1.3862943611198906,YPDTDVILM,0.06422300000000003,YLDTDVILM,YLDTDVILM,YPDTDVILM,Positive,9,9,9,9,9,9,"1,3,8",0.935777,1,1.3862943611198906,substitution,1.0,97.40725806451614,"Positive_all,Positive_all",2,cedar,0.0496,YPDTDVILM,4.8314,YPDTDVILM,True,0.47424423561735296
YLFFIQGYK,HLA-A0301,0.1985,0,1,0.0174,0.7952,0.318,HLA-A*03:01,34518289,YLFFIQGYK,YLSFIQGYK,0,0,3186.0,3178.0,False,Conserved,-2,YLFFIQGYK,-2,YLFFIQGYK,2,0.6931471805599453,YLSFIQGYK,0.080901,YLFFIQGYK,YLFFIQGYK,YLSFIQGYK,Negative,9,9,9,9,9,9,"0,1,8",0.919099,2,0.6931471805599453,substitution,0.0,1.602015113350126,Negative,1,cedar,0.1985,YLSFIQGYK,0.318,YLSFIQGYK,True,0.403642411024793
YLLFMIGYT,HLA-A0201,4.207,1,1,0.6945,0.7654,1.6843,HLA-A*02:01,30418433,YLLFMIGYT,YLLFMIGYA,0,0,680.0,672.0,True,Conserved,0,YLLFMIGYT,0,YLLFMIGYT,8,1.3862943611198906,YLLFMIGYA,0.016627999999999976,YLLFMIGYT,YLLFMIGYT,YLLFMIGYA,Positive,9,9,9,9,9,9,"1,3,8",0.983372,8,1.3862943611198906,substitution,1.0,0.4003565486094604,Positive_all,1,cedar,4.207,YLLFMIGYA,1.6843,YLLFMIGYA,True,0.44513173990126426
YLQTDVFLV,HLA-A0201,0.0288,1,1,0.0075,0.9152,10.5105,HLA-A*02:01,"33329543,33329543",YLQTDVFLV,YPQTDVFLV,0,0,80.0,72.0,True,Improved,-3,YLQTDVFLV,-3,YLQTDVFLV,1,1.3862943611198906,YPQTDVFLV,0.06820199999999998,YLQTDVFLV,YLQTDVFLV,YPQTDVFLV,Positive,9,9,9,9,9,9,"1,3,8",0.931798,1,1.3862943611198906,substitution,0.5,364.9479166666667,"Positive_all,Negative",2,cedar,0.0288,YPQTDVFLV,10.5105,YPQTDVFLV,True,0.5126990747423925
YMASEVVEV,HLA-A0201,0.0052,0,1,0.0072,0.9313,0.0011,HLA-A*02:01,33479501,YMASEVVEV,YMAPEVVEV,0,0,270.0,262.0,True,Conserved,-1,YMASEVVEV,-1,YMASEVVEV,3,1.3862943611198906,YMAPEVVEV,0.07411800000000002,YMASEVVEV,YMASEVVEV,YMAPEVVEV,Negative,9,9,9,9,9,9,"1,3,8",0.925882,3,1.3862943611198906,substitution,0.0,0.21153846153846156,Negative,1,cedar,0.0052,YMAPEVVEV,0.0011,YMAPEVVEV,True,0.2800834202172393
YMQRCPEDFRL,HLA-A0201,0.6629,0,1,1.2065,0.5585,1.5941,HLA-A*02:01,31511069,YMQRCPEDFRL,YMQRCPEDSRL,0,0,458.0,448.0,False,Conserved,-2,YMQPEDFRL,-2,YMQPEDFRL,6,0.6931471805599453,YMQPEDSRL,0.05463499999999999,YMQRCPEDFRL,YMQRCPEDFRL,YMQRCPEDSRL,Negative,11,11,11,11,11,11,"1,3,8",0.945365,8,0.6931471805599453,substitution,0.0,2.4047367627093075,Negative,1,cedar,0.6629,YMQRCPEDSRL,1.5941,YMQPEDSRL,True,0.2149231222926694
YNSFSSAPM,HLA-B1501,11.6552,0,1,0.3055,0.593,6.4357,HLA-B*15:01,33479501,YNSFSSAPM,YNSFSSASM,0,0,2301.0,2293.0,False,Conserved,-1,YNSFSSAPM,-1,YNSFSSAPM,7,1.3862943611198906,YNSFSSASM,0.042981999999999965,YNSFSSAPM,YNSFSSAPM,YNSFSSASM,Negative,9,9,9,9,9,9,"1,8",0.957018,7,1.3862943611198906,substitution,0.0,0.5521741368659482,Negative,1,cedar,11.6552,YNSFSSASM,6.4357,YNSFSSASM,True,0.08504933093202305
YTTVRALTL,HLA-B0801,0.156,0,1,0.0142,0.6989,15.7937,HLA-B*08:01,30556813,YTTVRALTL,YTTVRALTR,0,0,80.0,72.0,True,Improved,-2,YTTVRALTL,-2,YTTVRALTL,8,1.3862943611198906,YTTVRALTR,0.02287399999999995,YTTVRALTL,YTTVRALTL,YTTVRALTR,Negative,9,9,9,9,9,9,"1,4,8",0.977126,8,1.3862943611198906,substitution,0.0,101.24166666666666,Negative,1,cedar,0.156,YTTVRALTR,15.7937,YTTVRALTR,True,0.25363705967975214
YVGSPLAAM,HLA-A2501,0.3969,0,1,0.0688,0.7412,0.4354,HLA-A*25:01,33479501,YVGSPLAAM,FVGSPLAAM,0,0,296.0,288.0,True,Conserved,3,YVGSPLAAM,3,YVGSPLAAM,0,0.6931471805599453,FVGSPLAAM,0.014326999999999979,YVGSPLAAM,YVGSPLAAM,FVGSPLAAM,Negative,9,9,9,9,9,9,"0,1,8",0.985673,0,0.6931471805599453,substitution,0.0,1.0970017636684304,Negative,1,cedar,0.3969,FVGSPLAAM,0.4354,FVGSPLAAM,True,0.11733704202486238
YVRVTVQARVM,HLA-B0702,1.954,1,1,2.4039,0.264,1.954,HLA-B*07:02,32226429,RVTVQARVM,RVTVQARVM,2,2,141.0,131.0,False,Conserved,-2,YVRVTVQAM,5,RVTVQARVM,-1,,RVTVQARVM,0.0,YVRVTVQARVM,RVTVQARVM,RVTVQARVM,Positive,11,9,9,9,9,11,"1,8",1.0,0,0.6931471805599453,substitution,1.0,1.0,Positive_all,1,cedar,5.0828,CVRVTVQARVM,18.6104,CVRVTVQAM,True,0.17872015425340435
YVTAMDIFV,HLA-A0201,1.2052,1,1,0.0691,0.7197,1.3376,HLA-A*02:01,30418433,YVTAMDIFV,YVTAMDLFV,0,0,339.0,331.0,False,Conserved,2,YVTAMDIFV,2,YVTAMDIFV,6,1.3862943611198906,YVTAMDLFV,0.026944999999999997,YVTAMDIFV,YVTAMDIFV,YVTAMDLFV,Positive,9,9,9,9,9,9,"1,3,8",0.973055,6,1.3862943611198906,substitution,1.0,1.109857285097909,Positive_all,1,cedar,1.2052,YVTAMDLFV,1.3376,YVTAMDLFV,True,0.3150232207367701
YVTFAVSFYVV,HLA-A0201,0.5877,0,1,0.7304,0.4794,0.9022,HLA-A*02:01,27198675,VTFAVSFYV,VTFAVSFYL,1,1,180.0,170.0,True,Conserved,1,YVTFAVSFV,1,VTFAVSFYV,8,1.791759469228055,VTFAVSFYL,0.01172799999999996,YVTFAVSFYVV,VTFAVSFYV,VTFAVSFYL,Negative,11,9,9,9,9,11,"1,3,8",0.988272,9,1.791759469228055,substitution,0.0,1.5351369746469288,Negative,1,cedar,11.6672,YVTFAVSFYLV,11.8131,YVFAVSFYL,True,0.34558717508870485
YWSLLSHPL,HLA-A2402,0.9633,0,1,0.0571,0.7893,0.3262,HLA-A*24:02,27198675,YWSLLSHPL,YWSPLSHPL,0,0,308.0,300.0,False,Conserved,-3,YWSLLSHPL,-3,YWSLLSHPL,3,1.3862943611198906,YWSPLSHPL,0.11212500000000003,YWSLLSHPL,YWSLLSHPL,YWSPLSHPL,Negative,9,9,9,9,9,9,"1,8",0.887875,3,1.3862943611198906,substitution,0.0,0.33862763417419284,Negative,1,cedar,0.9633,YWSPLSHPL,0.3262,YWSPLSHPL,True,0.14421941521083992
YYPGKKEPF,HLA-A2402,0.0965,0,1,0.075,0.7654,0.0817,HLA-A*24:02,"34270940,34270940",YYPGKKEPF,YYSGKKEPF,0,0,268.0,260.0,False,Conserved,-1,YYPGKKEPF,-1,YYPGKKEPF,2,1.3862943611198906,YYSGKKEPF,0.07204900000000003,YYPGKKEPF,YYPGKKEPF,YYSGKKEPF,Negative,9,9,9,9,9,9,"1,8",0.927951,2,1.3862943611198906,substitution,0.0,0.8466321243523315,"Negative,Negative",2,cedar,0.0965,YYSGKKEPF,0.0817,YYSGKKEPF,True,0.21288114203987632
AALHTPRPGPL,HLA-B0702,2.5335,0,2,6.9173,0.1275,2.4193,HLA-B*07:02,27198675,ALHTPRPGPL,ALHNPRPGPL,1,1,232.0,222.0,False,Conserved,0,AHTPRPGPL,0,ALHTPRPPL,3,0.6931471805599453,ALHNPRPPL,0.06216699999999997,AALHTPRPGPL,ALHTPRPGPL,ALHNPRPGPL,Negative,11,10,10,10,10,11,"1,8",0.937833,4,0.6931471805599453,substitution,0.0,0.9549240181567001,Negative,1,cedar,4.2778,AALHNPRPGPL,3.22,AANPRPGPL,True,0.09211905908130008
AIDAALTFV,HLA-A0201,0.3296,1,2,0.0798,0.5768,0.1672,HLA-A*02:01,"31921104,31921104,31921104,31921104,31921104",AIDAALTFV,AIDAALTSV,0,0,428.0,420.0,False,Conserved,-2,AIDAALTFV,-2,AIDAALTFV,7,0.6931471805599453,AIDAALTSV,0.04899399999999998,AIDAALTFV,AIDAALTFV,AIDAALTSV,Positive,9,9,9,9,9,9,"1,3,8",0.951006,7,0.6931471805599453,substitution,0.8,0.5072815533980582,"Positive_all,Negative,Positive_all,Positive_all,Positive_all",5,cedar,0.3296,AIDAALTSV,0.1672,AIDAALTSV,True,0.18724729897187598
AILLGAEEK,HLA-A1101,0.3346,0,2,0.5492,0.5784,5.9022,HLA-A*11:01,"34244308,34244308",AILLGAEEK,KLLGAEEK,0,1,867.0,859.0,True,Improved,-3,AILLGAEEK,-5,AILLGAEEK,"0,1,3",0.0,KLL-GAEEK,0.06564700000000001,AILLGAEEK,AILLGAEEK,KLLGAEEK,Negative,9,9,8,9,8,9,"0,1,8",0.934353,1,0.0,substitution,0.0,17.639569635385534,"Negative,Negative",2,cedar,0.3346,AKLLGAEEK,7.5168,AKLLGAEEK,True,0.15030829203884696
AIVEFPVPA,HLA-A0201,0.4923,0,2,0.263,0.7243,1.9606,HLA-A*02:01,31511069,AIVEFPVPA,AIEEFPVPA,0,0,83.0,75.0,False,Improved,-2,AIVEFPVPA,-2,AIVEFPVPA,2,0.6931471805599453,AIEEFPVPA,0.07001100000000005,AIVEFPVPA,AIVEFPVPA,AIEEFPVPA,Negative,9,9,9,9,9,9,"1,3,8",0.929989,2,0.6931471805599453,substitution,0.0,3.982530977046516,Negative,1,cedar,0.4923,AIEEFPVPA,1.9606,AIEEFPVPA,True,0.17597739113769958
ALFNLIGTFPL,HLA-A0201,0.5801,0,2,0.2151,0.8603,0.5968,HLA-A*02:01,31511069,ALFNLIGTFPL,ALFNLIDTFPL,0,0,447.0,437.0,False,Conserved,-1,ALFNGTFPL,-1,ALFNGTFPL,4,0.6931471805599453,ALFNDTFPL,0.068546,ALFNLIGTFPL,ALFNLIGTFPL,ALFNLIDTFPL,Negative,11,11,11,11,11,11,"1,3,8",0.931454,6,0.6931471805599453,substitution,0.0,1.0287881399758663,Negative,1,cedar,0.5801,ALFNLIDTFPL,0.5968,ALFNDTFPL,True,0.2461252758707396
ALQNFDNKLV,HLA-A0201,0.3719,0,2,1.5584,0.1942,0.4357,HLA-A*02:01,31511069,ALQNFDNKL,ALQNYDNKL,0,0,17.0,8.0,False,Conserved,3,AQNFDNKLV,3,ALQNFDNKL,4,0.6931471805599453,ALQNYDNKL,0.04909399999999997,ALQNFDNKLV,ALQNFDNKL,ALQNYDNKL,Negative,10,9,9,9,9,10,"1,3,8",0.950906,4,0.6931471805599453,substitution,0.0,1.1715514923366495,Negative,1,cedar,1.9894,ALQNYDNKLV,2.6526,ALQNYDNKV,True,0.09085968448999371
ALQNYYNKLV,HLA-A0201,0.4857,0,2,1.4882,0.667,0.4357,HLA-A*02:01,31511069,ALQNYYNKL,ALQNYDNKL,0,0,17.0,8.0,False,Conserved,-3,ALQNYYNKV,-3,ALQNYYNKL,5,0.6931471805599453,ALQNYDNKL,0.10952799999999996,ALQNYYNKLV,ALQNYYNKL,ALQNYDNKL,Negative,10,9,9,9,9,10,"1,3,8",0.890472,5,0.6931471805599453,substitution,0.0,0.8970557957586986,Negative,1,cedar,3.8972,ALQNYDNKLV,2.6526,ALQNYDNKV,True,0.14510862382499165
ALVVPVFEI,HLA-A0202,0.6635,0,2,0.3288,0.8332,1.5171,HLA-A*02:02,33479501,ALVVPVFEI,ALVVPAFEI,0,0,262.0,254.0,False,Conserved,0,ALVVPVFEI,0,ALVVPVFEI,5,1.3862943611198906,ALVVPAFEI,0.049521999999999955,ALVVPVFEI,ALVVPVFEI,ALVVPAFEI,Negative,9,9,9,9,9,9,"1,3,8",0.950478,5,1.3862943611198906,substitution,0.0,2.286510926902788,Negative,1,cedar,0.6635,ALVVPAFEI,1.5171,ALVVPAFEI,True,0.20317484841919395
AMYSNADIYLF,HLA-A2402,0.0451,0,2,0.7765,0.4321,0.0136,HLA-A*24:02,"34270940,34270940",MYSNADIYLF,VYSNADIYLF,1,1,791.0,781.0,False,Conserved,1,ASNADIYLF,1,MYSNAIYLF,0,0.0,VYSNAIYLF,0.011889000000000038,AMYSNADIYLF,MYSNADIYLF,VYSNADIYLF,Negative,11,10,10,10,10,11,"1,8",0.988111,1,0.0,substitution,0.0,0.3015521064301552,"Negative,Negative",2,cedar,0.7505,AVYSNADIYLF,0.5172,VYSNDIYLF,True,0.16342373589561202
APSLKGKQKQM,HLA-B0702,0.33,0,2,1.5994,0.3242,0.0532,HLA-B*07:02,27198675,APSLKGKQKQM,SPKGKQKQM,0,2,1474.0,1464.0,True,Conserved,-3,APSLKGKQM,-5,APSLKGKQM,"0,2,3,5",1.3862943611198906,SPKGKQKQM,0.07292600000000005,APSLKGKQKQM,APSLKGKQKQM,SPKGKQKQM,Negative,11,11,9,11,9,11,"1,8",0.927074,3,1.3862943611198906,substitution,0.0,0.1612121212121212,Negative,1,cedar,0.33,APSPKGKQKQM,0.1699,APSPKGKQM,True,0.07471914883559555
APSPGQPPAL,HLA-B3501,0.689,0,2,0.1699,0.641,1.1483,HLA-B*35:01,33479501,APSPGQPPAL,APSPGQPPA,0,0,301.0,292.0,True,Conserved,-3,APSPGPPAL,-3,APSPGPPAL,"5,7,8",1.791759469228055,APSPGQPPA,0.032498999999999945,APSPGQPPAL,APSPGQPPAL,APSPGQPPA,Negative,10,10,9,10,9,10,"1,8",0.967501,9,1.3862943611198906,substitution,0.0,1.6666182873730047,Negative,1,cedar,0.689,APSPGQPPAP,6.2702,APSPGPPAP,True,0.07994278082529882
AQYTLMSQAV,HLA-A0201,1.5724,0,2,0.0498,0.4186,1.3766,HLA-A*02:01,31511069,AQYTLMSQA,AQYTLMAQA,0,0,131.0,122.0,False,Conserved,1,AQYTLSQAV,1,AQYTLMSQA,6,1.3862943611198906,AQYTLMAQA,0.02971199999999996,AQYTLMSQAV,AQYTLMSQA,AQYTLMAQA,Negative,10,9,9,9,9,10,"1,3,8",0.970288,6,1.3862943611198906,substitution,0.0,0.875476977868227,Negative,1,cedar,2.9356,AQYTLMAQAV,3.123,AQYTLMQAV,True,0.10852996852212375
ARWKHKTRK,HLA-B2705,0.0717,0,2,0.0778,0.6749,0.0464,HLA-B*27:05,33479501,ARWKHKTRK,ARWEHKTRK,0,0,41.0,33.0,False,Conserved,1,ARWKHKTRK,1,ARWKHKTRK,3,0.6931471805599453,ARWEHKTRK,0.05684599999999995,ARWKHKTRK,ARWKHKTRK,ARWEHKTRK,Negative,9,9,9,9,9,9,"1,8",0.943154,3,0.6931471805599453,substitution,0.0,0.6471408647140864,Negative,1,cedar,0.0717,ARWEHKTRK,0.0464,ARWEHKTRK,True,0.1916965495466087
ARWTAFFGV,HLA-B2705,0.1085,0,2,0.0164,0.7555,0.0841,HLA-B*27:05,34518289,ARWTAFFGV,ARWTASFGV,0,0,249.0,241.0,False,Conserved,-2,ARWTAFFGV,-2,ARWTAFFGV,5,0.6931471805599453,ARWTASFGV,0.09339799999999998,ARWTAFFGV,ARWTAFFGV,ARWTASFGV,Negative,9,9,9,9,9,9,"1,8",0.906602,5,0.6931471805599453,substitution,0.0,0.7751152073732719,Negative,1,cedar,0.1085,ARWTASFGV,0.0841,ARWTASFGV,True,0.4182685993732697
ASCYSSSCY,HLA-B1501,1.7441,0,2,0.1905,0.4772,1.7059,HLA-B*15:01,27198675,ASCYSSSCY,ASCYSPSCY,0,0,708.0,700.0,False,Conserved,-1,ASCYSSSCY,-1,ASCYSSSCY,5,1.3862943611198906,ASCYSPSCY,0.08353600000000005,ASCYSSSCY,ASCYSSSCY,ASCYSPSCY,Negative,9,9,9,9,9,9,"1,8",0.916464,5,1.3862943611198906,substitution,0.0,0.9780975861475832,Negative,1,cedar,1.7441,ASCYSPSCY,1.7059,ASCYSPSCY,True,0.1351377554435017
ASMPSSPPL,HLA-B1501,2.2354,1,2,0.0275,0.8281,1.29,HLA-B*15:01,"29545564,29545564,29643231,29643231,29643231",ASMPSSPPL,AIMPSSPPL,0,0,521.0,513.0,True,Conserved,-2,ASMPSSPPL,-2,ASMPSSPPL,1,0.6931471805599453,AIMPSSPPL,0.04386000000000001,ASMPSSPPL,ASMPSSPPL,AIMPSSPPL,Positive,9,9,9,9,9,9,"1,8",0.95614,1,0.6931471805599453,substitution,0.8,0.5770779278876265,"Positive_all,Negative,Positive_all,Positive_all,Positive_all",5,cedar,2.2354,AIMPSSPPL,1.29,AIMPSSPPL,True,0.11466162107513925
AVFYTILTPV,HLA-A0201,2.4258,0,2,0.1953,0.7926,6.6,HLA-A*02:01,27198675,AVFYTILTPV,AVFYTILTP,0,0,283.0,274.0,True,Conserved,1,AVYTILTPV,-2,AVFYTILTV,8,-1.0,AVFYTILTP,0.03169299999999997,AVFYTILTPV,AVFYTILTPV,AVFYTILTP,Negative,10,10,9,10,9,10,"1,3,8",0.968307,9,0.0,substitution,0.0,2.720751916893396,Negative,1,cedar,2.4258,AVFYTILTPM,9.4943,AVFYTILTM,True,0.28308716847845355
AVFYTILTPVL,HLA-A0201,2.4258,0,2,3.8484,0.1759,5.6706,HLA-A*02:01,27198675,AVFYTILTPV,AVFYTILTPML,0,0,284.0,274.0,True,Conserved,1,AYTILTPVL,1,AVFYTILTV,8,1.791759469228055,AVFYTILTL,0.033653000000000044,AVFYTILTPVL,AVFYTILTPV,AVFYTILTPML,Negative,11,10,11,10,11,11,"1,3,8",0.966347,9,0.0,substitution,0.0,2.337620578778135,Negative,1,cedar,5.8662,AVFYTILTPML,5.6706,AVFYTILTL,True,0.2914970069699081
CLDLKILYL,HLA-A0201,0.4939,0,2,0.2096,0.4572,13.0643,HLA-A*02:01,31511069,CLDLKILYL,CRDLKILYL,0,0,51.0,43.0,True,Improved,-2,CLDLKILYL,-2,CLDLKILYL,1,1.3862943611198906,CRDLKILYL,0.053298999999999985,CLDLKILYL,CLDLKILYL,CRDLKILYL,Negative,9,9,9,9,9,9,"1,3,8",0.946701,1,1.3862943611198906,substitution,0.0,26.45130593237497,Negative,1,cedar,0.4939,CRDLKILYL,13.0643,CRDLKILYL,True,0.24702693193453776
CLMHHLAQA,HLA-A0203,0.0968,0,2,0.0096,0.9071,0.1549,HLA-A*02:03,33262196,CLMHHLAQA,CLMRHLAQA,0,0,266.0,258.0,False,Conserved,0,CLMHHLAQA,0,CLMHHLAQA,3,0.6931471805599453,CLMRHLAQA,0.08666099999999999,CLMHHLAQA,CLMHHLAQA,CLMRHLAQA,Negative,9,9,9,9,9,9,"1,8",0.913339,3,0.6931471805599453,substitution,0.0,1.600206611570248,Negative,1,cedar,0.0968,CLMRHLAQA,0.1549,CLMRHLAQA,True,0.33293615646163205
CMYEAVNEV,HLA-A0201,0.1021,0,2,0.0091,0.9121,0.0091,HLA-A*02:01,31511069,CMYEAVNEV,GMYEAVNEV,0,0,959.0,951.0,False,Conserved,-3,CMYEAVNEV,-3,CMYEAVNEV,0,0.6931471805599453,GMYEAVNEV,0.03932800000000003,CMYEAVNEV,CMYEAVNEV,GMYEAVNEV,Negative,9,9,9,9,9,9,"1,3,8",0.960672,0,0.6931471805599453,substitution,0.0,0.08912830558276201,Negative,1,cedar,0.1021,GMYEAVNEV,0.0091,GMYEAVNEV,True,0.31673245451892656
CNGSEDGALAY,HLA-B3501,0.9273,0,2,0.0669,0.6035,0.9273,HLA-B*35:01,28123873,GSEDGALAY,GSEDGALAY,2,2,821.0,811.0,False,Conserved,-3,CSEDGALAY,7,GSEDGALAY,-1,,GSEDGALAY,0.0,CNGSEDGALAY,GSEDGALAY,GSEDGALAY,Negative,11,9,9,9,9,11,"1,8",1.0,0,0.6931471805599453,substitution,0.0,1.0,Negative,1,cedar,6.0008,RNGSEDGALAY,4.3922,RSEDGALAY,True,0.07227480161237425
CQQWLALFFV,HLA-A0201,0.925,1,2,0.977,0.5871,4.8556,HLA-A*02:01,"35193931,35193931",QQWLALFFV,QQRLALFFV,1,1,47.0,38.0,False,Improved,-3,QQWLALFFV,-3,QQWLALFFV,2,0.6931471805599453,QQRLALFFV,0.10095500000000002,QQWLALFFV,QQWLALFFV,QQRLALFFV,Positive,10,9,9,9,9,10,"1,3,8",0.899045,3,0.6931471805599453,substitution,0.5,5.249297297297297,"Positive_all,Negative",2,cedar,14.8733,CQQRLALFFV,17.6839,CQQRALFFV,True,0.2908397683511559
CSSTLLLPHY,HLA-A1101,1.9481,0,2,0.1091,0.5452,1.6311,HLA-A*11:01,"34270940,34270940",SSTLLLPHY,SSTLFLPHY,1,1,832.0,823.0,False,Conserved,0,CSSTLLLHY,0,SSTLLLPHY,4,1.791759469228055,SSTLFLPHY,0.06035400000000002,CSSTLLLPHY,SSTLLLPHY,SSTLFLPHY,Negative,10,9,9,9,9,10,"0,1,8",0.939646,5,1.791759469228055,substitution,0.0,0.8372773471587701,"Negative,Negative",2,cedar,7.1955,CSSTLFLPHY,6.4993,CSSTLFLHY,True,0.13661836748692358
CSSTLYLPHY,HLA-A1101,2.2999,0,2,0.1117,0.5423,1.6311,HLA-A*11:01,"34270940,34270940",SSTLYLPHY,SSTLFLPHY,1,1,832.0,823.0,False,Conserved,3,CSSTLYLHY,3,SSTLYLPHY,4,0.6931471805599453,SSTLFLPHY,0.047951999999999995,CSSTLYLPHY,SSTLYLPHY,SSTLFLPHY,Negative,10,9,9,9,9,10,"0,1,8",0.952048,5,0.6931471805599453,substitution,0.0,0.7092047480325231,"Negative,Negative",2,cedar,8.3865,CSSTLFLPHY,6.4993,CSSTLFLHY,True,0.1254573443754283
DDIYPIDFY,HLA-A2501,0.9639,1,2,0.9485,0.2966,18.5,HLA-A*25:01,"32582212,32582212",DIYPIDFY,DIYPIDFH,1,1,63.0,55.0,True,Improved,2,DDIYPIDFY,2,DIY-PIDFY,8,0.6931471805599453,DIY-PIDFH,0.038131000000000026,DDIYPIDFY,DIYPIDFY,DIYPIDFH,Positive,9,8,8,8,8,9,"0,1,8",0.961869,8,0.6931471805599453,substitution,0.5,19.192862330117233,"Negative,Positive_all",2,cedar,2.7098,DDIYPIDFH,19.6145,DDIYPIDFH,True,0.37333564434443295
DMKARQKAL,HLA-B0801,0.004,1,2,0.01,0.7693,0.0039,HLA-B*08:01,"34290406,33479501",DMKARQKAL,DMKARQEAL,0,0,80.0,72.0,False,Conserved,1,DMKARQKAL,1,DMKARQKAL,6,0.6931471805599453,DMKARQEAL,0.03937500000000005,DMKARQKAL,DMKARQKAL,DMKARQEAL,Positive,9,9,9,9,9,9,"1,4,8",0.960625,6,0.6931471805599453,substitution,0.5,0.975,"Positive_all,Negative",2,cedar,0.004,DMKARQEAL,0.0039,DMKARQEAL,True,0.2112097437507948
DSPDGSNGL,HLA-C0102,0.3288,0,2,0.7764,0.26,0.2642,HLA-C*01:02,30556813,DSPDGSNGL,DSPDGSSGL,0,0,121.0,113.0,False,Conserved,1,DSPDGSNGL,1,DSPDGSNGL,6,0.6931471805599453,DSPDGSSGL,0.044418999999999986,DSPDGSNGL,DSPDGSNGL,DSPDGSSGL,Negative,9,9,9,9,9,9,"1,2,8",0.955581,6,0.6931471805599453,substitution,0.0,0.8035279805352799,Negative,1,cedar,0.3288,DSPDGSSGL,0.2642,DSPDGSSGL,True,0.11742797504569603
DVFAWEPFV,HLA-A0201,2.9154,0,2,0.0346,0.772,3.4263,HLA-A*02:01,27198675,DVFAWEPFV,DVFAREPFV,0,0,129.0,121.0,False,Conserved,-3,DVFAWEPFV,-3,DVFAWEPFV,4,0.6931471805599453,DVFAREPFV,0.146262,DVFAWEPFV,DVFAWEPFV,DVFAREPFV,Negative,9,9,9,9,9,9,"1,3,8",0.853738,4,0.6931471805599453,substitution,0.0,1.1752418193043837,Negative,1,cedar,2.9154,DVFAREPFV,3.4263,DVFAREPFV,True,0.15796332678759079
DYSFSISSI,HLA-A2402,0.5379,0,2,0.7194,0.4047,0.3572,HLA-A*24:02,27198675,DYSFSISSI,DYSFPISSI,0,0,341.0,333.0,False,Conserved,-1,DYSFSISSI,-1,DYSFSISSI,4,1.3862943611198906,DYSFPISSI,0.08141299999999996,DYSFSISSI,DYSFSISSI,DYSFPISSI,Negative,9,9,9,9,9,9,"1,8",0.918587,4,1.3862943611198906,substitution,0.0,0.6640639524075107,Negative,1,cedar,0.5379,DYSFPISSI,0.3572,DYSFPISSI,True,0.14040291897121834
DYSFSISSIL,HLA-A2402,0.5379,0,2,1.6809,0.4482,0.3572,HLA-A*24:02,27198675,DYSFSISSI,DYSFPISSI,0,0,342.0,333.0,False,Conserved,-1,DSFSISSIL,-1,DYSFSISSI,4,1.3862943611198906,DYSFPISSI,0.08141299999999996,DYSFSISSIL,DYSFSISSI,DYSFPISSI,Negative,10,9,9,9,9,10,"1,8",0.918587,4,1.3862943611198906,substitution,0.0,0.6640639524075107,Negative,1,cedar,1.5164,DYSFPISSIL,0.6898,DYSPISSIL,True,0.1633754183558034
EKTSSGLYVFR,HLA-A3101,0.0636,1,2,0.3614,0.7,0.0808,HLA-A*31:01,"34244308,34244308",KTSSGLYVFR,KTSSGLYIFR,1,1,2842.0,2832.0,False,Conserved,3,ESSGLYVFR,3,KTSGLYVFR,6,1.0986122886681098,KTSGLYIFR,0.012245999999999979,EKTSSGLYVFR,KTSSGLYVFR,KTSSGLYIFR,Positive,11,10,10,10,10,11,"0,1,8",0.987754,8,1.0986122886681098,substitution,0.5,1.270440251572327,"Positive_all,Negative",2,cedar,1.7566,EKTSSGLYIFR,2.0159,KTSSGLIFR,True,0.1308534128818224
ELDPDIQLEY,HLA-A0101,0.0103,0,2,0.0428,0.6488,3.2462,HLA-A*01:01,30556813,ELDPDIQLEY,ELDPDIQLE,0,0,407.0,398.0,True,Improved,-3,ELDPIQLEY,-13,ELDPIQLEY,"4,5,6,7,8",0.6931471805599453,ELDPDIQLE,0.03761800000000004,ELDPDIQLEY,ELDPDIQLEY,ELDPDIQLE,Negative,10,10,9,10,9,10,"1,2,8",0.962382,9,0.6931471805599453,substitution,0.0,315.1650485436893,Negative,1,cedar,0.0103,ELDPDIQLED,11.6228,ELDPIQLED,True,0.23099860520806795
EPKPFLYVL,HLA-B3501,0.2783,0,2,0.3772,0.4807,0.9689,HLA-B*35:01,27198675,EPKPFLYVL,EPKPFLYVV,0,0,43.0,35.0,True,Conserved,1,EPKPFLYVL,1,EPKPFLYVL,8,1.791759469228055,EPKPFLYVV,0.012113999999999958,EPKPFLYVL,EPKPFLYVL,EPKPFLYVV,Negative,9,9,9,9,9,9,"1,8",0.987886,8,1.791759469228055,substitution,0.0,3.481494789795185,Negative,1,cedar,0.2783,EPKPFLYVV,0.9689,EPKPFLYVV,True,0.2613771903824502
EPKPFLYVL,HLA-B0702,0.2598,0,2,0.3772,0.4807,0.7348,HLA-B*07:02,27198675,EPKPFLYVL,EPKPFLYVV,0,0,43.0,35.0,True,Conserved,1,EPKPFLYVL,1,EPKPFLYVL,8,1.791759469228055,EPKPFLYVV,0.012113999999999958,EPKPFLYVL,EPKPFLYVL,EPKPFLYVV,Negative,9,9,9,9,9,9,"1,8",0.987886,8,1.791759469228055,substitution,0.0,2.82832948421863,Negative,1,cedar,0.2598,EPKPFLYVV,0.7348,EPKPFLYVV,True,0.3060506232277922
EPLLIYSTHY,HLA-B3501,0.4268,0,2,0.9982,0.3812,0.4036,HLA-B*35:01,27198675,EPLLIYSTHY,EPLLIYPTHY,0,0,562.0,553.0,False,Conserved,-1,EPLLISTHY,-1,EPLLISTHY,5,1.3862943611198906,EPLLIPTHY,0.06943999999999995,EPLLIYSTHY,EPLLIYSTHY,EPLLIYPTHY,Negative,10,10,10,10,10,10,"1,8",0.93056,6,1.3862943611198906,substitution,0.0,0.9456419868791003,Negative,1,cedar,0.4268,EPLLIYPTHY,0.4036,EPLLIPTHY,True,0.19444735951209305
ESAPINTPL,HLA-B0702,2.0464,0,2,0.0323,0.8334,3.1533,HLA-B*07:02,27198675,ESAPINTPL,ESVPINTPL,0,0,734.0,726.0,False,Conserved,0,ESAPINTPL,0,ESAPINTPL,2,1.3862943611198906,ESVPINTPL,0.045142000000000015,ESAPINTPL,ESAPINTPL,ESVPINTPL,Negative,9,9,9,9,9,9,"1,8",0.954858,2,1.3862943611198906,substitution,0.0,1.5409010946051602,Negative,1,cedar,2.0464,ESVPINTPL,3.1533,ESVPINTPL,True,0.10659042361312136
EVADAATLTM,HLA-A2601,0.0359,1,2,0.0341,0.6215,0.0936,HLA-A*26:01,30556813,EVADAATLTM,EVADAAKLTM,0,0,848.0,839.0,False,Conserved,-1,EVADATLTM,0,EVADATLTM,5,1.3862943611198906,EVADAALTM,0.04634300000000002,EVADAATLTM,EVADAATLTM,EVADAAKLTM,Positive,10,10,10,10,10,10,"0,1,8",0.953657,6,0.6931471805599453,substitution,1.0,2.6072423398328692,Positive_all,1,cedar,0.0359,EVADAAKLTM,0.0936,EVADAALTM,True,0.1526958538221121
FAFVEFYHF,HLA-A2402,0.5113,0,2,0.0418,0.6658,1.7029,HLA-A*24:02,"34270940,34270940",AFVEFYHF,AFVEFYHL,1,1,150.0,142.0,True,Conserved,0,FAFVEFYHF,0,AFVE-FYHF,8,1.791759469228055,AFVE-FYHL,0.028919999999999946,FAFVEFYHF,AFVEFYHF,AFVEFYHL,Negative,9,8,8,8,8,9,"1,8",0.97108,8,1.791759469228055,substitution,0.0,3.3305300215137885,"Negative,Negative",2,cedar,0.71,FAFVEFYHL,2.448,FAFVEFYHL,True,0.3961536583136696
FALGNVISA,HLA-A0201,1.0851,0,2,0.1028,0.6465,2.2796,HLA-A*02:01,"27198675,27198675,27198675,27198675",FALGNVISA,SALGNVISA,0,0,281.0,273.0,False,Conserved,-2,FALGNVISA,-2,FALGNVISA,0,0.6931471805599453,SALGNVISA,0.027036999999999978,FALGNVISA,FALGNVISA,SALGNVISA,Negative,9,9,9,9,9,9,"1,3,8",0.972963,0,0.6931471805599453,substitution,0.0,2.1008202009031427,"Negative,Negative,Negative,Negative",4,cedar,1.0851,SALGNVISA,2.2796,SALGNVISA,True,0.21217274384581572
FALGNVISAL,HLA-A0201,0.2117,0,2,0.0356,0.7982,0.2117,HLA-A*02:01,"27198675,27198675,27198675,27198675",ALGNVISAL,ALGNVISAL,1,1,282.0,273.0,False,Conserved,-2,FALGNISAL,4,ALGNVISAL,-1,,ALGNVISAL,0.0,FALGNVISAL,ALGNVISAL,ALGNVISAL,Negative,10,9,9,9,9,10,"1,3,8",1.0,0,0.6931471805599453,substitution,0.0,1.0,"Negative,Negative,Negative,Negative",4,cedar,1.4986,SALGNVISAL,2.0966,SLGNVISAL,True,0.16880090139858694
FAVWTLAETI,HLA-C1203,2.8294,0,2,0.2596,0.3288,1.5254,HLA-C*12:03,29895573,FAVWTLAET,FAVGTLAET,0,0,886.0,877.0,False,Conserved,-2,FAWTLAETI,-2,FAVWTLAET,3,0.0,FAVGTLAET,0.121093,FAVWTLAETI,FAVWTLAET,FAVGTLAET,Negative,10,9,9,9,9,10,"1,8",0.878907,3,0.0,substitution,0.0,0.5391249028062487,Negative,1,cedar,6.1349,FAVGTLAETI,2.8905,FAVGTLATI,True,0.19042845837038658
FFHETRQYKF,HLA-A2402,0.2682,0,2,0.1155,0.726,0.3721,HLA-A*24:02,27198675,FFHETRQYKF,FFHGTRQYKF,0,0,447.0,438.0,False,Conserved,-2,FFHETRQYF,-2,FFHETQYKF,3,0.6931471805599453,FFHGTQYKF,0.08161300000000005,FFHETRQYKF,FFHETRQYKF,FFHGTRQYKF,Negative,10,10,10,10,10,10,"1,8",0.918387,3,0.6931471805599453,substitution,0.0,1.3873974645786726,Negative,1,cedar,0.2682,FFHGTRQYKF,0.3721,FFHGTQYKF,True,0.24632047170058
FFKTSAQVVL,HLA-A2402,2.9818,0,2,0.2956,0.6301,17.3778,HLA-A*24:02,27198675,FFKTSAQVVL,SKTSAQVVL,0,1,683.0,674.0,True,Conserved,-2,FFKTSAQVL,-6,FFKSAQVVL,"0,1,2",1.3862943611198906,SKTSAQVVL,0.06459899999999996,FFKTSAQVVL,FFKTSAQVVL,SKTSAQVVL,Negative,10,10,9,10,9,10,"1,8",0.935401,1,0.6931471805599453,substitution,0.0,5.827956268026025,Negative,1,cedar,2.9818,FSKTSAQVVL,19.8387,FSKSAQVVL,True,0.1649272927604656
FHETRQYKF,HLA-A2402,0.7667,0,2,0.0705,0.4846,0.5468,HLA-A*24:02,27198675,FHETRQYKF,FHGTRQYKF,0,0,447.0,439.0,False,Conserved,-2,FHETRQYKF,-2,FHETRQYKF,2,0.6931471805599453,FHGTRQYKF,0.08335400000000004,FHETRQYKF,FHETRQYKF,FHGTRQYKF,Negative,9,9,9,9,9,9,"1,8",0.916646,2,0.6931471805599453,substitution,0.0,0.7131863832007302,Negative,1,cedar,0.7667,FHGTRQYKF,0.5468,FHGTRQYKF,True,0.17284219931511788
FHGESTQVQL,HLA-C0303,1.2876,0,2,0.0394,0.5261,2.213,HLA-C*03:03,24323902,HGESTQVQL,FHDESTQVQL,1,0,482.0,473.0,True,Conserved,-1,FHESTQVQL,-5,HGESTQVQL,"0,1,2,3,4,5,6,7",2.302585092994046,FHDESTQVL,0.08071899999999999,FHGESTQVQL,HGESTQVQL,FHDESTQVQL,Negative,10,9,10,9,10,10,"1,8",0.919281,2,0.6931471805599453,substitution,0.0,1.7187014600807704,Negative,1,cedar,5.234,FHDESTQVQL,2.213,FHDESTQVL,True,0.08775729392736537
FIKSLPLVVKY,HLA-B1501,0.2332,0,2,2.0607,0.2942,0.89,HLA-B*15:01,27198675,KSLPLVVKY,SLPLVVKY,2,3,49.0,39.0,True,Improved,1,FSLPLVVKY,-8,KSLPLVVKY,"0,1,2",,SL-PLVVKY,0.043551000000000006,FIKSLPLVVKY,KSLPLVVKY,SLPLVVKY,Negative,11,9,8,9,8,11,"1,8",0.956449,2,0.6931471805599453,substitution,0.0,3.816466552315609,Negative,1,cedar,0.8161,FIESLPLVVKY,3.1836,FILPLVVKY,True,0.1900863231329023
FILDAVQRV,HLA-A0201,0.0096,1,2,0.014,0.8834,0.0271,HLA-A*02:01,30418433,FILDAVQRV,SILDAVQRV,0,0,621.0,613.0,False,Conserved,-2,FILDAVQRV,-2,FILDAVQRV,0,0.6931471805599453,SILDAVQRV,0.02655099999999999,FILDAVQRV,FILDAVQRV,SILDAVQRV,Positive,9,9,9,9,9,9,"1,3,8",0.973449,0,0.6931471805599453,substitution,1.0,2.822916666666667,Positive_all,1,cedar,0.0096,SILDAVQRV,0.0271,SILDAVQRV,True,0.38213763008634843
FILDLFRTWNI,HLA-A0201,1.7107,0,2,0.5925,0.7818,5.0099,HLA-A*02:01,31511069,FILDLFRTWNI,FILDLFRTRNI,0,0,246.0,236.0,True,Conserved,-3,FILDRTWNI,-5,FILDRTWNI,"4,6",1.791759469228055,FILDLTRNI,0.07099900000000003,FILDLFRTWNI,FILDLFRTWNI,FILDLFRTRNI,Negative,11,11,11,11,11,11,"1,3,8",0.929001,8,0.6931471805599453,substitution,0.0,2.928567253171216,Negative,1,cedar,1.7107,FILDLFRTRNI,5.0099,FILDLTRNI,True,0.16913906247387073
FKVSAQGITM,HLA-B3501,2.1279,0,2,0.9811,0.4053,5.8299,HLA-B*35:01,27198675,KVSAQGITM,KVSAQGITL,1,1,1325.0,1316.0,True,Conserved,2,FVSAQGITM,2,KVSAQGITM,8,0.6931471805599453,KVSAQGITL,0.010392999999999986,FKVSAQGITM,KVSAQGITM,KVSAQGITL,Negative,10,9,9,9,9,10,"1,8",0.989607,9,0.6931471805599453,substitution,0.0,2.739743408994784,Negative,1,cedar,3.9427,FKVSAQGITL,9.2493,FVSAQGITL,True,0.1420293125276556
FLAPTGVPV,HLA-A0201,0.0406,0,2,0.0081,0.9217,0.1072,HLA-A*02:01,30556813,FLAPTGVPV,FLVPTGVPV,0,0,31.0,23.0,False,Conserved,0,FLAPTGVPV,0,FLAPTGVPV,2,1.3862943611198906,FLVPTGVPV,0.045525999999999955,FLAPTGVPV,FLAPTGVPV,FLVPTGVPV,Negative,9,9,9,9,9,9,"1,3,8",0.954474,2,1.3862943611198906,substitution,0.0,2.640394088669951,Negative,1,cedar,0.0406,FLVPTGVPV,0.1072,FLVPTGVPV,True,0.3643516265250747
FLASLNICK,HLA-A0301,0.81,0,2,0.128,0.6601,0.3237,HLA-A*03:01,31511069,FLASLNICK,FLASLNISK,0,0,1329.0,1321.0,False,Conserved,-1,FLASLNICK,-1,FLASLNICK,7,1.3862943611198906,FLASLNISK,0.05464800000000003,FLASLNICK,FLASLNICK,FLASLNISK,Negative,9,9,9,9,9,9,"0,1,8",0.945352,7,1.3862943611198906,substitution,0.0,0.3996296296296296,Negative,1,cedar,0.81,FLASLNISK,0.3237,FLASLNISK,True,0.18882224619325877
FLCPGLLKEVY,HLA-B1501,0.8855,0,2,0.91,0.4493,0.8652,HLA-B*15:01,27198675,FLCPGLLKEVY,FLCPGLLKGVY,0,0,143.0,133.0,False,Conserved,-2,FLCPGLLKY,-2,FLCPGKEVY,6,0.6931471805599453,FLCPGKGVY,0.04808900000000005,FLCPGLLKEVY,FLCPGLLKEVY,FLCPGLLKGVY,Negative,11,11,11,11,11,11,"1,8",0.951911,8,0.6931471805599453,substitution,0.0,0.9770750988142293,Negative,1,cedar,0.8855,FLCPGLLKGVY,0.8652,FLCPGKGVY,True,0.14104955331569735
FLGAGLFLYF,HLA-B2705,14.9934,1,2,0.5602,0.5328,16.7423,HLA-B*27:05,"29545564,29545564",FLGAGLFLY,LGAGLFIYF,0,1,250.0,241.0,True,Conserved,2,FLAGLFLYF,-6,FLGAGLFLY,"0,1,2,3,4,5,6,7,8",3.1780538303479458,LGAGLFIYF,0.09898099999999999,FLGAGLFLYF,FLGAGLFLY,LGAGLFIYF,Positive,10,9,9,9,9,10,"1,8",0.901019,7,1.3862943611198906,substitution,0.5,1.1166446569824056,"Positive_all,Negative",2,cedar,26.1579,FLGAGLFIYF,28.2143,FGAGLFIYF,True,0.2591634364743269
FLGDINPQHSW,HLA-C1203,6.4426,0,2,1.388,0.2199,7.2092,HLA-C*12:03,24323902,FLGDINPQH,FLGEINPQH,0,0,1149.0,1139.0,False,Conserved,2,FDINPQHSW,2,FLGDINPQH,3,1.3862943611198906,FLGEINPQH,0.05560699999999996,FLGDINPQHSW,FLGDINPQH,FLGEINPQH,Negative,11,9,9,9,9,11,"1,8",0.944393,3,1.3862943611198906,substitution,0.0,1.1189892279514482,Negative,1,cedar,11.109,FLGEINPQHSW,11.1469,FLINPQHSW,True,0.12474981469771593
FLILRGVLV,HLA-A0201,0.3851,0,2,0.3402,0.7558,6.1574,HLA-A*02:01,31511069,FLILRGVLV,FLILRGVL,0,0,140.0,132.0,True,Improved,-3,FLILRGVLV,-5,FLILRGVLV,"7,8",1.0986122886681098,FLILRGV-L,0.03991,FLILRGVLV,FLILRGVLV,FLILRGVL,Negative,9,9,8,9,8,9,"1,3,8",0.96009,8,1.3862943611198906,substitution,0.0,15.989093741885224,Negative,1,cedar,0.3851,FLILRGVLG,11.5836,FLILRGVLG,True,0.37105750169472423
FLPDLNVNA,HLA-A0201,0.115,1,2,0.0895,0.831,0.2135,HLA-A*02:01,30418433,FLPDLNVNA,FLPDLNANA,0,0,751.0,743.0,False,Conserved,0,FLPDLNVNA,0,FLPDLNVNA,6,1.3862943611198906,FLPDLNANA,0.04551099999999997,FLPDLNVNA,FLPDLNVNA,FLPDLNANA,Positive,9,9,9,9,9,9,"1,3,8",0.954489,6,1.3862943611198906,substitution,1.0,1.8565217391304347,Positive_all,1,cedar,0.115,FLPDLNANA,0.2135,FLPDLNANA,True,0.3226598959359409
FMASNDEGV,HLA-C1203,9.4533,0,2,0.0098,0.9068,5.6557,HLA-C*12:03,24323902,FMASNDEGV,FVASNDEGV,0,0,214.0,206.0,True,Conserved,1,FMASNDEGV,1,FMASNDEGV,1,0.0,FVASNDEGV,0.029909999999999992,FMASNDEGV,FMASNDEGV,FVASNDEGV,Negative,9,9,9,9,9,9,"1,8",0.97009,1,0.0,substitution,0.0,0.598277850062941,Negative,1,cedar,9.4533,FVASNDEGV,5.6557,FVASNDEGV,True,0.10754431434835005
FMDMAILVES,HLA-A0201,1.5805,1,2,0.6303,0.6427,1.7867,HLA-A*02:01,31324690,FMDMAILV,FMDMAMLV,0,0,225.0,216.0,False,Conserved,1,FMMAILVES,1,FM-DMAILV,6,1.0986122886681098,FM-DMAMLV,0.04320900000000005,FMDMAILVES,FMDMAILV,FMDMAMLV,Positive,10,8,8,8,8,10,"1,3,8",0.956791,5,1.0986122886681098,substitution,1.0,1.1304650427080039,Positive_all,1,cedar,4.9053,FMDMAMLVES,7.1305,FMMAMLVES,True,0.15476773848088307
FMDSVIFIL,HLA-A0206,0.09,0,2,0.0098,0.8089,0.0135,HLA-A*02:06,34193879,FMDSVIFIL,FMDSVIFTL,0,0,1009.0,1001.0,False,Conserved,-1,FMDSVIFIL,-1,FMDSVIFIL,7,1.0986122886681098,FMDSVIFTL,0.03657100000000002,FMDSVIFIL,FMDSVIFIL,FMDSVIFTL,Negative,9,9,9,9,9,9,"1,3,8",0.963429,7,1.0986122886681098,substitution,0.0,0.15,Negative,1,cedar,0.09,FMDSVIFTL,0.0135,FMDSVIFTL,True,0.6735356493760362
FMPDFDLHL,HLA-A0201,0.0568,1,2,0.0088,0.7324,0.1293,HLA-A*02:01,"26945006,26945006,26945006,26945006,26945006,26945006,26945006,26389673,26389673,26389673,26389673",FMPDFDLHL,SMPDFDLHL,0,0,2588.0,2580.0,False,Conserved,-2,FMPDFDLHL,-2,FMPDFDLHL,0,0.6931471805599453,SMPDFDLHL,0.032626000000000044,FMPDFDLHL,FMPDFDLHL,SMPDFDLHL,Positive,9,9,9,9,9,9,"1,3,8",0.967374,0,0.6931471805599453,substitution,1.0,2.276408450704225,"Positive_all,Positive_all,Positive_all,Positive_all,Positive_all,Positive_all,Positive_all,Positive_all,Positive_all,Positive_all,Positive_all",11,cedar,0.0568,SMPDFDLHL,0.1293,SMPDFDLHL,True,0.45905333976091023
FMSESTSNI,HLA-A0201,0.1211,0,2,0.0068,0.9346,0.6984,HLA-A*02:01,31511069,FMSESTSNI,LMSESTSNI,0,0,989.0,981.0,False,Improved,0,FMSESTSNI,0,FMSESTSNI,0,1.791759469228055,LMSESTSNI,0.015499999999999958,FMSESTSNI,FMSESTSNI,LMSESTSNI,Negative,9,9,9,9,9,9,"1,3,8",0.9845,0,1.791759469228055,substitution,0.0,5.7671345995045415,Negative,1,cedar,0.1211,LMSESTSNI,0.6984,LMSESTSNI,True,0.1882424002048587
FPKKIQMLA,HLA-B5601,0.0056,1,2,0.0098,0.8297,0.0044,HLA-B*56:01,33479501,FPKKIQMLA,FPKEIQMLA,0,0,393.0,385.0,False,Conserved,1,FPKKIQMLA,1,FPKKIQMLA,3,0.6931471805599453,FPKEIQMLA,0.05070399999999997,FPKKIQMLA,FPKKIQMLA,FPKEIQMLA,Positive,9,9,9,9,9,9,"1,8",0.949296,3,0.6931471805599453,substitution,1.0,0.7857142857142858,Positive_all,1,cedar,0.0056,FPKEIQMLA,0.0044,FPKEIQMLA,True,0.3326446777595325
FPLPNQLEIAL,HLA-B0702,0.0877,0,2,0.0206,0.5832,0.0877,HLA-B*07:02,31511069,LPNQLEIAL,LPNQLEIAL,2,2,518.0,508.0,False,Conserved,0,FPLPNEIAL,4,LPNQLEIAL,-1,,LPNQLEIAL,0.0,FPLPNQLEIAL,LPNQLEIAL,LPNQLEIAL,Negative,11,9,9,9,9,11,"1,8",1.0,0,1.791759469228055,substitution,0.0,1.0,Negative,1,cedar,0.4347,LPLPNQLEIAL,0.4769,LPLPNQLAL,True,0.13879333168412497
FPVVNSHSL,HLA-C0304,0.2454,0,2,0.0055,0.7897,0.0009,HLA-C*03:04,"30556813,30556813",FPVVNSHSL,FAVVNSHSL,0,0,320.0,312.0,True,Conserved,-1,FPVVNSHSL,-1,FPVVNSHSL,1,1.3862943611198906,FAVVNSHSL,0.049262999999999946,FPVVNSHSL,FPVVNSHSL,FAVVNSHSL,Negative,9,9,9,9,9,9,"1,8",0.950737,1,1.3862943611198906,substitution,0.0,0.003667481662591687,"Negative,Negative",2,cedar,0.2454,FAVVNSHSL,0.0009,FAVVNSHSL,True,0.21384003265150886
FQAQHIAMA,HLA-A0201,0.5138,1,2,0.02,0.8313,0.8459,HLA-A*02:01,"31655052,31655052",FQAQHIAMA,FQAQHIAVA,0,0,194.0,186.0,False,Conserved,1,FQAQHIAMA,1,FQAQHIAMA,7,0.0,FQAQHIAVA,0.029820999999999986,FQAQHIAMA,FQAQHIAMA,FQAQHIAVA,Positive,9,9,9,9,9,9,"1,3,8",0.970179,7,0.0,substitution,0.5,1.6463604515375632,"Negative,Positive_all",2,cedar,0.5138,FQAQHIAVA,0.8459,FQAQHIAVA,True,0.1552627070629048
FSLPKSVPLF,HLA-A2402,0.0456,0,2,0.2292,0.589,0.0658,HLA-A*24:02,27198675,SLPKSVPLF,SLPESVPLF,1,1,233.0,224.0,False,Conserved,1,FSLPSVPLF,1,SLPKSVPLF,3,0.6931471805599453,SLPESVPLF,0.05154700000000001,FSLPKSVPLF,SLPKSVPLF,SLPESVPLF,Negative,10,9,9,9,9,10,"1,8",0.948453,4,0.6931471805599453,substitution,0.0,1.4429824561403508,Negative,1,cedar,0.6116,FSLPESVPLF,0.5692,FLPESVPLF,True,0.13554086137436552
FSWRDSSFTEV,HLA-A0201,5.3348,0,2,0.2229,0.4495,8.1408,HLA-A*02:01,31511069,FSWRDSSFTEV,FSGRDSSFTEV,0,0,242.0,232.0,False,Conserved,-2,FSDSSFTEV,-4,FSWSSFTEV,2,-1.0,FSDSSFTEV,0.06834700000000005,FSWRDSSFTEV,FSWRDSSFTEV,FSGRDSSFTEV,Negative,11,11,11,11,11,11,"1,3,8",0.931653,2,0.0,substitution,0.0,1.5259803554022644,Negative,1,cedar,5.3348,FSGRDSSFTEV,8.1408,FSDSSFTEV,True,0.08459524447783534
FVADWAGTF,HLA-A2501,0.0172,0,2,0.0079,0.6599,0.0187,HLA-A*25:01,33479501,FVADWAGTF,FVADRAGTF,0,0,192.0,184.0,False,Conserved,-3,FVADWAGTF,-3,FVADWAGTF,4,0.6931471805599453,FVADRAGTF,0.13599799999999995,FVADWAGTF,FVADWAGTF,FVADRAGTF,Negative,9,9,9,9,9,9,"0,1,8",0.864002,4,0.6931471805599453,substitution,0.0,1.0872093023255816,Negative,1,cedar,0.0172,FVADRAGTF,0.0187,FVADRAGTF,True,0.39159425921165253
FVLAVKRTV,HLA-A0201,1.0342,0,2,0.3547,0.573,1.4645,HLA-A*02:01,27198675,FVLAVKRTV,FVSAVKRTV,0,0,362.0,354.0,False,Conserved,-2,FVLAVKRTV,-2,FVLAVKRTV,2,0.6931471805599453,FVSAVKRTV,0.05807300000000004,FVLAVKRTV,FVLAVKRTV,FVSAVKRTV,Negative,9,9,9,9,9,9,"1,3,8",0.941927,2,0.6931471805599453,substitution,0.0,1.4160703925739702,Negative,1,cedar,1.0342,FVSAVKRTV,1.4645,FVSAVKRTV,True,0.2483817813982728
FVLAVKRTV,HLA-B0702,5.0671,0,2,0.3547,0.573,3.226,HLA-B*07:02,27198675,FVLAVKRTV,FVSAVKRTV,0,0,362.0,354.0,False,Conserved,-2,FVLAVKRTV,-2,FVLAVKRTV,2,0.6931471805599453,FVSAVKRTV,0.05807300000000004,FVLAVKRTV,FVLAVKRTV,FVSAVKRTV,Negative,9,9,9,9,9,9,"1,8",0.941927,2,0.6931471805599453,substitution,0.0,0.6366560754672298,Negative,1,cedar,5.0671,FVSAVKRTV,3.226,FVSAVKRTV,True,0.2373480851828996
FVLNGGGEV,HLA-A0201,1.4921,0,2,0.3953,0.6871,1.8702,HLA-A*02:01,31511069,FVLNGGGEV,FVLNDGGEV,0,0,67.0,59.0,False,Conserved,-1,FVLNGGGEV,-1,FVLNGGGEV,4,0.6931471805599453,FVLNDGGEV,0.08647700000000003,FVLNGGGEV,FVLNGGGEV,FVLNDGGEV,Negative,9,9,9,9,9,9,"1,3,8",0.913523,4,0.6931471805599453,substitution,0.0,1.2534012465652438,Negative,1,cedar,1.4921,FVLNDGGEV,1.8702,FVLNDGGEV,True,0.17604308190368123
FVTETPLEV,HLA-A0201,0.0368,1,2,0.1266,0.7806,16.735,HLA-A*02:01,"33329543,33329543",FVTETPLEV,FVTETPLEG,0,0,61.0,53.0,True,Improved,-3,FVTETPLEV,-3,FVTETPLEV,8,1.3862943611198906,FVTETPLEG,0.02924800000000005,FVTETPLEV,FVTETPLEV,FVTETPLEG,Positive,9,9,9,9,9,9,"1,3,8",0.970752,8,1.3862943611198906,substitution,0.5,454.7554347826087,"Positive_all,Negative",2,cedar,0.0368,FVTETPLEG,16.735,FVTETPLEG,True,0.27055344697885764
FVYQCFEGYI,HLA-A0201,8.698,0,2,0.4977,0.6176,18.2661,HLA-A*02:01,31511069,FVYQCFEGYI,FVCQCFEGYI,0,0,556.0,547.0,True,Conserved,-2,FVYQFEGYI,-9,FVYQCFEYI,"2,4,5,6",1.791759469228055,FVCQFEGYI,0.10072400000000004,FVYQCFEGYI,FVYQCFEGYI,FVCQCFEGYI,Negative,10,10,10,10,10,10,"1,3,8",0.899276,2,0.6931471805599453,substitution,0.0,2.1000344906875146,Negative,1,cedar,8.698,FVCQCFEGYI,18.2661,FVCQFEGYI,True,0.31259105275544247
FYFFHETRQY,HLA-A2402,1.1778,0,2,0.0398,0.782,1.0592,HLA-A*24:02,27198675,YFFHETRQY,YFFHGTRQY,1,1,445.0,436.0,False,Conserved,-2,FFFHETRQY,-2,YFFHETRQY,4,0.6931471805599453,YFFHGTRQY,0.10085900000000003,FYFFHETRQY,YFFHETRQY,YFFHGTRQY,Negative,10,9,9,9,9,10,"1,8",0.899141,5,0.6931471805599453,substitution,0.0,0.8993037867210052,Negative,1,cedar,1.6343,FYFFHGTRQY,1.3241,FYFHGTRQY,True,0.23566003127253532
FYGKTILWF,HLA-A2402,0.0517,1,2,0.0501,0.714,0.0292,HLA-A*24:02,"30880120,30880120,30880120",FYGKTILWF,FYGKTIPWF,0,0,169.0,161.0,False,Conserved,-3,FYGKTILWF,-3,FYGKTILWF,6,1.3862943611198906,FYGKTIPWF,0.104626,FYGKTILWF,FYGKTILWF,FYGKTIPWF,Positive,9,9,9,9,9,9,"1,8",0.895374,6,1.3862943611198906,substitution,0.6666666666666666,0.5647969052224371,"Positive_all,Negative,Positive_all",3,cedar,0.0517,FYGKTIPWF,0.0292,FYGKTIPWF,True,0.40931902825293587
GFAFVEFYHF,HLA-A2402,0.5113,0,2,0.2989,0.5258,1.7029,HLA-A*24:02,"34270940,34270940",AFVEFYHF,AFVEFYHL,2,2,150.0,141.0,True,Conserved,0,GFAVEFYHF,0,AFVE-FYHF,8,1.791759469228055,AFVE-FYHL,0.028919999999999946,GFAFVEFYHF,AFVEFYHF,AFVEFYHL,Negative,10,8,8,8,8,10,"1,8",0.97108,9,1.791759469228055,substitution,0.0,3.3305300215137885,"Negative,Negative",2,cedar,0.6823,GFAFVEFYHL,3.0755,GFAFEFYHL,True,0.2860183507748027
GIQTFCSRV,HLA-A0201,3.9924,0,2,2.2997,0.5354,7.2536,HLA-A*02:01,27198675,GIQTFCSRV,GTQTFCSRV,0,0,373.0,365.0,True,Conserved,-1,GIQTFCSRV,-1,GIQTFCSRV,1,1.0986122886681098,GTQTFCSRV,0.04322400000000004,GIQTFCSRV,GIQTFCSRV,GTQTFCSRV,Negative,9,9,9,9,9,9,"1,3,8",0.956776,1,1.0986122886681098,substitution,0.0,1.816852018835788,Negative,1,cedar,3.9924,GTQTFCSRV,7.2536,GTQTFCSRV,True,0.09376985514727978
GLAFDMDEI,HLA-A0201,1.1812,0,2,0.2589,0.7742,1.4627,HLA-A*02:01,31511069,GLAFDMDEI,GLAVDMDEI,0,0,677.0,669.0,True,Conserved,-1,GLAFDMDEI,-1,GLAFDMDEI,3,0.6931471805599453,GLAVDMDEI,0.07199,GLAFDMDEI,GLAFDMDEI,GLAVDMDEI,Negative,9,9,9,9,9,9,"1,3,8",0.92801,3,0.6931471805599453,substitution,0.0,1.238316965797494,Negative,1,cedar,1.1812,GLAVDMDEI,1.4627,GLAVDMDEI,True,0.14936068691201107
GLPNHGATFKV,HLA-A0201,0.9732,0,2,1.6398,0.6505,3.5496,HLA-A*02:01,27198675,GLPNHGATFKV,GLPNHGATF,0,0,1277.0,1267.0,True,Improved,-2,GLHGATFKV,-10,GLHGATFKV,"2,3,4,5,6,7,8",1.791759469228055,GLPNHGATF,0.06462999999999997,GLPNHGATFKV,GLPNHGATFKV,GLPNHGATF,Negative,11,11,9,11,9,11,"1,3,8",0.93537,10,0.6931471805599453,substitution,0.0,3.6473489519112205,Negative,1,cedar,0.9732,GLPNHGATFKE,25.7073,GLHGATFKE,True,0.07093372200341042
GLRERMGLSY,HLA-B1501,0.1081,0,2,0.1849,0.6736,0.1461,HLA-B*15:01,27198675,GLRERMGLSY,GLRERMGPSY,0,0,1043.0,1034.0,False,Conserved,-3,GLREMGLSY,-3,GLREMGLSY,6,1.3862943611198906,GLREMGPSY,0.07492200000000004,GLRERMGLSY,GLRERMGLSY,GLRERMGPSY,Negative,10,10,10,10,10,10,"1,8",0.925078,7,1.3862943611198906,substitution,0.0,1.3515263644773359,Negative,1,cedar,0.1081,GLRERMGPSY,0.1461,GLREMGPSY,True,0.1779340505962851
GMFEAGDCQV,HLA-A0201,0.4535,0,2,0.2486,0.7765,0.4251,HLA-A*02:01,31511069,GMFEAGDCQV,GMFEAGDRQV,0,0,463.0,454.0,False,Conserved,-3,GMFEGDCQV,-3,GMFEGDCQV,6,0.6931471805599453,GMFEGDRQV,0.09313400000000005,GMFEAGDCQV,GMFEAGDCQV,GMFEAGDRQV,Negative,10,10,10,10,10,10,"1,3,8",0.906866,7,0.6931471805599453,substitution,0.0,0.9373759647188533,Negative,1,cedar,0.4535,GMFEAGDRQV,0.4251,GMFEGDRQV,True,0.1238252368772059
GMYASSYIIL,HLA-A0201,1.4629,0,2,0.8828,0.3758,0.6652,HLA-A*02:01,27198675,GMYASSYII,GMYASSYMI,0,0,131.0,122.0,False,Conserved,1,GYASSYIIL,1,GMYASSYII,7,1.0986122886681098,GMYASSYMI,0.02689699999999995,GMYASSYIIL,GMYASSYII,GMYASSYMI,Negative,10,9,9,9,9,10,"1,3,8",0.973103,7,1.0986122886681098,substitution,0.0,0.4547132408230227,Negative,1,cedar,3.3015,GMYASSYMIL,2.6246,GMYASSYML,True,0.24975078623103597
GMYASSYIILA,HLA-A0201,1.4629,0,2,1.5286,0.524,0.6652,HLA-A*02:01,27198675,GMYASSYII,GMYASSYMI,0,0,132.0,122.0,False,Conserved,1,GMYSYIILA,1,GMYASSYII,7,1.0986122886681098,GMYASSYMI,0.02689699999999995,GMYASSYIILA,GMYASSYII,GMYASSYMI,Negative,11,9,9,9,9,11,"1,3,8",0.973103,7,1.0986122886681098,substitution,0.0,0.4547132408230227,Negative,1,cedar,2.7901,GMYASSYMILA,4.0216,GMYASSILA,True,0.19662075473881874
GPRWRSWLV,HLA-B0702,0.3125,0,2,0.2646,0.5895,0.077,HLA-B*07:02,31511069,GPRWRSWL,GPRWRSWLL,0,0,281.0,273.0,True,Conserved,1,GPRWRSWLV,-15,GPR-WRSWL,"3,4,5,6,7",1.9459101490553132,GPRWRSWLL,0.05859599999999998,GPRWRSWLV,GPRWRSWL,GPRWRSWLL,Negative,9,8,9,8,9,9,"1,8",0.941404,8,1.791759469228055,substitution,0.0,0.2464,Negative,1,cedar,0.3807,GPRWRSWLL,0.077,GPRWRSWLL,True,0.1755151931209031
GRQSWSLYV,HLA-C0702,0.9432,1,2,0.0776,0.5101,2.1186,HLA-C*07:02,32226429,GRQSWSLYV,GRQSWSSYV,0,0,,,False,Conserved,-2,GRQSWSLYV,-2,GRQSWSLYV,6,0.6931471805599453,GRQSWSSYV,0.07005399999999995,GRQSWSLYV,GRQSWSLYV,GRQSWSSYV,Positive,9,9,9,9,9,9,"1,8",0.929946,6,0.6931471805599453,substitution,1.0,2.24618320610687,Positive_all,1,cedar,0.9432,GRQSWSSYV,2.1186,GRQSWSSYV,True,0.09863887676785434
GVLPLSPSV,HLA-A0201,0.0595,0,2,0.0984,0.7964,0.0439,HLA-A*02:01,31511069,GVLPLSPSV,GVLPVSPSV,0,0,403.0,395.0,False,Conserved,1,GVLPLSPSV,1,GVLPLSPSV,4,1.791759469228055,GVLPVSPSV,0.040205000000000046,GVLPLSPSV,GVLPLSPSV,GVLPVSPSV,Negative,9,9,9,9,9,9,"1,3,8",0.959795,4,1.791759469228055,substitution,0.0,0.7378151260504202,Negative,1,cedar,0.0595,GVLPVSPSV,0.0439,GVLPVSPSV,True,0.2239687170825898
GVSKIIGGNPK,HLA-A6801,4.662,0,2,0.9623,0.5066,6.2687,HLA-A*68:01,30556813,GVSKIIGGNPK,GVSKIIGGDPK,0,0,28.0,18.0,False,Conserved,1,GVSKIGNPK,1,GVSKIINPK,6,0.6931471805599453,GVSKIIDPK,0.032115000000000005,GVSKIIGGNPK,GVSKIIGGNPK,GVSKIIGGDPK,Negative,11,11,11,11,11,11,"0,1,8",0.967885,8,0.6931471805599453,substitution,0.0,1.3446374946374946,Negative,1,cedar,4.662,GVSKIIGGDPK,6.2687,GVSKIIDPK,True,0.12421326830524818
HFSKKCSRALL,HLA-A2402,6.3131,0,2,3.7285,0.2939,5.8029,HLA-A*24:02,27198675,HFSKKCSRALL,HFSKECSRALL,0,0,253.0,243.0,False,Conserved,1,HFSKSRALL,4,HFSKSRALL,-1,,HFSKSRALL,0.040574,HFSKKCSRALL,HFSKKCSRALL,HFSKECSRALL,Negative,11,11,11,11,11,11,"1,8",0.959426,4,0.6931471805599453,substitution,0.0,0.919183919152239,Negative,1,cedar,6.3131,HFSKECSRALL,5.8029,HFSKSRALL,True,0.0692938783120287
HLRIYTGEKPY,HLA-B1501,0.0812,0,2,1.2651,0.4667,0.1335,HLA-B*15:01,27198675,RIYTGEKPY,RIHTGEKPY,2,2,779.0,769.0,False,Conserved,2,HLYTGEKPY,2,RIYTGEKPY,2,0.6931471805599453,RIHTGEKPY,0.06487699999999996,HLRIYTGEKPY,RIYTGEKPY,RIHTGEKPY,Negative,11,9,9,9,9,11,"1,8",0.935123,4,0.6931471805599453,substitution,0.0,1.644088669950739,Negative,1,cedar,0.9105,HLRIHTGEKPY,1.3764,HLHTGEKPY,True,0.08229885436042259
HPSPDLPGTHL,HLA-B0702,0.0335,0,2,0.5622,0.4884,0.1868,HLA-B*07:02,27198675,SPDLPGTHL,HPPPDLPGTHL,2,0,254.0,244.0,True,Conserved,-1,HPSPPGTHL,-5,SPDLPGTHL,"0,2,3",1.3862943611198906,HPPPPGTHL,0.10484300000000002,HPSPDLPGTHL,SPDLPGTHL,HPPPDLPGTHL,Negative,11,9,11,9,11,11,"1,8",0.895157,2,1.3862943611198906,substitution,0.0,5.576119402985074,Negative,1,cedar,0.0629,HPPPDLPGTHL,0.1868,HPPPPGTHL,True,0.2995190702601003
HPSPDLPGTHL,HLA-B3501,0.3211,0,2,0.5622,0.4884,1.1156,HLA-B*35:01,27198675,SPDLPGTHL,HPPPDLPGTH,2,0,254.0,244.0,True,Conserved,-1,HPSPPGTHL,-16,SPDLPGTHL,"0,2,3,4,5,6,7,8",2.302585092994046,HPPPDLPTH,0.164142,HPSPDLPGTHL,SPDLPGTHL,HPPPDLPGTH,Negative,11,9,10,9,10,11,"1,8",0.835858,2,1.3862943611198906,substitution,0.0,3.4743070694487694,Negative,1,cedar,0.6247,HPPPDLPGTHL,1.1519,HPDLPGTHL,True,0.13768315830800434
HSKPEDTDAW,HLA-B5701,0.1011,0,2,0.3046,0.5561,0.0241,HLA-B*57:01,30556813,HSKPEDTDAW,HSKPEDTDTW,0,0,176.0,167.0,False,Conserved,0,HSKPEDTAW,0,HSKPEDTAW,7,1.3862943611198906,HSKPEDTTW,0.026334999999999997,HSKPEDTDAW,HSKPEDTDAW,HSKPEDTDTW,Negative,10,10,10,10,10,10,"1,8",0.973665,8,1.3862943611198906,substitution,0.0,0.23837784371909002,Negative,1,cedar,0.1011,HSKPEDTDTW,0.0241,HSKPEDTTW,True,0.1232667939353218
IAASRSVVM,HLA-C1203,0.0148,0,2,0.0094,0.8831,0.035,HLA-C*12:03,30556813,IAASRSVVM,IAASRSAVM,0,0,16.0,8.0,False,Conserved,0,IAASRSVVM,0,IAASRSVVM,6,1.3862943611198906,IAASRSAVM,0.034524,IAASRSVVM,IAASRSVVM,IAASRSAVM,Negative,9,9,9,9,9,9,"1,8",0.965476,6,1.3862943611198906,substitution,0.0,2.364864864864865,Negative,1,cedar,0.0148,IAASRSAVM,0.035,IAASRSAVM,True,0.2108741276289507
IFSATLAYFL,HLA-A2402,0.1032,0,2,0.6799,0.4126,0.1032,HLA-A*24:02,27198675,IFSATLAYF,IFSATLAYF,0,0,251.0,242.0,False,Conserved,-3,IFSATAYFL,6,IFSATLAYF,-1,,IFSATLAYF,0.0,IFSATLAYFL,IFSATLAYF,IFSATLAYF,Negative,10,9,9,9,9,10,"1,8",1.0,9,1.3862943611198906,substitution,0.0,1.0,Negative,1,cedar,2.6818,IFSATLAYFP,4.9081,IFSATLAYF,True,0.20147964230263662
ILENPFFSI,HLA-A0201,0.5292,0,2,0.3664,0.8251,1.0139,HLA-A*02:01,27198675,ILENPFFSI,ILENPFSSI,0,0,462.0,454.0,False,Conserved,-2,ILENPFFSI,-2,ILENPFFSI,6,0.6931471805599453,ILENPFSSI,0.07850500000000005,ILENPFFSI,ILENPFFSI,ILENPFSSI,Negative,9,9,9,9,9,9,"1,3,8",0.921495,6,0.6931471805599453,substitution,0.0,1.9159108087679517,Negative,1,cedar,0.5292,ILENPFSSI,1.0139,ILENPFSSI,True,0.19321218965028292
ILENPFFSI,HLA-A2402,3.3972,0,2,0.3664,0.8251,5.8448,HLA-A*24:02,27198675,ILENPFFSI,ILENPFSSI,0,0,462.0,454.0,False,Conserved,-2,ILENPFFSI,-2,ILENPFFSI,6,0.6931471805599453,ILENPFSSI,0.07850500000000005,ILENPFFSI,ILENPFFSI,ILENPFSSI,Negative,9,9,9,9,9,9,"1,8",0.921495,6,0.6931471805599453,substitution,0.0,1.7204756858589425,Negative,1,cedar,3.3972,ILENPFSSI,5.8448,ILENPFSSI,True,0.17182119001548174
ILENPFFSIF,HLA-A2402,2.0402,0,2,0.1723,0.5073,2.4507,HLA-A*24:02,27198675,LENPFFSIF,ILENPFSSIF,1,0,463.0,454.0,True,Conserved,-2,IENPFFSIF,-3,LENPFFSIF,"0,1,5",1.791759469228055,ILNPFSSIF,0.11289400000000005,ILENPFFSIF,LENPFFSIF,ILENPFSSIF,Negative,10,9,10,9,10,10,"1,8",0.887106,6,0.6931471805599453,substitution,0.0,1.2012057641407705,Negative,1,cedar,2.1457,ILENPFSSIF,2.4507,ILNPFSSIF,True,0.2166133569152645
ILKQNYFSV,HLA-A0201,0.4572,0,2,0.199,0.7916,0.3468,HLA-A*02:01,31511069,ILKQNYFSV,ILKQNDFSV,0,0,316.0,308.0,False,Conserved,-3,ILKQNYFSV,-3,ILKQNYFSV,5,0.6931471805599453,ILKQNDFSV,0.10988299999999995,ILKQNYFSV,ILKQNYFSV,ILKQNDFSV,Negative,9,9,9,9,9,9,"1,3,8",0.890117,5,0.6931471805599453,substitution,0.0,0.7585301837270341,Negative,1,cedar,0.4572,ILKQNDFSV,0.3468,ILKQNDFSV,True,0.1731369043269001
ILNASNVKTF,HLA-B1501,0.5114,0,2,0.2564,0.6433,0.564,HLA-B*15:01,27198675,ILNASNVKTF,ILNASNLKTF,0,0,143.0,134.0,False,Conserved,1,ILNASNVTF,1,ILNASNVTF,6,1.791759469228055,ILNASNLTF,0.030286000000000035,ILNASNVKTF,ILNASNVKTF,ILNASNLKTF,Negative,10,10,10,10,10,10,"1,8",0.969714,6,1.791759469228055,substitution,0.0,1.1028549080954242,Negative,1,cedar,0.5114,ILNASNLKTF,0.564,ILNASNLTF,True,0.11982331286150967
ILPKVLILI,HLA-A0201,0.2707,1,2,0.304,0.556,0.2998,HLA-A*02:01,32226429,ILPKVLILI,FLPKVLDLI,0,0,504.0,496.0,False,Conserved,-3,ILPKVLILI,-3,ILPKVLILI,"0,6",0.6931471805599453,FLPKVLDLI,0.09753199999999995,ILPKVLILI,ILPKVLILI,FLPKVLDLI,Positive,9,9,9,9,9,9,"1,3,8",0.902468,"0,6",0.6931471805599453,substitution,1.0,1.1074990764684152,Positive_all,1,cedar,0.2707,FLPKVLDLI,0.2998,FLPKVLDLI,True,0.316392339284606
ILWRQDINL,HLA-A0201,0.1052,1,2,0.3149,0.7158,0.4193,HLA-A*02:01,"34696226,34696226,34696226,34696226,34696226,34696226,34696226,34696226,34696226,34696226,34696226,34696226",ILWRQDINL,ILWRQDIDL,0,0,30.0,22.0,False,Conserved,1,ILWRQDINL,1,ILWRQDINL,7,0.6931471805599453,ILWRQDIDL,0.039795000000000025,ILWRQDINL,ILWRQDINL,ILWRQDIDL,Positive,9,9,9,9,9,9,"1,3,8",0.960205,7,0.6931471805599453,substitution,0.5,3.98574144486692,"Positive_all,Negative,Positive_all,Negative,Positive_all,Positive_all,Positive_all,Negative,Negative,Negative,Positive_all,Negative",12,cedar,0.1052,ILWRQDIDL,0.4193,ILWRQDIDL,True,0.3530380073500434
IMLSSNVINF,HLA-B1501,0.3065,0,2,0.2258,0.6554,0.6609,HLA-B*15:01,27198675,MLSSNVINF,MLPSNVINF,1,1,21.0,12.0,False,Conserved,-1,IMLSSNVIF,-1,MLSSNVINF,2,1.3862943611198906,MLPSNVINF,0.06564599999999998,IMLSSNVINF,MLSSNVINF,MLPSNVINF,Negative,10,9,9,9,9,10,"1,8",0.934354,3,1.3862943611198906,substitution,0.0,2.1562805872756936,Negative,1,cedar,1.364,IMLPSNVINF,0.7823,IMLPSNVIF,True,0.16801093477657397
IMYLTGMVNK,HLA-A0301,0.1323,0,2,0.0123,0.8088,0.5087,HLA-A*03:01,30556813,IMYLTGMVNK,IMYLTGMVDK,0,0,103.0,94.0,False,Improved,1,IMYTGMVNK,1,IMYTGMVNK,7,0.6931471805599453,IMYTGMVDK,0.02610699999999999,IMYLTGMVNK,IMYLTGMVNK,IMYLTGMVDK,Negative,10,10,10,10,10,10,"0,1,8",0.973893,8,0.6931471805599453,substitution,0.0,3.845049130763417,Negative,1,cedar,0.1323,IMYLTGMVDK,0.5087,IMYTGMVDK,True,0.4367489371232795
IPINPRRCL,HLA-B0702,0.025,1,2,0.0504,0.7486,0.0228,HLA-B*07:02,"29545564,29545564",IPINPRRCL,TPINPRRCL,0,0,45.0,37.0,False,Conserved,-1,IPINPRRCL,-1,IPINPRRCL,0,1.0986122886681098,TPINPRRCL,0.022222999999999993,IPINPRRCL,IPINPRRCL,TPINPRRCL,Positive,9,9,9,9,9,9,"1,8",0.977777,0,1.0986122886681098,substitution,0.5,0.912,"Positive_all,Negative",2,cedar,0.025,TPINPRRCL,0.0228,TPINPRRCL,True,0.35009113483449356
IPLSDNTIF,HLA-B3501,0.0487,1,2,0.0754,0.7204,4.5961,HLA-B*35:01,33479501,IPLSDNTIF,IPLSDNTIS,0,0,116.0,108.0,True,Improved,-2,IPLSDNTIF,-2,IPLSDNTIF,8,0.6931471805599453,IPLSDNTIS,0.027590000000000003,IPLSDNTIF,IPLSDNTIF,IPLSDNTIS,Positive,9,9,9,9,9,9,"1,8",0.97241,8,0.6931471805599453,substitution,1.0,94.37577002053388,Positive_all,1,cedar,0.0487,IPLSDNTIS,4.5961,IPLSDNTIS,True,0.2950919971486564
IYSKIMDLI,HLA-A2402,0.0732,0,2,0.0351,0.7338,0.0965,HLA-A*24:02,"34270940,34270940",IYSKIMDLI,IYTKIMDLI,0,0,200.0,192.0,False,Conserved,1,IYSKIMDLI,1,IYSKIMDLI,2,1.791759469228055,IYTKIMDLI,0.031756000000000006,IYSKIMDLI,IYSKIMDLI,IYTKIMDLI,Negative,9,9,9,9,9,9,"1,8",0.968244,2,1.791759469228055,substitution,0.0,1.3183060109289617,"Negative,Negative",2,cedar,0.0732,IYTKIMDLI,0.0965,IYTKIMDLI,True,0.4133061526209999
IYTSSGQLQLF,HLA-A2402,0.0278,0,2,0.0779,0.6728,0.0222,HLA-A*24:02,30556813,IYTSSGQLQLF,IYTSSEQLQLF,0,0,449.0,439.0,False,Conserved,-2,IYSGQLQLF,-2,IYSGQLQLF,3,0.6931471805599453,IYSEQLQLF,0.06440299999999999,IYTSSGQLQLF,IYTSSGQLQLF,IYTSSEQLQLF,Negative,11,11,11,11,11,11,"1,8",0.935597,5,0.6931471805599453,substitution,0.0,0.7985611510791367,Negative,1,cedar,0.0278,IYTSSEQLQLF,0.0222,IYSEQLQLF,True,0.28087242045877686
KIDIERILSV,HLA-A0201,0.387,0,2,0.2332,0.7822,0.4362,HLA-A*02:01,31511069,KIDIERILSV,KIEIERILSV,0,0,824.0,815.0,False,Conserved,2,KIIERILSV,4,KIIERILSV,-1,,KIIERILSV,0.03225100000000003,KIDIERILSV,KIDIERILSV,KIEIERILSV,Negative,10,10,10,10,10,10,"1,3,8",0.967749,2,1.3862943611198906,substitution,0.0,1.1271317829457363,Negative,1,cedar,0.387,KIEIERILSV,0.4362,KIIERILSV,True,0.1795457558889383
KILDAVVAQK,HLA-A0301,0.0281,1,2,0.1079,0.6714,3.3097,HLA-A*03:01,"16247014,16247014,16247014,16247014",KILDAVVAQK,KILDAVVAQ,0,0,799.0,790.0,True,Improved,1,KILDAVVQK,0,KILDAVVQK,"7,8",0.6931471805599453,KILDAVVAQ,0.02792899999999998,KILDAVVAQK,KILDAVVAQK,KILDAVVAQ,Positive,10,10,9,10,9,10,"0,1,8",0.972071,9,0.6931471805599453,substitution,0.75,117.78291814946618,"Positive_all,Negative,Positive_all,Positive_all",4,cedar,0.0281,KILDAVVAQE,10.0315,KILDAVVQE,True,0.24698273024197062
KLCIFAPFV,HLA-A0201,0.8178,0,2,0.2347,0.8548,0.5215,HLA-A*02:01,31511069,KLCIFAPFV,KLCIFAPYV,0,0,214.0,206.0,False,Conserved,3,KLCIFAPFV,3,KLCIFAPFV,7,0.6931471805599453,KLCIFAPYV,0.03156199999999998,KLCIFAPFV,KLCIFAPFV,KLCIFAPYV,Negative,9,9,9,9,9,9,"1,3,8",0.968438,7,0.6931471805599453,substitution,0.0,0.6376864759109807,Negative,1,cedar,0.8178,KLCIFAPYV,0.5215,KLCIFAPYV,True,0.16775261897969412
KLDSVCLLK,HLA-A1101,0.4828,0,2,0.0496,0.7109,0.5484,HLA-A*11:01,27198675,KLDSVCLLK,KLDSACLLK,0,0,429.0,421.0,False,Conserved,0,KLDSVCLLK,0,KLDSVCLLK,4,1.3862943611198906,KLDSACLLK,0.05423100000000003,KLDSVCLLK,KLDSVCLLK,KLDSACLLK,Negative,9,9,9,9,9,9,"0,1,8",0.945769,4,1.3862943611198906,substitution,0.0,1.135874067937034,Negative,1,cedar,0.4828,KLDSACLLK,0.5484,KLDSACLLK,True,0.20071440489626244
KLEAFPLVTEV,HLA-A0201,0.1433,0,2,0.437,0.8103,0.2239,HLA-A*02:01,31511069,KLEAFPLVTEV,KLEAFPLGTEV,0,0,36.0,26.0,False,Conserved,-3,KLFPLVTEV,-3,KLFPLVTEV,5,1.3862943611198906,KLFPLGTEV,0.06745900000000005,KLEAFPLVTEV,KLEAFPLVTEV,KLEAFPLGTEV,Negative,11,11,11,11,11,11,"1,3,8",0.932541,7,1.3862943611198906,substitution,0.0,1.5624563852058617,Negative,1,cedar,0.1433,KLEAFPLGTEV,0.2239,KLFPLGTEV,True,0.1598025769265497
KLESSSPVK,HLA-A0301,0.1385,0,2,0.2882,0.5939,4.2768,HLA-A*03:01,31511069,KLESSSPVK,KPESSSPVK,0,0,1225.0,1217.0,True,Improved,-3,KLESSSPVK,-3,KLESSSPVK,1,1.3862943611198906,KPESSSPVK,0.05497200000000002,KLESSSPVK,KLESSSPVK,KPESSSPVK,Negative,9,9,9,9,9,9,"0,1,8",0.945028,1,1.3862943611198906,substitution,0.0,30.879422382671475,Negative,1,cedar,0.1385,KPESSSPVK,4.2768,KPESSSPVK,True,0.09754797224711412
KLFHDMNVSY,HLA-A2902,0.0129,0,2,0.0887,0.7258,0.0178,HLA-A*29:02,30556813,LFHDMNVSY,LFHDMNVNY,1,1,94.0,85.0,False,Conserved,1,KLHDMNVSY,1,LFHDMNVSY,7,0.6931471805599453,LFHDMNVNY,0.03640299999999996,KLFHDMNVSY,LFHDMNVSY,LFHDMNVNY,Negative,10,9,9,9,9,10,"1,8",0.963597,8,0.6931471805599453,substitution,0.0,1.37984496124031,Negative,1,cedar,0.2149,KLFHDMNVNY,0.2734,KLFDMNVNY,True,0.21971602098989024
KLKDIREIVPL,HLA-A0201,0.5159,0,2,1.8872,0.5645,0.4892,HLA-A*02:01,31511069,KLKDIREIVPL,KLKDIKEIVPL,0,0,211.0,201.0,False,Conserved,2,KLKDEIVPL,4,KLKDEIVPL,-1,,KLKDEIVPL,0.029066000000000036,KLKDIREIVPL,KLKDIREIVPL,KLKDIKEIVPL,Negative,11,11,11,11,11,11,"1,3,8",0.970934,5,0.6931471805599453,substitution,0.0,0.9482457840666796,Negative,1,cedar,0.5159,KLKDIKEIVPL,0.4892,KLKDEIVPL,True,0.1397021787204506
KLKLPIIMK,HLA-A0301,0.0059,1,2,0.0471,0.7366,0.0072,HLA-A*03:01,"27869121,27869121,27869121,27869121,34518289",KLKLPIIMK,KLKLPMIMK,0,0,1485.0,1477.0,False,Conserved,1,KLKLPIIMK,1,KLKLPIIMK,5,1.0986122886681098,KLKLPMIMK,0.04345399999999999,KLKLPIIMK,KLKLPIIMK,KLKLPMIMK,Positive,9,9,9,9,9,9,"0,1,8",0.956546,5,1.0986122886681098,substitution,0.6,1.2203389830508475,"Negative,Positive_all,Positive_all,Positive_all,Negative",5,cedar,0.0059,KLKLPMIMK,0.0072,KLKLPMIMK,True,0.294641819999905
KLLMSQANV,HLA-A0201,0.2991,0,2,0.2023,0.8639,0.7206,HLA-A*02:01,24323902,KLLMSQANV,KLVMSQANV,0,0,190.0,182.0,False,Conserved,1,KLLMSQANV,1,KLLMSQANV,2,1.791759469228055,KLVMSQANV,0.030691000000000024,KLLMSQANV,KLLMSQANV,KLVMSQANV,Negative,9,9,9,9,9,9,"1,3,8",0.969309,2,1.791759469228055,substitution,0.0,2.4092276830491475,Negative,1,cedar,0.2991,KLVMSQANV,0.7206,KLVMSQANV,True,0.12588507338170496
KLQFHCMPV,HLA-A0201,1.3532,1,2,0.1067,0.8927,0.4415,HLA-A*02:01,31243155,KLQFHCMPV,KLQFHSMPV,0,0,815.0,807.0,False,Conserved,-1,KLQFHCMPV,-1,KLQFHCMPV,5,1.3862943611198906,KLQFHSMPV,0.10530099999999998,KLQFHCMPV,KLQFHCMPV,KLQFHSMPV,Positive,9,9,9,9,9,9,"1,3,8",0.894699,5,1.3862943611198906,substitution,1.0,0.3262636712976648,Positive_all,1,cedar,1.3532,KLQFHSMPV,0.4415,KLQFHSMPV,True,0.1792441145437045
KLTRTQAATV,HLA-A0201,3.5706,0,2,0.1381,0.6958,4.24,HLA-A*02:01,31511069,KLTRTQAATV,KLTRTQASTV,0,0,990.0,981.0,True,Conserved,1,KTRTQAATV,-3,KLTTQAATV,"3,4,5",0.6931471805599453,KLTRTQATV,0.020465999999999984,KLTRTQAATV,KLTRTQAATV,KLTRTQASTV,Negative,10,10,10,10,10,10,"1,3,8",0.979534,7,1.3862943611198906,substitution,0.0,1.187475494314681,Negative,1,cedar,3.5706,KLTRTQASTV,4.24,KLTRTQATV,True,0.07144195481730498
KLYLAMISEGY,HLA-A0301,1.9912,0,2,1.2895,0.4639,2.2808,HLA-A*03:01,31511069,KLYLAMISEGY,KLYLAMNSEGY,0,0,77.0,67.0,False,Conserved,-3,KLYLASEGY,-3,KLYLAMISY,6,0.6931471805599453,KLYLAMNSY,0.06964599999999999,KLYLAMISEGY,KLYLAMISEGY,KLYLAMNSEGY,Negative,11,11,11,11,11,11,"0,1,8",0.930354,6,0.6931471805599453,substitution,0.0,1.1454399357171554,Negative,1,cedar,1.9912,KLYLAMNSEGY,2.2808,KLYLAMNSY,True,0.1496096127247549
KPRHKNKNRL,HLA-B0702,0.1067,0,2,0.1499,0.6555,0.2239,HLA-B*07:02,27198675,KPRHKNKNRL,KPRHKNKDRL,0,0,859.0,850.0,False,Conserved,1,KPRHKNNRL,1,KPRHKNNRL,6,0.6931471805599453,KPRHKNDRL,0.03641000000000005,KPRHKNKNRL,KPRHKNKNRL,KPRHKNKDRL,Negative,10,10,10,10,10,10,"1,8",0.96359,7,0.6931471805599453,substitution,0.0,2.098406747891284,Negative,1,cedar,0.1067,KPRHKNKDRL,0.2239,KPRHKNDRL,True,0.19907124740930193
KPSDTPRPVM,HLA-B0702,0.0146,1,2,0.0467,0.7535,0.0464,HLA-B*07:02,"28678784,28678784,28678784,28678784,28678784",KPSDTPRPVM,KPPDTPRPVM,0,0,1974.0,1965.0,True,Conserved,-1,KPSDPRPVM,-1,KPSDPRPVM,"2,3",-1.0,KPDTPRPVM,0.056772000000000045,KPSDTPRPVM,KPSDTPRPVM,KPPDTPRPVM,Positive,10,10,10,10,10,10,"1,8",0.943228,2,1.3862943611198906,substitution,0.6,3.1780821917808217,"Positive_all,Negative,Positive_all,Positive_all,Negative",5,cedar,0.0146,KPPDTPRPVM,0.0464,KPDTPRPVM,True,0.1665725057399422
KRIYTGEKPY,HLA-B2705,0.282,0,2,0.6919,0.4948,0.2683,HLA-B*27:05,33479501,KRIYTGEKPY,KRIHTGEKPY,0,0,397.0,388.0,False,Conserved,2,KRIYTGEKY,2,KRIYTGEKY,3,0.6931471805599453,KRIHTGEKY,0.06234300000000004,KRIYTGEKPY,KRIYTGEKPY,KRIHTGEKPY,Negative,10,10,10,10,10,10,"1,8",0.937657,3,0.6931471805599453,substitution,0.0,0.9514184397163121,Negative,1,cedar,0.282,KRIHTGEKPY,0.2683,KRIHTGEKY,True,0.13637915704682285
KRPIPIKYKAM,HLA-B0702,0.033,1,2,0.9872,0.3981,0.4927,HLA-B*07:02,34330762,RPIPIKYKAM,IPIKYKAM,1,3,273.0,263.0,True,Conserved,-3,RPIPIKKAM,-14,RPIPIKKAM,"0,3,4,5",,IPI-KYKAM,0.07887299999999997,RPIPIKYKAM,RPIPIKYKAM,IPIKYKAM,Positive,11,10,8,10,8,11,"1,8",0.921127,2,1.3862943611198906,substitution,1.0,14.93030303030303,Positive_all,1,cedar,0.9414,KRLIPIKYKAM,15.3259,KIPIKYKAM,True,0.10194074839651186
KSMLRNERQFK,HLA-A1101,0.8848,0,2,0.1659,0.6839,2.3999,HLA-A*11:01,"34270940,34270940",KSMLRNERQFK,MLRNERQFK,0,2,78.0,68.0,True,Conserved,-2,KSRNERQFK,-4,KSMNERQFK,"0,1,2",1.3862943611198906,MLRNERQFK,0.056393000000000026,KSMLRNERQFK,KSMLRNERQFK,MLRNERQFK,Negative,11,11,9,11,9,11,"0,1,8",0.943607,1,0.6931471805599453,substitution,0.0,2.712364376130199,"Negative,Negative",2,cedar,0.8848,KFMLRNERQFK,5.7862,KFMNERQFK,True,0.09316736438675202
KSQREFVRR,HLA-A3101,0.0443,1,2,0.0762,0.7676,1.3299,HLA-A*31:01,"28678784,28678784,28678784,28678784",KSQREFVRR,ESQREFVRR,0,0,172.0,164.0,True,Improved,1,KSQREFVRR,1,KSQREFVRR,0,0.6931471805599453,ESQREFVRR,0.015198000000000045,KSQREFVRR,KSQREFVRR,ESQREFVRR,Positive,9,9,9,9,9,9,"0,1,8",0.984802,0,0.6931471805599453,substitution,0.75,30.02031602708804,"Positive_all,Positive_all,Negative,Positive_all",4,cedar,0.0443,ESQREFVRR,1.3299,ESQREFVRR,True,0.20871633042330912
KTLPEMRAY,HLA-A1101,0.2948,0,2,0.0563,0.6884,1.3061,HLA-A*11:01,27198675,KTLPEMRAY,KTLPEMRAH,0,0,240.0,232.0,True,Improved,2,KTLPEMRAY,2,KTLPEMRAY,8,0.6931471805599453,KTLPEMRAH,0.02380899999999997,KTLPEMRAY,KTLPEMRAY,KTLPEMRAH,Negative,9,9,9,9,9,9,"0,1,8",0.976191,8,0.6931471805599453,substitution,0.0,4.430461329715061,Negative,1,cedar,0.2948,KTLPEMRAH,1.3061,KTLPEMRAH,True,0.10156268612366985
KTSSGLYVFR,HLA-A3101,0.0636,1,2,0.0312,0.8162,0.0808,HLA-A*31:01,"34244308,34244308,34244308",KTSSGLYVFR,KTSSGLYIFR,0,0,2842.0,2833.0,False,Conserved,3,KTSGLYVFR,3,KTSGLYVFR,6,1.0986122886681098,KTSGLYIFR,0.012245999999999979,KTSSGLYVFR,KTSSGLYVFR,KTSSGLYIFR,Negative,10,10,10,10,10,10,"0,1,8",0.987754,7,1.0986122886681098,substitution,0.0,1.270440251572327,"Negative,Negative,Negative",3,cedar,0.0636,KTSSGLYIFR,0.0808,KTSGLYIFR,True,0.25911264746967677
KTYQVSYGFR,HLA-A3101,0.0541,1,2,0.0192,0.835,0.0391,HLA-A*31:01,"34244308,34244308",KTYQVSYGFR,KTYQGSYGFR,0,0,110.0,101.0,False,Conserved,-3,KTYQVSYFR,-3,KTYQVSYFR,4,1.3862943611198906,KTYQGSYFR,0.08857199999999998,KTYQVSYGFR,KTYQVSYGFR,KTYQGSYGFR,Positive,10,10,10,10,10,10,"0,1,8",0.911428,4,1.3862943611198906,substitution,0.5,0.722735674676525,"Positive_all,Negative",2,cedar,0.0541,KTYQGSYGFR,0.0391,KTYQGSYFR,True,0.223353607861099
KYINKTIRV,HLA-A2402,0.1575,0,2,0.4854,0.3237,0.0893,HLA-A*24:02,30556813,KYINKTIRV,KYIDKTIRV,0,0,25.0,17.0,False,Conserved,1,KYINKTIRV,1,KYINKTIRV,3,0.6931471805599453,KYIDKTIRV,0.057109999999999994,KYINKTIRV,KYINKTIRV,KYIDKTIRV,Negative,9,9,9,9,9,9,"1,8",0.94289,3,0.6931471805599453,substitution,0.0,0.566984126984127,Negative,1,cedar,0.1575,KYIDKTIRV,0.0893,KYIDKTIRV,True,0.23716264417717411
KYINKTIRVKF,HLA-A2402,0.0638,0,2,0.2727,0.5367,0.0183,HLA-A*24:02,30556813,KYINKTIRVKF,KYIDKTIRVKF,0,0,27.0,17.0,False,Conserved,1,KYINKTVKF,1,KYINKTVKF,3,0.6931471805599453,KYIDKTVKF,0.037793999999999994,KYINKTIRVKF,KYINKTIRVKF,KYIDKTIRVKF,Negative,11,11,11,11,11,11,"1,8",0.962206,3,0.6931471805599453,substitution,0.0,0.28683385579937304,Negative,1,cedar,0.0638,KYIDKTIRVKF,0.0183,KYIDKTVKF,True,0.32436660730543504
LADFRLARLY,HLA-A0101,0.1856,0,2,0.0492,0.6348,0.0793,HLA-A*01:01,33479501,LADFRLARLY,LADFGLARLY,0,0,862.0,853.0,False,Conserved,-2,LADFRLALY,-2,LADFRLALY,4,1.791759469228055,LADFGLALY,0.08752400000000005,LADFRLARLY,LADFRLARLY,LADFGLARLY,Negative,10,10,10,10,10,10,"1,2,8",0.912476,4,1.791759469228055,substitution,0.0,0.42726293103448276,Negative,1,cedar,0.1856,LADFGLARLY,0.0793,LADFGLALY,True,0.2976163644078416
LAVFYTILTPV,HLA-A0201,2.4258,0,2,1.8577,0.3568,6.6,HLA-A*02:01,27198675,AVFYTILTPV,AVFYTILTP,1,1,283.0,273.0,True,Conserved,1,LAYTILTPV,-2,AVFYTILTV,8,-1.0,AVFYTILTP,0.03169299999999997,LAVFYTILTPV,AVFYTILTPV,AVFYTILTP,Negative,11,10,9,10,9,11,"1,3,8",0.968307,10,0.0,substitution,0.0,2.720751916893396,Negative,1,cedar,15.4089,LAVFYTILTPM,47.25,AVFYTILTM,True,0.3655290554771007
LESAPINTPL,HLA-B0702,2.0464,0,2,0.0669,0.7134,3.1533,HLA-B*07:02,27198675,ESAPINTPL,ESVPINTPL,1,1,734.0,725.0,False,Conserved,0,LESAPINTL,0,ESAPINTPL,2,1.3862943611198906,ESVPINTPL,0.045142000000000015,LESAPINTPL,ESAPINTPL,ESVPINTPL,Negative,10,9,9,9,9,10,"1,8",0.954858,3,1.3862943611198906,substitution,0.0,1.5409010946051602,Negative,1,cedar,6.8633,LESVPINTPL,9.0272,LESPINTPL,True,0.13067675217318606
LFHDMNVSY,HLA-A2902,0.0129,0,2,0.0528,0.7693,0.0178,HLA-A*29:02,30556813,LFHDMNVSY,LFHDMNVNY,0,0,94.0,86.0,False,Conserved,1,LFHDMNVSY,1,LFHDMNVSY,7,0.6931471805599453,LFHDMNVNY,0.03640299999999996,LFHDMNVSY,LFHDMNVSY,LFHDMNVNY,Negative,9,9,9,9,9,9,"1,8",0.963597,7,0.6931471805599453,substitution,0.0,1.37984496124031,Negative,1,cedar,0.0129,LFHDMNVNY,0.0178,LFHDMNVNY,True,0.38163154605132554
LFVVFQTVY,HLA-A2902,0.1511,0,2,0.1813,0.6722,0.4635,HLA-A*29:02,30556813,LFVVFQTVY,LFVVFLTVY,0,0,35.0,27.0,False,Conserved,-2,LFVVFQTVY,-2,LFVVFQTVY,5,0.6931471805599453,LFVVFLTVY,0.07189999999999996,LFVVFQTVY,LFVVFQTVY,LFVVFLTVY,Negative,9,9,9,9,9,9,"1,8",0.9281,5,0.6931471805599453,substitution,0.0,3.0675049636002645,Negative,1,cedar,0.1511,LFVVFLTVY,0.4635,LFVVFLTVY,True,0.46958051939667933
LHSDFVSFLI,HLA-A0101,0.58,0,2,0.0095,0.6347,0.5788,HLA-A*01:01,33479501,HSDFVSFLI,HSDFVSSLI,1,1,226.0,217.0,False,Conserved,-2,LHSDVSFLI,-2,HSDFVSFLI,6,0.6931471805599453,HSDFVSSLI,0.07005700000000004,LHSDFVSFLI,HSDFVSFLI,HSDFVSSLI,Negative,10,9,9,9,9,10,"1,2,8",0.929943,7,0.6931471805599453,substitution,0.0,0.9979310344827587,Negative,1,cedar,3.9694,LHSDFVSSLI,3.8032,LSDFVSSLI,True,0.1977657314783826
LIDKTVLIEK,HLA-A0301,1.0925,0,2,0.7704,0.4854,3.106,HLA-A*03:01,31511069,LIDKTVLIEK,RDKTVLIEK,0,1,1053.0,1044.0,True,Conserved,-3,LIDKTVIEK,-5,LIKTVLIEK,"0,1",1.3862943611198906,RDKTVLIEK,0.057203000000000004,LIDKTVLIEK,LIDKTVLIEK,RDKTVLIEK,Negative,10,10,9,10,9,10,"0,1,8",0.942797,1,0.0,substitution,0.0,2.843020594965675,Negative,1,cedar,1.0925,LRDKTVLIEK,6.8326,LRDKVLIEK,True,0.19132512147450298
LLARFATSAL,HLA-A0201,1.5456,0,2,0.1993,0.6236,1.7259,HLA-A*02:01,31511069,LLARFATSA,LLARFAASA,0,0,1876.0,1867.0,False,Conserved,0,LARFATSAL,0,LLARFATSA,6,1.3862943611198906,LLARFAASA,0.041650999999999994,LLARFATSAL,LLARFATSA,LLARFAASA,Negative,10,9,9,9,9,10,"1,3,8",0.958349,6,1.3862943611198906,substitution,0.0,1.1166537267080745,Negative,1,cedar,4.3853,LLARFAASAL,5.8718,LLARFAASL,True,0.10223071193909175
LLDEKGPEV,HLA-A0201,0.0063,1,2,0.1013,0.8004,0.0043,HLA-A*02:01,30418433,LLDEKGPEV,LLDEKEPEV,0,0,631.0,623.0,False,Conserved,-2,LLDEKGPEV,-2,LLDEKGPEV,5,0.6931471805599453,LLDEKEPEV,0.09167999999999998,LLDEKGPEV,LLDEKGPEV,LLDEKEPEV,Positive,9,9,9,9,9,9,"1,3,8",0.90832,5,0.6931471805599453,substitution,1.0,0.6825396825396826,Positive_all,1,cedar,0.0063,LLDEKEPEV,0.0043,LLDEKEPEV,True,0.19854281085474085
LLHASFVTL,HLA-B1501,0.9404,1,2,0.3786,0.8224,1.8077,HLA-B*15:01,32226429,LLHASFVTL,LLAASFETL,0,0,10.0,2.0,False,Conserved,-4,LLHASFVTL,-4,LLHASFVTL,"2,6",0.6931471805599453,LLAASFETL,0.12290900000000005,LLHASFVTL,LLHASFVTL,LLAASFETL,Positive,9,9,9,9,9,9,"1,8",0.877091,"2,6",0.6931471805599453,substitution,1.0,1.922267120374309,Positive_all,1,cedar,0.9404,LLAASFETL,1.8077,LLAASFETL,True,0.2199312799283746
LLHASFVTL,HLA-A0201,0.3195,1,2,0.3786,0.8224,0.3088,HLA-A*02:01,32226429,LLHASFVTL,LLAASFETL,0,0,10.0,2.0,False,Conserved,-4,LLHASFVTL,-4,LLHASFVTL,"2,6",0.6931471805599453,LLAASFETL,0.12290900000000005,LLHASFVTL,LLHASFVTL,LLAASFETL,Positive,9,9,9,9,9,9,"1,3,8",0.877091,"2,6",0.6931471805599453,substitution,1.0,0.966510172143975,Positive_all,1,cedar,0.3195,LLAASFETL,0.3088,LLAASFETL,True,0.3235622314223565
LLHASFVTLGK,HLA-A1101,0.1952,1,2,0.2505,0.6178,0.8714,HLA-A*11:01,32226429,HASFVTLGK,SPACSVTLGK,2,1,,,True,Improved,-7,LLHASTLGK,-4,HASFVTLGK,"0,2,3",1.791759469228055,SACSVTLGK,0.167111,LLHASFVTLGK,HASFVTLGK,SPACSVTLGK,Positive,11,9,10,9,10,11,"0,1,8",0.832889,"1,2,4,5",2.302585092994046,substitution,1.0,4.4641393442622945,Positive_all,1,cedar,2.7047,LSPACSVTLGK,2.0912,LSPSVTLGK,True,0.17332950117142476
LLYNDQPPR,HLA-A0301,0.8628,0,2,0.579,0.5184,7.4978,HLA-A*03:01,31511069,LLYNDQPPR,LLYNDQPPQ,0,0,85.0,77.0,True,Improved,1,LLYNDQPPR,1,LLYNDQPPR,8,0.6931471805599453,LLYNDQPPQ,0.02080599999999999,LLYNDQPPR,LLYNDQPPR,LLYNDQPPQ,Negative,9,9,9,9,9,9,"0,1,8",0.979194,8,0.6931471805599453,substitution,0.0,8.690078813166435,Negative,1,cedar,0.8628,LLYNDQPPQ,7.4978,LLYNDQPPQ,True,0.1208179718106048
LPALAFTFFSL,HLA-B0702,0.5643,1,2,0.4203,0.5324,0.7066,HLA-B*07:02,32226429,LPALAFTFF,LPALAFAFF,0,0,221.0,211.0,False,Conserved,0,LPALAFTSL,0,LPALAFTFF,6,1.3862943611198906,LPALAFAFF,0.04393800000000003,LPALAFTFFSL,LPALAFTFF,LPALAFAFF,Positive,11,9,9,9,9,11,"1,8",0.956062,6,1.3862943611198906,substitution,1.0,1.2521708311181996,Positive_all,1,cedar,0.6723,LPALAFAFFSL,1.0214,LPALAFASL,True,0.21816035503805298
LPAPGGGES,HLA-B0702,1.3651,0,2,0.4903,0.3227,2.1171,HLA-B*07:02,27198675,LPAPGGGES,LPAPGGGGS,0,0,881.0,873.0,False,Conserved,-2,LPAPGGGES,-2,LPAPGGGES,7,0.6931471805599453,LPAPGGGGS,0.04886299999999999,LPAPGGGES,LPAPGGGES,LPAPGGGGS,Negative,9,9,9,9,9,9,"1,8",0.951137,7,0.6931471805599453,substitution,0.0,1.5508753937440483,Negative,1,cedar,1.3651,LPAPGGGGS,2.1171,LPAPGGGGS,True,0.11253211117438955
LPIQYEPVL,HLA-B3503,0.0039,0,2,0.0081,0.6904,0.244,HLA-B*35:03,27869121,LPIQYEPVL,PPIQYEPVL,0,0,60.0,52.0,False,Conserved,-3,LPIQYEPVL,-3,LPIQYEPVL,0,1.3862943611198906,PPIQYEPVL,0.03667699999999996,LPIQYEPVL,LPIQYEPVL,PPIQYEPVL,Negative,9,9,9,9,9,9,"1,8",0.963323,0,1.3862943611198906,substitution,0.0,62.56410256410256,Negative,1,cedar,0.0039,PPIQYEPVL,0.244,PPIQYEPVL,True,0.42008136872182017
LQREQQHLK,HLA-A1101,1.107,0,2,0.3628,0.6145,2.221,HLA-A*11:01,27198675,LQREQQHLK,LQREQRHLK,0,0,130.0,122.0,False,Conserved,1,LQREQQHLK,1,LQREQQHLK,5,0.6931471805599453,LQREQRHLK,0.05204500000000001,LQREQQHLK,LQREQQHLK,LQREQRHLK,Negative,9,9,9,9,9,9,"0,1,8",0.947955,5,0.6931471805599453,substitution,0.0,2.006323396567299,Negative,1,cedar,1.107,LQREQRHLK,2.221,LQREQRHLK,True,0.11903683345571868
LQRIHHMAA,HLA-B0801,0.6371,0,2,0.081,0.6374,5.1823,HLA-B*08:01,33479501,LQRIHHMAA,PQRIHHMAA,0,0,1244.0,1236.0,False,Improved,-3,LQRIHHMAA,-3,LQRIHHMAA,0,1.3862943611198906,PQRIHHMAA,0.03379299999999996,LQRIHHMAA,LQRIHHMAA,PQRIHHMAA,Negative,9,9,9,9,9,9,"1,4,8",0.966207,0,1.3862943611198906,substitution,0.0,8.134201852142521,Negative,1,cedar,0.6371,PQRIHHMAA,5.1823,PQRIHHMAA,True,0.16894287820790957
LVTYSGKFLIL,HLA-B0702,5.5327,0,2,1.6743,0.2842,5.8333,HLA-B*07:02,27198675,TYSGKFLIL,LVTNSGKFL,2,0,604.0,594.0,True,Conserved,-2,LYSGKFLIL,-6,TYSGKFLIL,"0,1,2,3,4,5,6,7",2.0794415416798357,LVTNSGKFL,0.216584,LVTYSGKFLIL,TYSGKFLIL,LVTNSGKFL,Negative,11,9,9,9,9,11,"1,8",0.783416,3,0.6931471805599453,substitution,0.0,1.0543315198727565,Negative,1,cedar,18.961,LVTNSGKFLIL,16.6036,LVSGKFLIL,True,0.20086393217912654
LYNAGLFLW,HLA-A2402,0.0862,0,2,0.034,0.7361,0.06,HLA-A*24:02,30880120,LYNAGLFLW,LYHAGLFLW,0,0,119.0,111.0,False,Conserved,1,LYNAGLFLW,1,LYNAGLFLW,2,0.6931471805599453,LYHAGLFLW,0.06963200000000003,LYNAGLFLW,LYNAGLFLW,LYHAGLFLW,Negative,9,9,9,9,9,9,"1,8",0.930368,2,0.6931471805599453,substitution,0.0,0.6960556844547564,Negative,1,cedar,0.0862,LYHAGLFLW,0.06,LYHAGLFLW,True,0.5050667651222435
LYWHVSHDF,HLA-A2402,0.0328,0,2,0.0212,0.7576,0.1511,HLA-A*24:02,30880120,LYWHVSHDF,LYRHVSHDF,0,0,456.0,448.0,False,Conserved,-3,LYWHVSHDF,-3,LYWHVSHDF,2,0.6931471805599453,LYRHVSHDF,0.12038400000000005,LYWHVSHDF,LYWHVSHDF,LYRHVSHDF,Negative,9,9,9,9,9,9,"1,8",0.879616,2,0.6931471805599453,substitution,0.0,4.6067073170731705,Negative,1,cedar,0.0328,LYRHVSHDF,0.1511,LYRHVSHDF,True,0.44848225695652083
LYYEYWSNF,HLA-A2402,0.0203,0,2,0.0088,0.8092,0.008,HLA-A*24:02,30880120,LYYEYWSNF,LYYEYWSTF,0,0,258.0,250.0,False,Conserved,0,LYYEYWSNF,0,LYYEYWSNF,7,0.6931471805599453,LYYEYWSTF,0.04446099999999997,LYYEYWSNF,LYYEYWSNF,LYYEYWSTF,Negative,9,9,9,9,9,9,"1,8",0.955539,7,0.6931471805599453,substitution,0.0,0.39408866995073893,Negative,1,cedar,0.0203,LYYEYWSTF,0.008,LYYEYWSTF,True,0.2839448583547886
MAASLPPTL,HLA-C1202,0.0246,0,2,0.0108,0.8737,0.0136,HLA-C*12:02,33262196,MAASLPPTL,MAASFPPTL,0,0,9.0,1.0,False,Conserved,0,MAASLPPTL,0,MAASLPPTL,4,1.791759469228055,MAASFPPTL,0.05895499999999998,MAASLPPTL,MAASLPPTL,MAASFPPTL,Negative,9,9,9,9,9,9,"1,8",0.941045,4,1.791759469228055,substitution,0.0,0.5528455284552846,Negative,1,cedar,0.0246,MAASFPPTL,0.0136,MAASFPPTL,True,0.22389455625539437
MAEGIFHSPGY,HLA-A0101,0.3715,0,2,0.6026,0.3255,0.4331,HLA-A*01:01,31511069,MAEGIFHSPGY,MAEGIFNSPGY,0,0,368.0,358.0,True,Conserved,1,MAEGHSPGY,-7,MAEGHSPGY,"4,5,6,7",1.3862943611198906,MAEGIFNSY,0.06718199999999996,MAEGIFHSPGY,MAEGIFHSPGY,MAEGIFNSPGY,Negative,11,11,11,11,11,11,"1,2,8",0.932818,6,0.6931471805599453,substitution,0.0,1.165814266487214,Negative,1,cedar,0.3715,MAEGIFNSPGY,0.4331,MAEGIFNSY,True,0.10537591583537848
MAGPKGFQY,HLA-B3501,0.0582,0,2,0.253,0.5097,0.0346,HLA-B*35:01,33479501,MAGPKGFQY,MAGPEGFQY,0,0,9.0,1.0,False,Conserved,1,MAGPKGFQY,1,MAGPKGFQY,4,0.6931471805599453,MAGPEGFQY,0.05985399999999996,MAGPKGFQY,MAGPKGFQY,MAGPEGFQY,Negative,9,9,9,9,9,9,"1,8",0.940146,4,0.6931471805599453,substitution,0.0,0.5945017182130584,Negative,1,cedar,0.0582,MAGPEGFQY,0.0346,MAGPEGFQY,True,0.1538762653182477
MLIGIPVYV,HLA-A0201,0.015,1,2,0.0076,0.9621,0.0609,HLA-A*02:01,"29541393,29541393,29541393,29541393",MLIGIPVYV,MVIGIPVYV,0,0,380.0,372.0,True,Conserved,1,MLIGIPVYV,1,MLIGIPVYV,1,1.791759469228055,MVIGIPVYV,0.023851999999999984,MLIGIPVYV,MLIGIPVYV,MVIGIPVYV,Positive,9,9,9,9,9,9,"1,3,8",0.976148,1,1.791759469228055,substitution,1.0,4.0600000000000005,"Positive_all,Positive_all,Positive_all,Positive_all",4,cedar,0.015,MVIGIPVYV,0.0609,MVIGIPVYV,True,0.6250368361664559
MLLKHDVSL,HLA-A0201,0.0524,1,2,0.1564,0.7735,0.0827,HLA-A*02:01,30418433,MLLKHDVSL,MLLKQDVSL,0,0,185.0,177.0,False,Conserved,0,MLLKHDVSL,0,MLLKHDVSL,4,1.3862943611198906,MLLKQDVSL,0.07814100000000002,MLLKHDVSL,MLLKHDVSL,MLLKQDVSL,Positive,9,9,9,9,9,9,"1,3,8",0.921859,4,1.3862943611198906,substitution,1.0,1.57824427480916,Positive_all,1,cedar,0.0524,MLLKQDVSL,0.0827,MLLKQDVSL,True,0.31334134341088044
MLQIINIVL,HLA-A0201,1.0372,0,2,0.5955,0.7083,0.9142,HLA-A*02:01,27198675,MLQIINIVL,MLQIINVVL,0,0,2522.0,2514.0,False,Conserved,3,MLQIINIVL,3,MLQIINIVL,6,1.0986122886681098,MLQIINVVL,0.013098000000000054,MLQIINIVL,MLQIINIVL,MLQIINVVL,Negative,9,9,9,9,9,9,"1,3,8",0.986902,6,1.0986122886681098,substitution,0.0,0.8814114924797533,Negative,1,cedar,1.0372,MLQIINVVL,0.9142,MLQIINVVL,True,0.2814800130709203
MLSSNVINF,HLA-B1501,0.3065,0,2,0.1477,0.6936,0.6609,HLA-B*15:01,27198675,MLSSNVINF,MLPSNVINF,0,0,21.0,13.0,False,Conserved,-1,MLSSNVINF,-1,MLSSNVINF,2,1.3862943611198906,MLPSNVINF,0.06564599999999998,MLSSNVINF,MLSSNVINF,MLPSNVINF,Negative,9,9,9,9,9,9,"1,8",0.934354,2,1.3862943611198906,substitution,0.0,2.1562805872756936,Negative,1,cedar,0.3065,MLPSNVINF,0.6609,MLPSNVINF,True,0.1848718755697586
MLTRYARAQFV,HLA-A0201,3.978,0,2,1.182,0.7002,2.384,HLA-A*02:01,31511069,MLTRYARAQFV,MLTRYARTQFV,0,0,208.0,198.0,False,Conserved,0,MLYARAQFV,0,MLYARAQFV,5,1.3862943611198906,MLYARTQFV,0.03679699999999997,MLTRYARAQFV,MLTRYARAQFV,MLTRYARTQFV,Negative,11,11,11,11,11,11,"1,3,8",0.963203,7,1.3862943611198906,substitution,0.0,0.5992961287078934,Negative,1,cedar,3.978,MLTRYARTQFV,2.384,MLYARTQFV,True,0.12115459621465849
MQAFAQVFSK,HLA-A0301,0.2911,0,2,0.0619,0.7572,0.3035,HLA-A*03:01,31511069,QAFAQVFSK,QAFAQVFNK,1,1,57.0,48.0,False,Conserved,1,MQAFAQVFK,1,QAFAQVFSK,7,0.6931471805599453,QAFAQVFNK,0.033559000000000005,MQAFAQVFSK,QAFAQVFSK,QAFAQVFNK,Negative,10,9,9,9,9,10,"0,1,8",0.966441,8,0.6931471805599453,substitution,0.0,1.0425970456887665,Negative,1,cedar,0.9914,MQAFAQVFNK,1.07,MQFAQVFNK,True,0.139579973379857
MRRTRPSAA,HLA-B0702,5.7717,0,2,0.2375,0.4165,5.6629,HLA-B*07:02,27198675,MRRTRPSAA,MRRTRPPAA,0,0,492.0,484.0,False,Conserved,-1,MRRTRPSAA,-1,MRRTRPSAA,6,1.3862943611198906,MRRTRPPAA,0.06259199999999998,MRRTRPSAA,MRRTRPSAA,MRRTRPPAA,Negative,9,9,9,9,9,9,"1,8",0.937408,6,1.3862943611198906,substitution,0.0,0.9811494013895385,Negative,1,cedar,5.7717,MRRTRPPAA,5.6629,MRRTRPPAA,True,0.07645996711209924
MTVARSLVK,HLA-A1101,0.2071,0,2,0.175,0.6796,0.5108,HLA-A*11:01,27198675,MTVARSLVK,MTVARSSVK,0,0,665.0,657.0,False,Conserved,-2,MTVARSLVK,-2,MTVARSLVK,6,0.6931471805599453,MTVARSSVK,0.05605199999999999,MTVARSLVK,MTVARSLVK,MTVARSSVK,Negative,9,9,9,9,9,9,"0,1,8",0.943948,6,0.6931471805599453,substitution,0.0,2.4664413326895223,Negative,1,cedar,0.2071,MTVARSSVK,0.5108,MTVARSSVK,True,0.16830044659541485
MYSNADIYL,HLA-A2402,0.2616,0,2,0.0609,0.7859,0.1828,HLA-A*24:02,"34270940,34270940",MYSNADIYL,VYSNADIYL,0,0,790.0,782.0,False,Conserved,1,MYSNADIYL,1,MYSNADIYL,0,0.0,VYSNADIYL,0.016463000000000005,MYSNADIYL,MYSNADIYL,VYSNADIYL,Negative,9,9,9,9,9,9,"1,8",0.983537,0,0.0,substitution,0.0,0.6987767584097859,"Negative,Negative",2,cedar,0.2616,VYSNADIYL,0.1828,VYSNADIYL,True,0.2553108570401065
MYSNADIYLF,HLA-A2402,0.0451,0,2,0.0059,0.8721,0.0136,HLA-A*24:02,"34270940,34270940",MYSNADIYLF,VYSNADIYLF,0,0,690.0,681.0,False,Conserved,1,MYSNAIYLF,1,MYSNAIYLF,0,0.0,VYSNAIYLF,0.011889000000000038,MYSNADIYLF,MYSNADIYLF,VYSNADIYLF,Negative,10,10,10,10,10,10,"1,8",0.988111,0,0.0,substitution,0.0,0.3015521064301552,"Negative,Negative",2,cedar,0.0451,VYSNADIYLF,0.0136,VYSNAIYLF,True,0.4179494965828453
MYSNADIYLFD,HLA-A2402,0.0451,0,2,0.1624,0.5998,0.0136,HLA-A*24:02,"34270940,34270940",MYSNADIYLF,VYSNADIYLF,0,0,792.0,782.0,False,Conserved,1,MYSNDIYLF,1,MYSNAIYLF,0,0.0,VYSNAIYLF,0.011889000000000038,MYSNADIYLF,MYSNADIYLF,VYSNADIYLF,Negative,11,10,10,10,10,11,"1,8",0.988111,0,0.0,substitution,0.0,0.3015521064301552,"Negative,Negative",2,cedar,0.949,VYSNADIYLFD,0.5724,VYSNDIYLF,True,0.19987058247482892
MYSRAQVEL,HLA-A2402,0.1148,0,2,0.0398,0.8074,0.164,HLA-A*24:02,27198675,MYSRAQVEL,MYSRAQEEL,0,0,715.0,707.0,False,Conserved,-2,MYSRAQVEL,-2,MYSRAQVEL,6,0.6931471805599453,MYSRAQEEL,0.06822099999999998,MYSRAQVEL,MYSRAQVEL,MYSRAQEEL,Negative,9,9,9,9,9,9,"1,8",0.931779,6,0.6931471805599453,substitution,0.0,1.4285714285714286,Negative,1,cedar,0.1148,MYSRAQEEL,0.164,MYSRAQEEL,True,0.19889665534313997
MYSRAQVELNL,HLA-A2402,0.1148,0,2,0.8695,0.3779,0.164,HLA-A*24:02,27198675,MYSRAQVEL,MYSRAQEEL,0,0,717.0,707.0,False,Conserved,-2,MYAQVELNL,-2,MYSRAQVEL,6,0.6931471805599453,MYSRAQEEL,0.06822099999999998,MYSRAQVELNL,MYSRAQVEL,MYSRAQEEL,Negative,11,9,9,9,9,11,"1,8",0.931779,6,0.6931471805599453,substitution,0.0,1.4285714285714286,Negative,1,cedar,1.0099,MYSRAQEELNL,1.145,MYAQEELNL,True,0.1118138145025587
NEYAFVTTF,HLA-B4102,0.0892,0,2,0.0058,0.8742,0.3088,HLA-B*41:02,33479501,NEYAFVTTF,DEYAFVTTF,0,0,299.0,291.0,False,Conserved,1,NEYAFVTTF,1,NEYAFVTTF,0,0.6931471805599453,DEYAFVTTF,0.018069,NEYAFVTTF,NEYAFVTTF,DEYAFVTTF,Negative,9,9,9,9,9,9,"1,8",0.981931,0,0.6931471805599453,substitution,0.0,3.461883408071749,Negative,1,cedar,0.0892,DEYAFVTTF,0.3088,DEYAFVTTF,True,0.4597385843708462
NHDETSFLL,HLA-B3801,0.0015,0,2,0.0064,0.7546,0.0023,HLA-B*38:01,33479501,NHDETSFLL,NHDETSSLL,0,0,1721.0,1713.0,False,Conserved,-2,NHDETSFLL,-2,NHDETSFLL,6,0.6931471805599453,NHDETSSLL,0.06675600000000004,NHDETSFLL,NHDETSFLL,NHDETSSLL,Negative,9,9,9,9,9,9,"1,8",0.933244,6,0.6931471805599453,substitution,0.0,1.5333333333333332,Negative,1,cedar,0.0015,NHDETSSLL,0.0023,NHDETSSLL,True,0.35913580054076033
NLDEKANEI,HLA-A0201,0.2767,0,2,0.1642,0.4833,0.5551,HLA-A*02:01,31511069,NLDEKANEI,NLDEKAKEI,0,0,718.0,710.0,False,Conserved,0,NLDEKANEI,0,NLDEKANEI,6,1.3862943611198906,NLDEKAKEI,0.05305000000000004,NLDEKANEI,NLDEKANEI,NLDEKAKEI,Negative,9,9,9,9,9,9,"1,3,8",0.94695,6,1.3862943611198906,substitution,0.0,2.006143838091796,Negative,1,cedar,0.2767,NLDEKAKEI,0.5551,NLDEKAKEI,True,0.14944376346954866
NLNCCSVPV,HLA-A0201,3.3391,1,2,0.349,0.8289,2.3523,HLA-A*02:01,"30418433,30418433,27198675,27198675,27198675,27198675,27198675,27198675,27198675",NLNCCSVPV,NLNRCSVPV,0,0,217.0,209.0,True,Conserved,-3,NLNCCSVPV,-3,NLNCCSVPV,3,0.6931471805599453,NLNRCSVPV,0.12886799999999998,NLNCCSVPV,NLNCCSVPV,NLNRCSVPV,Positive,9,9,9,9,9,9,"1,3,8",0.871132,3,0.6931471805599453,substitution,0.4444444444444444,0.7044712647120481,"Positive_all,Positive_all,Positive_all,Positive_all,Negative,Negative,Negative,Negative,Negative",9,cedar,3.3391,NLNRCSVPV,2.3523,NLNRCSVPV,True,0.18676744211131419
NLNPNVDPQV,HLA-A0201,0.3899,0,2,1.1643,0.7023,3.0591,HLA-A*02:01,27198675,NLNPNVDPQV,DLNPNVDPQV,0,0,467.0,458.0,False,Improved,1,NLNPNVPQV,1,NLNPNVPQV,0,0.6931471805599453,DLNPNVPQV,0.01367700000000005,NLNPNVDPQV,NLNPNVDPQV,DLNPNVDPQV,Negative,10,10,10,10,10,10,"1,3,8",0.986323,0,0.6931471805599453,substitution,0.0,7.845857912285201,Negative,1,cedar,0.3899,DLNPNVDPQV,3.0591,DLNPNVPQV,True,0.16487534930824055
NLSPALGQMPL,HLA-A0201,2.6364,0,2,0.7526,0.443,2.6364,HLA-A*02:01,31511069,NLSPALGQM,NLSPALGQM,0,0,572.0,562.0,False,Conserved,2,NPALGQMPL,5,NLSPALGQM,-1,,NLSPALGQM,0.0,NLSPALGQMPL,NLSPALGQM,NLSPALGQM,Negative,11,9,9,9,9,11,"1,3,8",1.0,10,1.3862943611198906,substitution,0.0,1.0,Negative,1,cedar,3.2416,NLSPALGQMPI,4.9331,NLSPALMPI,True,0.079455389322469
NLWIPSSSLAK,HLA-A1101,1.3004,0,2,0.854,0.4731,19.2581,HLA-A*11:01,27198675,WIPSSSLAK,NLWIPSSSL,2,0,980.0,970.0,True,Improved,1,NLWSSSLAK,-12,WIPSSSLAK,"0,1,2,3,4,6,7,8",2.772588722239781,NLWIPSSSL,0.17057500000000003,NLWIPSSSLAK,WIPSSSLAK,NLWIPSSSL,Negative,11,9,9,9,9,11,"0,1,8",0.829425,10,0.6931471805599453,substitution,0.0,14.809366348815749,Negative,1,cedar,1.9395,NLWIPSSSLAE,52.5,NLWSSSLAE,True,0.1041652037988097
NPEAIAEVV,HLA-B0702,3.1311,0,2,0.2694,0.3205,1.9948,HLA-B*07:02,27198675,NPEAIAEVV,NPEAITEVV,0,0,149.0,141.0,False,Conserved,0,NPEAIAEVV,0,NPEAIAEVV,5,1.3862943611198906,NPEAITEVV,0.050151999999999974,NPEAIAEVV,NPEAIAEVV,NPEAITEVV,Negative,9,9,9,9,9,9,"1,8",0.949848,5,1.3862943611198906,substitution,0.0,0.6370923956437035,Negative,1,cedar,3.1311,NPEAITEVV,1.9948,NPEAITEVV,True,0.16728180653850022
NPLVNSLSL,HLA-B0702,0.1929,0,2,0.0292,0.5586,0.4028,HLA-B*07:02,27198675,NPLVNSLSL,NPPVNSLSL,0,0,72.0,64.0,False,Conserved,-3,NPLVNSLSL,-3,NPLVNSLSL,2,1.3862943611198906,NPPVNSLSL,0.08501099999999995,NPLVNSLSL,NPLVNSLSL,NPPVNSLSL,Negative,9,9,9,9,9,9,"1,8",0.914989,2,1.3862943611198906,substitution,0.0,2.08812856402281,Negative,1,cedar,0.1929,NPPVNSLSL,0.4028,NPPVNSLSL,True,0.15278871314844258
NTHSDGAILPF,HLA-B3501,0.4854,0,2,0.6728,0.2725,0.4711,HLA-B*35:01,27198675,HSDGAILPF,HSDGAISPF,2,2,1470.0,1460.0,False,Conserved,-2,THSDGAILF,-2,HSDGAILPF,6,0.6931471805599453,HSDGAISPF,0.068554,THSDGAILPF,HSDGAILPF,HSDGAISPF,Negative,11,9,9,9,9,11,"1,8",0.931446,8,0.6931471805599453,substitution,0.0,0.9705397610218377,Negative,1,cedar,6.2015,NTHSDGAISPF,5.8843,NTHSDGSPF,True,0.08171242679428475
NTSRYATAL,HLA-B0702,2.6931,0,2,0.9139,0.5373,3.1703,HLA-B*07:02,27198675,TSRYATAL,TSRYAAAL,1,1,118.0,110.0,False,Conserved,0,NTSRYATAL,0,TSRYA-TAL,6,1.3862943611198906,TSRYA-AAL,0.05368099999999998,NTSRYATAL,TSRYATAL,TSRYAAAL,Negative,9,8,8,8,8,9,"1,8",0.946319,6,1.3862943611198906,substitution,0.0,1.177193568749768,Negative,1,cedar,3.0934,NTSRYAAAL,3.6627,NTSRYAAAL,True,0.06678685734245242
NVYEVVNSK,HLA-A1101,0.0646,0,2,0.1249,0.7823,0.0782,HLA-A*11:01,27198675,NVYEVVNSK,NVYEVVNPK,0,0,271.0,263.0,False,Conserved,-1,NVYEVVNSK,-1,NVYEVVNSK,7,1.3862943611198906,NVYEVVNPK,0.04966499999999996,NVYEVVNSK,NVYEVVNSK,NVYEVVNPK,Negative,9,9,9,9,9,9,"0,1,8",0.950335,7,1.3862943611198906,substitution,0.0,1.2105263157894737,Negative,1,cedar,0.0646,NVYEVVNPK,0.0782,NVYEVVNPK,True,0.23943370173183284
PILENPFFSI,HLA-A0201,0.5292,0,2,4.5211,0.4593,1.0139,HLA-A*02:01,27198675,ILENPFFSI,ILENPFSSI,1,1,462.0,453.0,False,Conserved,-2,ILENPFFSI,-2,ILENPFFSI,6,0.6931471805599453,ILENPFSSI,0.07850500000000005,ILENPFFSI,ILENPFFSI,ILENPFSSI,Negative,10,9,9,9,9,10,"1,3,8",0.921495,7,0.6931471805599453,substitution,0.0,1.9159108087679517,Negative,1,cedar,10.8708,PILENPFSSI,12.9634,PILENPFSI,True,0.13507100262680818
PILENPFFSIF,HLA-A2402,2.0402,0,2,2.958,0.172,2.4507,HLA-A*24:02,27198675,LENPFFSIF,ILENPFSSIF,2,1,463.0,453.0,True,Conserved,-2,PENPFFSIF,-3,LENPFFSIF,"0,1,5",1.791759469228055,ILNPFSSIF,0.11289400000000005,PILENPFFSIF,LENPFFSIF,ILENPFSSIF,Negative,11,9,10,9,10,11,"1,8",0.887106,7,0.6931471805599453,substitution,0.0,1.2012057641407705,Negative,1,cedar,7.4929,PILENPFSSIF,5.6846,PILENPFSF,True,0.1789816694065353
PLLPALSPGL,HLA-A0201,0.3009,0,2,3.3215,0.3966,8.1081,HLA-A*02:01,33479501,LLPALSPGL,LLPALSPGS,1,1,317.0,308.0,True,Improved,-2,PLLPALPGL,-2,LLPALSPGL,8,0.6931471805599453,LLPALSPGS,0.024329000000000045,PLLPALSPGL,LLPALSPGL,LLPALSPGS,Negative,10,9,9,9,9,10,"1,3,8",0.975671,9,0.6931471805599453,substitution,0.0,26.94616151545364,Negative,1,cedar,3.312,PLLPALSPGS,27.7097,PLLPALPGS,True,0.11410303508148004
PPSPAGAPGPA,HLA-B0702,0.3813,0,2,5.0359,0.0951,0.7033,HLA-B*07:02,27198675,SPAGAPGPA,GPAGAPGPA,2,2,929.0,919.0,False,Conserved,0,PPSPAGAPA,0,SPAGAPGPA,0,0.6931471805599453,GPAGAPGPA,0.018766999999999978,PPSPAGAPGPA,SPAGAPGPA,GPAGAPGPA,Negative,11,9,9,9,9,11,"1,8",0.981233,2,0.6931471805599453,substitution,0.0,1.844479412536061,Negative,1,cedar,11.9208,PPGPAGAPGPA,22.1667,PPAGAPGPA,True,0.1487476108845241
QFHLKILFL,HLA-A2402,0.6337,0,2,0.7833,0.4003,0.6807,HLA-A*24:02,27198675,QFHLKILFL,QFHLKTLFL,0,0,,,False,Conserved,-1,QFHLKILFL,-1,QFHLKILFL,5,1.0986122886681098,QFHLKTLFL,0.060634999999999994,QFHLKILFL,QFHLKILFL,QFHLKTLFL,Negative,9,9,9,9,9,9,"1,8",0.939365,5,1.0986122886681098,substitution,0.0,1.0741675871863656,Negative,1,cedar,0.6337,QFHLKTLFL,0.6807,QFHLKTLFL,True,0.210581832195697
QFHLKILFLPL,HLA-A2402,0.6337,0,2,1.0494,0.3675,0.6807,HLA-A*24:02,27198675,QFHLKILFL,QFHLKTLFL,0,0,,,False,Conserved,-1,QFHLKILPL,-1,QFHLKILFL,5,1.0986122886681098,QFHLKTLFL,0.060634999999999994,QFHLKILFLPL,QFHLKILFL,QFHLKTLFL,Negative,11,9,9,9,9,11,"1,8",0.939365,5,1.0986122886681098,substitution,0.0,1.0741675871863656,Negative,1,cedar,8.2357,QFHLKTLFLPL,6.4104,QFHLKTLFL,True,0.18413758483148654
QHQPNPFEV,HLA-B3801,0.0113,1,2,0.0501,0.5068,0.0233,HLA-B*38:01,29895573,QHQPNPFEV,LHQPNPFEV,0,0,1271.0,1263.0,False,Conserved,-2,QHQPNPFEV,-2,QHQPNPFEV,0,0.6931471805599453,LHQPNPFEV,0.03061999999999998,QHQPNPFEV,QHQPNPFEV,LHQPNPFEV,Positive,9,9,9,9,9,9,"1,8",0.96938,0,0.6931471805599453,substitution,1.0,2.0619469026548676,Positive_all,1,cedar,0.0113,LHQPNPFEV,0.0233,LHQPNPFEV,True,0.267044937390448
QKRPIPIKYKAM,HLA-B0702,0.033,1,2,2.2981,0.2707,0.4927,HLA-B*07:02,34330762,RPIPIKYKAM,IPIKYKAM,2,4,273.0,262.0,True,Conserved,-3,RPIPIKKAM,-14,RPIPIKKAM,"0,3,4,5",,IPI-KYKAM,0.07887299999999997,RPIPIKYKAM,RPIPIKYKAM,IPIKYKAM,Positive,12,10,8,10,8,12,"1,8",0.921127,3,1.3862943611198906,substitution,1.0,14.93030303030303,Positive_all,1,cedar,5.4305,QKRLIPIKYKAM,26.9231,QIPIKYKAM,True,0.08703247458743328
QKTYQVSYGFR,HLA-A3101,0.0541,1,2,0.5228,0.6249,0.0391,HLA-A*31:01,"34244308,34244308",KTYQVSYGFR,KTYQGSYGFR,1,1,110.0,100.0,False,Conserved,-3,KTYQVSYFR,-3,KTYQVSYFR,4,1.3862943611198906,KTYQGSYFR,0.08857199999999998,KTYQVSYGFR,KTYQVSYGFR,KTYQGSYGFR,Positive,11,10,10,10,10,11,"0,1,8",0.911428,5,1.3862943611198906,substitution,0.5,0.722735674676525,"Positive_all,Negative",2,cedar,1.5142,QKTYQGSYGFR,0.8952,KTYQGSYFR,True,0.09812673605563227
QLDKCSAFV,HLA-A0201,1.007,0,2,0.1601,0.4859,1.0153,HLA-A*02:01,"25837513,25837513",QLDKCSAFV,QLDQCSAFV,0,0,1063.0,1055.0,True,Conserved,1,QLDKCSAFV,1,QLDKCSAFV,3,0.6931471805599453,QLDQCSAFV,0.05095899999999998,QLDKCSAFV,QLDKCSAFV,QLDQCSAFV,Negative,9,9,9,9,9,9,"1,3,8",0.949041,3,0.6931471805599453,substitution,0.0,1.00824230387289,"Negative,Negative",2,cedar,1.007,QLDQCSAFV,1.0153,QLDQCSAFV,True,0.09090632117121603
QLLQYEGYK,HLA-A0301,1.0232,0,2,0.3557,0.5742,2.0468,HLA-A*03:01,31511069,QLLQYEGYK,QLLQDEGYK,0,0,1494.0,1486.0,False,Conserved,-3,QLLQYEGYK,-3,QLLQYEGYK,4,0.6931471805599453,QLLQDEGYK,0.11764600000000003,QLLQYEGYK,QLLQYEGYK,QLLQDEGYK,Negative,9,9,9,9,9,9,"0,1,8",0.882354,4,0.6931471805599453,substitution,0.0,2.0003909304143863,Negative,1,cedar,1.0232,QLLQDEGYK,2.0468,QLLQDEGYK,True,0.1396719268231733
QLLRNFASQTV,HLA-A0201,3.0823,0,2,2.8012,0.5583,2.397,HLA-A*02:01,31511069,QLLRNFASQTV,QLLRNIASQTV,0,0,1024.0,1014.0,True,Conserved,0,QLLFASQTV,-7,QLLFASQTV,"3,4,5",0.6931471805599453,QLLRNIQTV,0.05069100000000004,QLLRNFASQTV,QLLRNFASQTV,QLLRNIASQTV,Negative,11,11,11,11,11,11,"1,3,8",0.949309,5,0.6931471805599453,substitution,0.0,0.7776660286149952,Negative,1,cedar,3.0823,QLLRNIASQTV,2.397,QLLRNIQTV,True,0.0746246787041549
QLPFGDPFAV,HLA-A0201,0.2114,0,2,0.1435,0.7803,1.0195,HLA-A*02:01,31511069,QLPFGDPFAV,QLPFGDPCAV,0,0,287.0,278.0,False,Improved,-2,QLFGDPFAV,-2,QLFGDPFAV,6,0.6931471805599453,QLFGDPCAV,0.09733199999999997,QLPFGDPFAV,QLPFGDPFAV,QLPFGDPCAV,Negative,10,10,10,10,10,10,"1,3,8",0.902668,7,0.6931471805599453,substitution,0.0,4.822611163670767,Negative,1,cedar,0.2114,QLPFGDPCAV,1.0195,QLFGDPCAV,True,0.21252571797679629
QQMQVAFSA,HLA-A0201,2.3018,0,2,0.0153,0.6322,3.3961,HLA-A*02:01,31511069,QQMQVAFSA,QQMRVAFSA,0,0,564.0,556.0,True,Conserved,1,QQMQVAFSA,1,QQMQVAFSA,3,0.6931471805599453,QQMRVAFSA,0.052647,QQMQVAFSA,QQMQVAFSA,QQMRVAFSA,Negative,9,9,9,9,9,9,"1,3,8",0.947353,3,0.6931471805599453,substitution,0.0,1.475410548266574,Negative,1,cedar,2.3018,QQMRVAFSA,3.3961,QQMRVAFSA,True,0.12156881974553199
QQWLALFFV,HLA-A0201,0.925,1,2,0.0114,0.5264,4.8556,HLA-A*02:01,"35193931,35193931,35193931,35193931,35193931,35193931",QQWLALFFV,QQRLALFFV,0,0,47.0,39.0,False,Improved,-3,QQWLALFFV,-3,QQWLALFFV,2,0.6931471805599453,QQRLALFFV,0.10095500000000002,QQWLALFFV,QQWLALFFV,QQRLALFFV,Positive,9,9,9,9,9,9,"1,3,8",0.899045,2,0.6931471805599453,substitution,0.5,5.249297297297297,"Positive_all,Negative,Positive_all,Positive_all,Negative,Negative",6,cedar,0.925,QQRLALFFV,4.8556,QQRLALFFV,True,0.30043150807958635
QRIYTGEKPF,HLA-B2705,0.5395,0,2,1.0182,0.448,0.5741,HLA-B*27:05,33479501,QRIYTGEKPF,QRIHTGEKPF,0,0,347.0,338.0,False,Conserved,2,QRIYTGEKF,2,QRIYTGEKF,3,0.6931471805599453,QRIHTGEKF,0.06313599999999997,QRIYTGEKPF,QRIYTGEKPF,QRIHTGEKPF,Negative,10,10,10,10,10,10,"1,8",0.936864,3,0.6931471805599453,substitution,0.0,1.0641334569045413,Negative,1,cedar,0.5395,QRIHTGEKPF,0.5741,QRIHTGEKF,True,0.07281127233645149
QWINLFLQF,HLA-A2402,0.0611,0,2,0.0487,0.7153,0.0613,HLA-A*24:02,30880120,QWINLFLQF,QWINLFLRF,0,0,603.0,595.0,False,Conserved,1,QWINLFLQF,1,QWINLFLQF,7,0.6931471805599453,QWINLFLRF,0.03666400000000003,QWINLFLQF,QWINLFLQF,QWINLFLRF,Negative,9,9,9,9,9,9,"1,8",0.963336,7,0.6931471805599453,substitution,0.0,1.0032733224222585,Negative,1,cedar,0.0611,QWINLFLRF,0.0613,QWINLFLRF,True,0.432097302951223
QYIFQLSSLNL,HLA-A2402,0.1724,0,2,1.0663,0.3486,0.1724,HLA-A*24:02,27198675,QYIFQLSSL,QYIFQLSSL,0,0,1277.0,1267.0,False,Conserved,-3,QYILSSLNL,4,QYIFQLSSL,-1,,QYIFQLSSL,0.0,QYIFQLSSLNL,QYIFQLSSL,QYIFQLSSL,Negative,11,9,9,9,9,11,"1,8",1.0,10,1.3862943611198906,substitution,0.0,1.0,Negative,1,cedar,1.0633,QYIFQLSSLNP,14.3222,QYIFQLSSL,True,0.13518126261349095
RAILLGAEEK,HLA-A1101,0.3346,0,2,0.8524,0.4733,5.4662,HLA-A*11:01,"34244308,34244308",AILLGAEEK,LAKLLGAEEK,1,0,867.0,858.0,True,Improved,-5,RILLGAEEK,-2,AILLGAEEK,"0,1",-1.0,LALLGAEEK,0.06513199999999997,RAILLGAEEK,AILLGAEEK,LAKLLGAEEK,Negative,10,9,10,9,10,10,"0,1,8",0.934868,"0,2",1.6094379124341003,substitution,0.0,16.336521219366407,"Negative,Negative",2,cedar,1.0868,LAKLLGAEEK,5.4662,LALLGAEEK,True,0.11072969697276457
RAKLLGAEEK,HLA-A3101,3.5023,1,2,0.2832,0.6377,9.7556,HLA-A*31:01,28123873,RAKLLGAEEK,LAKLLGAEEK,0,0,194.0,185.0,True,Conserved,-2,RAKLLGAEK,-2,RAKLLGAEK,0,1.3862943611198906,LAKLLGAEK,0.016934000000000005,RAKLLGAEEK,RAKLLGAEEK,LAKLLGAEEK,Positive,10,10,10,10,10,10,"0,1,8",0.983066,0,1.3862943611198906,substitution,1.0,2.7854838249150555,Positive_all,1,cedar,3.5023,LAKLLGAEEK,9.7556,LAKLLGAEK,True,0.09064164446037966
RGFPRDPSTEF,HLA-B1501,1.0005,0,2,0.1024,0.6949,15.2372,HLA-B*15:01,27198675,FPRDPSTEF,RGFPRDPST,2,0,1030.0,1020.0,True,Improved,-2,RPRDPSTEF,-14,FPRDPSTEF,"0,1,2,3,4,5,6,7,8",2.0794415416798357,RGFPRDPST,0.19009500000000001,RGFPRDPSTEF,FPRDPSTEF,RGFPRDPST,Negative,11,9,9,9,9,11,"1,8",0.809905,10,0.6931471805599453,substitution,0.0,15.229585207396303,Negative,1,cedar,1.0468,RGFPRDPSTES,27.9722,RGFPPSTES,True,0.05347916101310379
RIMYKWIEPK,HLA-A0301,0.1547,0,2,0.0178,0.7941,0.1547,HLA-A*03:01,31511069,IMYKWIEPK,IMYKWIEPK,1,1,374.0,365.0,False,Conserved,1,RIYKWIEPK,5,IMYKWIEPK,-1,,IMYKWIEPK,0.0,RIMYKWIEPK,IMYKWIEPK,IMYKWIEPK,Negative,10,9,9,9,9,10,"0,1,8",1.0,0,0.6931471805599453,substitution,0.0,1.0,Negative,1,cedar,0.2166,QIMYKWIEPK,1.0844,QMYKWIEPK,True,0.27884416633898007
RIYSKIMDLI,HLA-A2402,0.0732,0,2,0.3205,0.3012,0.0965,HLA-A*24:02,"34270940,34270940",IYSKIMDLI,IYTKIMDLI,1,1,127.0,118.0,False,Conserved,1,RIYSKIMLI,1,IYSKIMDLI,2,1.791759469228055,IYTKIMDLI,0.031756000000000006,RIYSKIMDLI,IYSKIMDLI,IYTKIMDLI,Negative,10,9,9,9,9,10,"1,8",0.968244,3,1.791759469228055,substitution,0.0,1.3183060109289617,"Negative,Negative",2,cedar,1.3767,RIYTKIMDLI,1.5337,RYTKIMDLI,True,0.13812999698915512
RIYTGEKPFK,HLA-A0301,0.0177,0,2,0.0188,0.7915,0.1625,HLA-A*03:01,33479501,RIYTGEKPFK,RIHTGEKPFK,0,0,266.0,257.0,False,Conserved,2,RIYTGKPFK,2,RIYTGKPFK,2,0.6931471805599453,RIHTGKPFK,0.052325999999999984,RIYTGEKPFK,RIYTGEKPFK,RIHTGEKPFK,Negative,10,10,10,10,10,10,"0,1,8",0.947674,2,0.6931471805599453,substitution,0.0,9.180790960451978,Negative,1,cedar,0.0177,RIHTGEKPFK,0.1625,RIHTGKPFK,True,0.17106399740078582
RIYTGEKPY,HLA-B1501,0.0812,0,2,0.3402,0.6204,0.1335,HLA-B*15:01,27198675,RIYTGEKPY,RIHTGEKPY,0,0,779.0,771.0,False,Conserved,2,RIYTGEKPY,2,RIYTGEKPY,2,0.6931471805599453,RIHTGEKPY,0.06487699999999996,RIYTGEKPY,RIYTGEKPY,RIHTGEKPY,Negative,9,9,9,9,9,9,"1,8",0.935123,2,0.6931471805599453,substitution,0.0,1.644088669950739,Negative,1,cedar,0.0812,RIHTGEKPY,0.1335,RIHTGEKPY,True,0.1649696387682314
RKSKIPRPVL,HLA-B0702,0.5243,0,2,0.4858,0.586,10.4541,HLA-B*07:02,27198675,KSKIPRPVL,RKSKIPRPV,1,0,1058.0,1049.0,True,Improved,-2,RSKIPRPVL,-9,KSKIPRPVL,"0,1,2,3,4,5,6,7,8",2.833213344056216,RKSKIPRPV,0.079534,RKSKIPRPVL,KSKIPRPVL,RKSKIPRPV,Negative,10,9,9,9,9,10,"1,8",0.920466,9,0.6931471805599453,substitution,0.0,19.939156971199697,Negative,1,cedar,1.8882,RKSKIPRPVS,27.1905,RSKIPRPVS,True,0.12141194043737376
RLDAVLMEV,HLA-A0201,0.0218,1,2,0.0302,0.9289,5.635,HLA-A*02:01,"31921104,31921104,31921104",RLDAVLMEV,RPDAVLMEV,0,0,15.0,7.0,True,Improved,-3,RLDAVLMEV,-3,RLDAVLMEV,1,1.3862943611198906,RPDAVLMEV,0.06274000000000002,RLDAVLMEV,RLDAVLMEV,RPDAVLMEV,Positive,9,9,9,9,9,9,"1,3,8",0.93726,1,1.3862943611198906,substitution,1.0,258.48623853211006,"Positive_all,Positive_all,Positive_all",3,cedar,0.0218,RPDAVLMEV,5.635,RPDAVLMEV,True,0.32351434064466306
RLDSTLLLY,HLA-A0201,1.611,1,2,0.0129,0.7596,1.8938,HLA-A*02:01,31511069,RLDSTLLL,RLDSTLRL,0,0,330.0,322.0,False,Conserved,-2,RLDSTLLLY,-2,RL-DSTLLL,7,1.3862943611198906,RL-DSTLRL,0.063616,RLDSTLLLY,RLDSTLLL,RLDSTLRL,Positive,9,8,8,8,8,9,"1,3,8",0.936384,6,1.3862943611198906,substitution,1.0,1.1755431409062693,Positive_all,1,cedar,2.6392,RLDSTLRLY,4.4035,RLDSTLRLY,True,0.1636127457983422
RLDSTLLLY,HLA-A0301,0.2321,1,2,0.0129,0.7596,0.3632,HLA-A*03:01,31511069,RLDSTLLLY,RLDSTLRLY,0,0,330.0,322.0,False,Conserved,-2,RLDSTLLLY,-2,RLDSTLLLY,6,1.3862943611198906,RLDSTLRLY,0.06932799999999995,RLDSTLLLY,RLDSTLLLY,RLDSTLRLY,Positive,9,9,9,9,9,9,"0,1,8",0.930672,6,1.3862943611198906,substitution,1.0,1.5648427401981906,Positive_all,1,cedar,0.2321,RLDSTLRLY,0.3632,RLDSTLRLY,True,0.262989116944523
RLDSTLLLYHA,HLA-A0201,1.611,1,2,3.774,0.3745,1.8938,HLA-A*02:01,31511069,RLDSTLLL,RLDSTLRL,0,0,332.0,322.0,False,Conserved,-2,RLDSTLLHA,-2,RL-DSTLLL,7,1.3862943611198906,RL-DSTLRL,0.063616,RLDSTLLLYHA,RLDSTLLL,RLDSTLRL,Negative,11,8,8,8,8,11,"1,3,8",0.936384,6,1.3862943611198906,substitution,0.0,1.1755431409062693,Negative,1,cedar,2.2206,RLDSTLRLYHA,2.632,RLDSTLYHA,True,0.15258911167921005
RLFTPISAGY,HLA-A0301,0.169,0,2,0.0437,0.7611,0.2368,HLA-A*03:01,30556813,RLFTPISAGY,RLFTPISGGY,0,0,372.0,363.0,False,Conserved,0,RLFTPISAY,0,RLFTPISAY,7,1.3862943611198906,RLFTPISGY,0.04179100000000002,RLFTPISAGY,RLFTPISAGY,RLFTPISGGY,Negative,10,10,10,10,10,10,"0,1,8",0.958209,7,1.3862943611198906,substitution,0.0,1.4011834319526626,Negative,1,cedar,0.169,RLFTPISGGY,0.2368,RLFTPISGY,True,0.16561626966212517
RLGIQTFCSRV,HLA-A0201,3.9924,0,2,4.072,0.4828,4.3204,HLA-A*02:01,27198675,GIQTFCSRV,RLGTQTFCSRV,2,0,373.0,363.0,True,Conserved,-1,RLGIQTFRV,-8,GIQTFCSRV,"0,1,2,4,5,6",2.4849066497880004,RLGTQTFRV,0.08805399999999997,RLGIQTFCSRV,GIQTFCSRV,RLGTQTFCSRV,Negative,11,9,11,9,11,11,"1,3,8",0.911946,3,1.0986122886681098,substitution,0.0,1.0821560965835086,Negative,1,cedar,7.9899,RLGTQTFCSRV,4.3204,RLGTQTFRV,True,0.11051467704535427
RLHDLVFPL,HLA-A0201,0.0628,1,2,0.0143,0.944,0.0664,HLA-A*02:01,30418433,RLHDLVFPL,RLHDLVLPL,0,0,555.0,547.0,False,Conserved,0,RLHDLVFPL,0,RLHDLVFPL,6,1.791759469228055,RLHDLVLPL,0.05359899999999995,RLHDLVFPL,RLHDLVFPL,RLHDLVLPL,Positive,9,9,9,9,9,9,"1,3,8",0.946401,6,1.791759469228055,substitution,1.0,1.0573248407643314,Positive_all,1,cedar,0.0628,RLHDLVLPL,0.0664,RLHDLVLPL,True,0.35985342090215355
RLMLRKVAL,HLA-A0201,0.6588,0,2,0.0086,0.8004,1.1421,HLA-A*02:01,33479501,RLMLRKVAL,RLMLRRVAL,0,0,492.0,484.0,False,Conserved,2,RLMLRKVAL,2,RLMLRKVAL,5,0.6931471805599453,RLMLRRVAL,0.033035999999999954,RLMLRKVAL,RLMLRKVAL,RLMLRRVAL,Negative,9,9,9,9,9,9,"1,3,8",0.966964,5,0.6931471805599453,substitution,0.0,1.733606557377049,Negative,1,cedar,0.6588,RLMLRRVAL,1.1421,RLMLRRVAL,True,0.1792492897649539
RLSDFSEQL,HLA-A0201,0.0242,1,2,0.0294,0.8748,0.03,HLA-A*02:01,"31685621,31685621,31685621",RLSDFSEQL,RLSDLSEQL,0,0,966.0,958.0,False,Conserved,0,RLSDFSEQL,0,RLSDFSEQL,4,1.791759469228055,RLSDLSEQL,0.05874800000000002,RLSDFSEQL,RLSDFSEQL,RLSDLSEQL,Positive,9,9,9,9,9,9,"1,3,8",0.941252,4,1.791759469228055,substitution,1.0,1.2396694214876034,"Positive_all,Positive_all,Positive_all",3,cedar,0.0242,RLSDLSEQL,0.03,RLSDLSEQL,True,0.18110557692669965
RLVCKAANTK,HLA-A0301,0.2987,0,2,0.1729,0.6519,0.2752,HLA-A*03:01,31511069,RLVCKAANTK,RLVCKVANTK,0,0,1156.0,1147.0,False,Conserved,0,RLVKAANTK,0,RLVKAANTK,4,1.3862943611198906,RLVKVANTK,0.046097000000000055,RLVCKAANTK,RLVCKAANTK,RLVCKVANTK,Negative,10,10,10,10,10,10,"0,1,8",0.953903,5,1.3862943611198906,substitution,0.0,0.921325744894543,Negative,1,cedar,0.2987,RLVCKVANTK,0.2752,RLVKVANTK,True,0.14117642021605248
RLYSKQVTIAI,HLA-A0201,0.0483,0,2,0.4613,0.2763,0.0435,HLA-A*02:01,31511069,RLYSKQVTI,RLYSKQITI,0,0,1450.0,1440.0,False,Conserved,3,RLYSKQVTI,3,RLYSKQVTI,6,1.0986122886681098,RLYSKQITI,0.014637000000000011,RLYSKQVTIAI,RLYSKQVTI,RLYSKQITI,Negative,11,9,9,9,9,11,"1,3,8",0.985363,6,1.0986122886681098,substitution,0.0,0.9006211180124223,Negative,1,cedar,0.9516,RLYSKQITIAI,0.9343,RLYSKQITI,True,0.1677963318760932
RMAISIPIR,HLA-A1101,1.2977,0,2,0.0848,0.7616,0.5796,HLA-A*11:01,"34270940,34270940",RMAISIPIR,RMAISIPNR,0,0,245.0,237.0,False,Conserved,-3,RMAISIPIR,-3,RMAISIPIR,7,0.6931471805599453,RMAISIPNR,0.059741000000000044,RMAISIPIR,RMAISIPIR,RMAISIPNR,Negative,9,9,9,9,9,9,"0,1,8",0.940259,7,0.6931471805599453,substitution,0.0,0.44663635663096246,"Negative,Negative",2,cedar,1.2977,RMAISIPNR,0.5796,RMAISIPNR,True,0.17971778351047568
RMHTGEKPYV,HLA-A0201,1.5038,0,2,0.7982,0.2389,16.175,HLA-A*02:01,31511069,RMHTGEKPYV,HTGEKPYV,0,2,327.0,318.0,True,Improved,-2,RMHGEKPYV,-12,RMHTGEPYV,"0,1,2,3,4,5",-1.0,HTGEK-PYV,0.09670299999999998,RMHTGEKPYV,RMHTGEKPYV,HTGEKPYV,Negative,10,10,8,10,8,10,"1,3,8",0.903297,1,-1.0,substitution,0.0,10.756084585716186,Negative,1,cedar,1.5038,RNHTGEKPYV,30.3636,RNHTGEPYV,True,0.06616243912085137
RPIPIKYKA,HLA-B0702,0.3084,1,2,0.0528,0.5405,9.0927,HLA-B*07:02,34330762,RPIPIKYKA,RLIPIKYKA,0,0,272.0,264.0,True,Improved,-3,RPIPIKYKA,-3,RPIPIKYKA,1,1.3862943611198906,RLIPIKYKA,0.06588700000000003,RPIPIKYKA,RPIPIKYKA,RLIPIKYKA,Positive,9,9,9,9,9,9,"1,8",0.934113,1,1.3862943611198906,substitution,1.0,29.483463035019458,Positive_all,1,cedar,0.3084,RLIPIKYKA,9.0927,RLIPIKYKA,True,0.17331040204295706
RPIPIKYKAM,HLA-B0702,0.033,1,2,0.037,0.7695,0.4927,HLA-B*07:02,"34330762,34330762,34330762,34330762,34330762,34330762,34330762,34330762,34330762,34330762,34330762,34330762,34330762,34330762",RPIPIKYKAM,IPIKYKAM,0,2,273.0,264.0,True,Conserved,-3,RPIPIKKAM,-14,RPIPIKKAM,"0,3,4,5",,IPI-KYKAM,0.07887299999999997,RPIPIKYKAM,RPIPIKYKAM,IPIKYKAM,Positive,10,10,8,10,8,10,"1,8",0.921127,1,1.3862943611198906,substitution,0.7142857142857143,14.93030303030303,"Positive_all,Positive_all,Positive_all,Negative,Negative,Negative,Negative,Positive_all,Positive_all,Positive_all,Positive_all,Positive_all,Positive_all,Positive_all",14,cedar,0.033,RLIPIKYKAM,3.4738,RLIPIKKAM,True,0.24269216085615136
RRIYTGERPY,HLA-B2705,0.2274,0,2,0.2001,0.6185,0.2266,HLA-B*27:05,33479501,RRIYTGERPY,RRIHTGERPY,0,0,515.0,506.0,False,Conserved,2,RRIYTGERY,2,RRIYTGERY,3,0.6931471805599453,RRIHTGERY,0.06354499999999996,RRIYTGERPY,RRIYTGERPY,RRIHTGERPY,Negative,10,10,10,10,10,10,"1,8",0.936455,3,0.6931471805599453,substitution,0.0,0.9964819700967459,Negative,1,cedar,0.2274,RRIHTGERPY,0.2266,RRIHTGERY,True,0.1488494528732057
RSSEPFQGSYK,HLA-A1101,0.0705,0,2,0.1683,0.6925,0.2577,HLA-A*11:01,"34270940,34270940",RSSEPFQGSYK,SSEPFQGSYK,0,1,204.0,194.0,True,Conserved,-2,RSSEPFSYK,-9,RSSEPFSYK,"0,2,3,4,5",1.791759469228055,SSEPFQSYK,0.026105000000000045,RSSEPFQGSYK,RSSEPFQGSYK,SSEPFQGSYK,Negative,11,11,10,11,10,11,"0,1,8",0.973895,0,1.3862943611198906,substitution,0.0,3.6553191489361705,"Negative,Negative",2,cedar,0.0705,LSSEPFQGSYK,0.428,LSSEPFSYK,True,0.08944491487286119
RSYQVRRALER,HLA-A1101,1.2105,0,2,0.222,0.7016,2.0311,HLA-A*11:01,31511069,RSYQVRRALER,RSYRVRRALER,0,0,1001.0,991.0,False,Conserved,1,RSYQVRLER,1,RSYQVALER,3,0.6931471805599453,RSYRVALER,0.03609499999999999,RSYQVRRALER,RSYQVRRALER,RSYRVRRALER,Negative,11,11,11,11,11,11,"0,1,8",0.963905,3,0.6931471805599453,substitution,0.0,1.6779016935150766,Negative,1,cedar,1.2105,RSYRVRRALER,2.0311,RSYRVALER,True,0.12322616207275804
RVFNKYPTLK,HLA-A0301,0.0036,0,2,0.0075,0.8602,0.0037,HLA-A*03:01,33479501,RVFNKYPTLK,RVFNKYPTSK,0,0,1374.0,1365.0,False,Conserved,-2,RVFNKPTLK,-2,RVFNKPTLK,7,0.6931471805599453,RVFNKPTSK,0.03865799999999997,RVFNKYPTLK,RVFNKYPTLK,RVFNKYPTSK,Negative,10,10,10,10,10,10,"0,1,8",0.961342,8,0.6931471805599453,substitution,0.0,1.027777777777778,Negative,1,cedar,0.0036,RVFNKYPTSK,0.0037,RVFNKPTSK,True,0.35235252431272013
RVFRDSWAL,HLA-A0201,0.6942,0,2,0.2348,0.7351,0.2228,HLA-A*02:01,33257508,RVFRDSWAL,RVFGDSWAL,0,0,1100.0,1092.0,True,Conserved,-2,RVFRDSWAL,-2,RVFRDSWAL,3,1.791759469228055,RVFGDSWAL,0.10894099999999995,RVFRDSWAL,RVFRDSWAL,RVFGDSWAL,Negative,9,9,9,9,9,9,"1,3,8",0.891059,3,1.791759469228055,substitution,0.0,0.32094497263036587,Negative,1,cedar,0.6942,RVFGDSWAL,0.2228,RVFGDSWAL,True,0.0975116003374241
SASCYSSSCY,HLA-B1501,1.7441,0,2,0.252,0.4426,1.7059,HLA-B*15:01,27198675,ASCYSSSCY,ASCYSPSCY,1,1,708.0,699.0,False,Conserved,-1,SSCYSSSCY,-1,ASCYSSSCY,5,1.3862943611198906,ASCYSPSCY,0.08353600000000005,SASCYSSSCY,ASCYSSSCY,ASCYSPSCY,Negative,10,9,9,9,9,10,"1,8",0.916464,6,1.3862943611198906,substitution,0.0,0.9780975861475832,Negative,1,cedar,3.5246,SASCYSPSCY,3.7403,SASYSPSCY,True,0.09542843537651448
SFSLPKSVPLF,HLA-A2402,0.0456,0,2,0.377,0.4997,0.0658,HLA-A*24:02,27198675,SLPKSVPLF,SLPESVPLF,2,2,233.0,223.0,False,Conserved,1,SFPKSVPLF,1,SLPKSVPLF,3,0.6931471805599453,SLPESVPLF,0.05154700000000001,SFSLPKSVPLF,SLPKSVPLF,SLPESVPLF,Negative,11,9,9,9,9,11,"1,8",0.948453,5,0.6931471805599453,substitution,0.0,1.4429824561403508,Negative,1,cedar,0.1456,SFSLPESVPLF,0.1026,SFPESVPLF,True,0.1227962810314604
SHLAVVGMF,HLA-A2402,1.9545,0,2,0.1048,0.4487,2.2299,HLA-A*24:02,27198675,SHLAVVGMF,SHLAAVGMF,0,0,267.0,259.0,False,Conserved,0,SHLAVVGMF,0,SHLAVVGMF,4,1.3862943611198906,SHLAAVGMF,0.04764400000000002,SHLAVVGMF,SHLAVVGMF,SHLAAVGMF,Negative,9,9,9,9,9,9,"1,8",0.952356,4,1.3862943611198906,substitution,0.0,1.1409056024558712,Negative,1,cedar,1.9545,SHLAAVGMF,2.2299,SHLAAVGMF,True,0.16414077612303024
SIDAVAVTPL,HLA-A0201,3.6759,0,2,0.247,0.3962,3.8945,HLA-A*02:01,31511069,SIDAVAVTPL,SIAAVAVTPL,0,0,199.0,190.0,False,Conserved,-2,SIDAVAVTL,-2,SIDAVAVTL,2,0.6931471805599453,SIAAVAVTL,0.04386800000000002,SIDAVAVTPL,SIDAVAVTPL,SIAAVAVTPL,Negative,10,10,10,10,10,10,"1,3,8",0.956132,2,0.6931471805599453,substitution,0.0,1.0594684295002583,Negative,1,cedar,3.6759,SIAAVAVTPL,3.8945,SIAAVAVTL,True,0.14913778814191225
SISDEIAKA,HLA-A0201,0.5987,0,2,0.9094,0.5638,0.6988,HLA-A*02:01,27198675,SISDEIAKA,SISDEITKA,0,0,572.0,564.0,False,Conserved,0,SISDEIAKA,0,SISDEIAKA,6,1.3862943611198906,SISDEITKA,0.043579000000000034,SISDEIAKA,SISDEIAKA,SISDEITKA,Negative,9,9,9,9,9,9,"1,3,8",0.956421,6,1.3862943611198906,substitution,0.0,1.167195590445966,Negative,1,cedar,0.5987,SISDEITKA,0.6988,SISDEITKA,True,0.08649664002948712
SLAHHIQLI,HLA-A0201,0.078,0,2,0.0166,0.8894,2.956,HLA-A*02:01,27198675,SLAHHIQLI,PLAHHIQLI,0,0,833.0,825.0,False,Improved,-1,SLAHHIQLI,-1,SLAHHIQLI,0,1.3862943611198906,PLAHHIQLI,0.02572399999999997,SLAHHIQLI,SLAHHIQLI,PLAHHIQLI,Negative,9,9,9,9,9,9,"1,3,8",0.974276,0,1.3862943611198906,substitution,0.0,37.8974358974359,Negative,1,cedar,0.078,PLAHHIQLI,2.956,PLAHHIQLI,True,0.3202482013932272
SLAPLSPRV,HLA-A0201,0.0062,1,2,0.0344,0.8732,0.128,HLA-A*02:01,30418433,SLAPLSPRV,SLAPLSPRA,0,0,317.0,309.0,True,Conserved,0,SLAPLSPRV,0,SLAPLSPRV,8,1.3862943611198906,SLAPLSPRA,0.016268999999999978,SLAPLSPRV,SLAPLSPRV,SLAPLSPRA,Positive,9,9,9,9,9,9,"1,3,8",0.983731,8,1.3862943611198906,substitution,1.0,20.64516129032258,Positive_all,1,cedar,0.0062,SLAPLSPRA,0.128,SLAPLSPRA,True,0.15799876816206235
SLETPSPPL,HLA-A0201,0.6839,0,2,0.218,0.4137,1.3824,HLA-A*02:01,27198675,SLETPSPPL,SLETPSAPL,0,0,414.0,406.0,False,Conserved,-1,SLETPSPPL,-1,SLETPSPPL,6,1.3862943611198906,SLETPSAPL,0.06462400000000001,SLETPSPPL,SLETPSPPL,SLETPSAPL,Negative,9,9,9,9,9,9,"1,3,8",0.935376,6,1.3862943611198906,substitution,0.0,2.0213481503143735,Negative,1,cedar,0.6839,SLETPSAPL,1.3824,SLETPSAPL,True,0.08708510572711742
SLFALGNVI,HLA-A0201,1.5753,0,2,0.1632,0.3453,2.7889,HLA-A*02:01,"27198675,27198675,27198675",SLFALGNVI,SLSALGNVI,0,0,279.0,271.0,False,Conserved,-2,SLFALGNVI,-2,SLFALGNVI,2,0.6931471805599453,SLSALGNVI,0.07080200000000003,SLFALGNVI,SLFALGNVI,SLSALGNVI,Negative,9,9,9,9,9,9,"1,3,8",0.929198,2,0.6931471805599453,substitution,0.0,1.770392941027106,"Negative,Negative,Negative",3,cedar,1.5753,SLSALGNVI,2.7889,SLSALGNVI,True,0.21667884284234296
SLFALGNVI,HLA-B1501,2.8127,0,2,0.1632,0.3453,4.7437,HLA-B*15:01,27198675,SLFALGNVI,SLSALGNVI,0,0,279.0,271.0,False,Conserved,-2,SLFALGNVI,-2,SLFALGNVI,2,0.6931471805599453,SLSALGNVI,0.07080200000000003,SLFALGNVI,SLFALGNVI,SLSALGNVI,Negative,9,9,9,9,9,9,"1,8",0.929198,2,0.6931471805599453,substitution,0.0,1.6865289579407685,Negative,1,cedar,2.8127,SLSALGNVI,4.7437,SLSALGNVI,True,0.16817350381310006
SLFALGNVISA,HLA-A0201,0.4953,0,2,1.7076,0.5068,0.8679,HLA-A*02:01,"27198675,27198675",SLFALGNVISA,SLSALGNVISA,0,0,281.0,271.0,False,Conserved,-2,SLFGNVISA,0,SLFGNVISA,2,1.791759469228055,SLLGNVISA,0.04195899999999997,SLFALGNVISA,SLFALGNVISA,SLSALGNVISA,Negative,11,11,11,11,11,11,"1,3,8",0.958041,2,0.6931471805599453,substitution,0.0,1.7522713506965475,"Negative,Negative",2,cedar,0.4953,SLSALGNVISA,0.8679,SLLGNVISA,True,0.20229646878294438
SLLPNNAADL,HLA-A0201,1.0418,0,2,0.362,0.335,1.0414,HLA-A*02:01,31511069,SLLPNNAADL,ALLPNNAADL,0,0,229.0,220.0,False,Conserved,1,SLPNNAADL,1,SLLPNNAAL,0,1.3862943611198906,ALLPNNAAL,0.007843000000000044,SLLPNNAADL,SLLPNNAADL,ALLPNNAADL,Negative,10,10,10,10,10,10,"1,3,8",0.992157,0,1.3862943611198906,substitution,0.0,0.9996160491457093,Negative,1,cedar,1.0418,ALLPNNAADL,1.0414,ALLPNNAAL,True,0.05915657589088525
SLLSLPLSL,HLA-A0201,0.0259,0,2,0.1778,0.7618,0.5958,HLA-A*02:01,27198675,SLLSLPLSL,PLLSLPLSL,0,0,413.0,405.0,False,Improved,-1,SLLSLPLSL,-1,SLLSLPLSL,0,1.3862943611198906,PLLSLPLSL,0.02190599999999998,SLLSLPLSL,SLLSLPLSL,PLLSLPLSL,Negative,9,9,9,9,9,9,"1,3,8",0.978094,0,1.3862943611198906,substitution,0.0,23.003861003861005,Negative,1,cedar,0.0259,PLLSLPLSL,0.5958,PLLSLPLSL,True,0.3504070391222991
SLSPLQEKQGL,HLA-A0201,1.1205,0,2,2.0475,0.5573,0.53,HLA-A*02:01,27198675,SLSPLQEKQGL,SLSPLEEKQGL,0,0,755.0,745.0,True,Conserved,2,SLSPLQEKL,-5,SLSPLQQGL,"2,3,4,5",1.3862943611198906,SLLEEKQGL,0.032704999999999984,SLSPLQEKQGL,SLSPLQEKQGL,SLSPLEEKQGL,Negative,11,11,11,11,11,11,"1,3,8",0.967295,5,0.6931471805599453,substitution,0.0,0.47300312360553326,Negative,1,cedar,1.1205,SLSPLEEKQGL,0.53,SLLEEKQGL,True,0.05046318665860263
SLSTSPSEL,HLA-A0201,0.4468,0,2,0.8648,0.6699,0.2457,HLA-A*02:01,31511069,SLSTSPSEL,SLSTSPTEL,0,0,230.0,222.0,False,Conserved,1,SLSTSPSEL,1,SLSTSPSEL,6,1.791759469228055,SLSTSPTEL,0.028124999999999956,SLSTSPSEL,SLSTSPSEL,SLSTSPTEL,Negative,9,9,9,9,9,9,"1,3,8",0.971875,6,1.791759469228055,substitution,0.0,0.5499104744852283,Negative,1,cedar,0.4468,SLSTSPTEL,0.2457,SLSTSPTEL,True,0.06456410977728852
SLYGNSDLTI,HLA-A0201,0.8545,0,2,0.28,0.3096,1.584,HLA-A*02:01,31511069,SLYGNSDLTI,SLDGNSDLTI,0,0,2025.0,2016.0,False,Conserved,-3,SLYGSDLTI,-3,SLYGNSLTI,2,0.6931471805599453,SLDGNSLTI,0.07574800000000004,SLYGNSDLTI,SLYGNSDLTI,SLDGNSDLTI,Negative,10,10,10,10,10,10,"1,3,8",0.924252,2,0.6931471805599453,substitution,0.0,1.8537156231714453,Negative,1,cedar,0.8545,SLDGNSDLTI,1.584,SLDGNSLTI,True,0.10433539941190458
SMASEDVAV,HLA-A0201,0.2707,0,2,0.1489,0.8073,1.192,HLA-A*02:01,"35193931,35193931",SMASEDVAV,SVASEDVAV,0,0,11.0,3.0,True,Improved,1,SMASEDVAV,1,SMASEDVAV,1,0.0,SVASEDVAV,0.027383999999999964,SMASEDVAV,SMASEDVAV,SVASEDVAV,Negative,9,9,9,9,9,9,"1,3,8",0.972616,1,0.0,substitution,0.0,4.403398596231991,"Negative,Negative",2,cedar,0.2707,SVASEDVAV,1.192,SVASEDVAV,True,0.11100699794781936
SMIQIITGQL,HLA-A0201,1.122,0,2,0.9008,0.665,1.7566,HLA-A*02:01,33257508,SMIQIITGQL,SMVQIITGQL,0,0,265.0,256.0,False,Conserved,3,SMIQIITQL,3,SMIQIITQL,2,1.0986122886681098,SMVQIITQL,0.01108600000000004,SMIQIITGQL,SMIQIITGQL,SMVQIITGQL,Negative,10,10,10,10,10,10,"1,3,8",0.988914,2,1.0986122886681098,substitution,0.0,1.565597147950089,Negative,1,cedar,1.122,SMVQIITGQL,1.7566,SMVQIITQL,True,0.1703193721815889
SMLRNERQFK,HLA-A1101,1.196,0,2,0.1735,0.6803,2.3999,HLA-A*11:01,"34270940,34270940",SMLRNERQFK,MLRNERQFK,0,1,78.0,69.0,True,Conserved,-2,SMRNERQFK,-1,SMLNERQFK,"0,1,2",1.791759469228055,MLRNERQFK,0.03162900000000002,SMLRNERQFK,SMLRNERQFK,MLRNERQFK,Negative,10,10,9,10,9,10,"0,1,8",0.968371,0,0.6931471805599453,substitution,0.0,2.0066053511705686,"Negative,Negative",2,cedar,1.196,FMLRNERQFK,3.6537,FMLNERQFK,True,0.09838821318663148
SPDLPGTHL,HLA-B0702,0.0335,0,2,0.5022,0.5066,0.6437,HLA-B*07:02,27198675,SPDLPGTHL,PPDLPGTHL,0,0,254.0,246.0,False,Improved,-1,SPDLPGTHL,-1,SPDLPGTHL,0,1.3862943611198906,PPDLPGTHL,0.029698000000000002,SPDLPGTHL,SPDLPGTHL,PPDLPGTHL,Negative,9,9,9,9,9,9,"1,8",0.970302,0,1.3862943611198906,substitution,0.0,19.214925373134328,Negative,1,cedar,0.0335,PPDLPGTHL,0.6437,PPDLPGTHL,True,0.2298400260667807
SPDLPGTHLI,HLA-B0702,0.0335,0,2,0.4249,0.2803,0.6437,HLA-B*07:02,27198675,SPDLPGTHL,PPDLPGTHL,0,0,255.0,246.0,False,Improved,-1,SPLPGTHLI,-1,SPDLPGTHL,0,1.3862943611198906,PPDLPGTHL,0.029698000000000002,SPDLPGTHLI,SPDLPGTHL,PPDLPGTHL,Negative,10,9,9,9,9,10,"1,8",0.970302,0,1.3862943611198906,substitution,0.0,19.214925373134328,Negative,1,cedar,0.4018,PPDLPGTHLI,4.6323,PPDPGTHLI,True,0.12813136149600082
SPILENPFFSI,HLA-B0702,0.5636,0,2,1.1209,0.2257,0.3839,HLA-B*07:02,27198675,SPILENPFF,SPILENPFSSI,0,0,462.0,452.0,True,Conserved,-2,SPINPFFSI,-10,SPILENPFF,"3,4,5,6,7,8",2.0794415416798357,SPINPFSSI,0.09218700000000002,SPILENPFFSI,SPILENPFF,SPILENPFSSI,Negative,11,9,11,9,11,11,"1,8",0.907813,8,0.6931471805599453,substitution,0.0,0.6811568488289568,Negative,1,cedar,1.3031,SPILENPFSSI,0.3839,SPINPFSSI,True,0.11423668021825059
SPVLRSHSF,HLA-B3501,0.0346,0,2,0.1025,0.6094,0.0194,HLA-B*35:01,33479501,SPVLRSHSF,SPVSRSHSF,0,0,559.0,551.0,False,Conserved,-2,SPVLRSHSF,-2,SPVLRSHSF,3,0.6931471805599453,SPVSRSHSF,0.07714900000000002,SPVLRSHSF,SPVLRSHSF,SPVSRSHSF,Negative,9,9,9,9,9,9,"1,8",0.922851,3,0.6931471805599453,substitution,0.0,0.5606936416184971,Negative,1,cedar,0.0346,SPVSRSHSF,0.0194,SPVSRSHSF,True,0.13417760611614526
SPVQTPLEV,HLA-B0702,0.142,0,2,0.3543,0.3625,0.1499,HLA-B*07:02,27198675,SPVQTPLEV,SPVRTPLEV,0,0,879.0,871.0,False,Conserved,1,SPVQTPLEV,1,SPVQTPLEV,3,0.6931471805599453,SPVRTPLEV,0.057872000000000035,SPVQTPLEV,SPVQTPLEV,SPVRTPLEV,Negative,9,9,9,9,9,9,"1,8",0.942128,3,0.6931471805599453,substitution,0.0,1.0556338028169014,Negative,1,cedar,0.142,SPVRTPLEV,0.1499,SPVRTPLEV,True,0.15866133254717102
SPVQTPLEVR,HLA-B0702,0.142,0,2,2.1271,0.434,0.1499,HLA-B*07:02,27198675,SPVQTPLEV,SPVRTPLEV,0,0,880.0,871.0,False,Conserved,1,SVQTPLEVR,1,SPVQTPLEV,3,0.6931471805599453,SPVRTPLEV,0.057872000000000035,SPVQTPLEVR,SPVQTPLEV,SPVRTPLEV,Negative,10,9,9,9,9,10,"1,8",0.942128,3,0.6931471805599453,substitution,0.0,1.0556338028169014,Negative,1,cedar,3.3339,SPVRTPLEVR,2.8714,SPRTPLEVR,True,0.12919968505610116
SPVQTPLEVRL,HLA-B0702,0.142,0,2,0.7934,0.21,0.1499,HLA-B*07:02,27198675,SPVQTPLEV,SPVRTPLEV,0,0,881.0,871.0,False,Conserved,1,SPVQTPLEL,1,SPVQTPLEV,3,0.6931471805599453,SPVRTPLEV,0.057872000000000035,SPVQTPLEVRL,SPVQTPLEV,SPVRTPLEV,Negative,11,9,9,9,9,11,"1,8",0.942128,3,0.6931471805599453,substitution,0.0,1.0556338028169014,Negative,1,cedar,0.27,SPVRTPLEVRL,0.3374,SPVRTPLEL,True,0.13254023834124642
SQDQELPSV,HLA-A0201,0.0969,0,2,0.1953,0.7505,14.1062,HLA-A*02:01,31511069,SQDQELPSV,SQDQELPSE,0,0,341.0,333.0,True,Improved,-2,SQDQELPSV,-2,SQDQELPSV,8,0.6931471805599453,SQDQELPSE,0.025017999999999985,SQDQELPSV,SQDQELPSV,SQDQELPSE,Negative,9,9,9,9,9,9,"1,3,8",0.974982,8,0.6931471805599453,substitution,0.0,145.57481940144478,Negative,1,cedar,0.0969,SQDQELPSE,14.1062,SQDQELPSE,True,0.08524592977738947
SQMEELPSV,HLA-A0206,0.0012,0,2,0.0049,0.9517,0.1349,HLA-A*02:06,"33262196,33262196",SQMEELPSV,SEMEELPSV,0,0,246.0,238.0,True,Conserved,2,SQMEELPSV,2,SQMEELPSV,1,0.6931471805599453,SEMEELPSV,0.025819000000000036,SQMEELPSV,SQMEELPSV,SEMEELPSV,Negative,9,9,9,9,9,9,"1,3,8",0.974181,1,0.6931471805599453,substitution,0.0,112.41666666666667,"Negative,Negative",2,cedar,0.0012,SEMEELPSV,0.1349,SEMEELPSV,True,0.21355002988014982
SSLKTLMSHY,HLA-B1501,0.0295,0,2,0.135,0.6349,0.7044,HLA-B*15:01,27198675,SLKTLMSHY,SPLKTLMSHY,1,0,378.0,369.0,False,Improved,-1,SSLKTLSHY,7,SLKTLMSHY,-1,,SLKTLMSHY,0.046709,SSLKTLMSHY,SLKTLMSHY,SPLKTLMSHY,Negative,10,9,10,9,10,10,"1,8",0.953291,1,1.3862943611198906,substitution,0.0,23.877966101694916,Negative,1,cedar,0.6755,SPLKTLMSHY,0.7044,SLKTLMSHY,True,0.08305414050410477
STFFSSVTVAL,HLA-A0201,1.1942,0,2,0.8251,0.5515,1.1942,HLA-A*02:01,27198675,STFFSSVTV,STFFSSVTV,0,0,47.0,37.0,False,Conserved,0,STFSVTVAL,4,STFFSSVTV,-1,,STFFSSVTV,0.0,STFFSSVTVAL,STFFSSVTV,STFFSSVTV,Negative,11,9,9,9,9,11,"1,3,8",1.0,10,1.791759469228055,substitution,0.0,1.0,Negative,1,cedar,6.1813,STFFSSVTVAF,22.6769,STFSVTVAF,True,0.16029158380306727
STIMGSYLGV,HLA-A0201,0.5184,0,2,0.0456,0.8094,0.5184,HLA-A*02:01,31511069,TIMGSYLGV,TIMGSYLGV,1,1,482.0,473.0,False,Conserved,-1,STIGSYLGV,4,TIMGSYLGV,-1,,TIMGSYLGV,0.0,STIMGSYLGV,TIMGSYLGV,TIMGSYLGV,Negative,10,9,9,9,9,10,"1,3,8",1.0,0,1.3862943611198906,substitution,0.0,1.0,Negative,1,cedar,2.55,PTIMGSYLGV,13.5094,TIMGSYLGV,True,0.16421909858090977
SVGDFSQEF,HLA-B1501,0.3431,0,2,0.7056,0.404,0.2921,HLA-B*15:01,33479501,SVGDFSQEF,SVGDSSQEF,0,0,573.0,565.0,False,Conserved,-2,SVGDFSQEF,-2,SVGDFSQEF,4,0.6931471805599453,SVGDSSQEF,0.09315399999999996,SVGDFSQEF,SVGDFSQEF,SVGDSSQEF,Negative,9,9,9,9,9,9,"1,8",0.906846,4,0.6931471805599453,substitution,0.0,0.8513552900029147,Negative,1,cedar,0.3431,SVGDSSQEF,0.2921,SVGDSSQEF,True,0.13283131225110098
SVQDKCVEM,HLA-B0702,2.3253,0,2,1.0712,0.3913,0.5708,HLA-B*07:02,27198675,SVQDKCVEM,SVRDKCVEM,0,0,194.0,186.0,False,Conserved,1,SVQDKCVEM,1,SVQDKCVEM,2,0.6931471805599453,SVRDKCVEM,0.05190399999999995,SVQDKCVEM,SVQDKCVEM,SVRDKCVEM,Negative,9,9,9,9,9,9,"1,8",0.948096,2,0.6931471805599453,substitution,0.0,0.24547370231798046,Negative,1,cedar,2.3253,SVRDKCVEM,0.5708,SVRDKCVEM,True,0.13264356855062215
SVQDKCVEM,HLA-A0201,2.8605,0,2,1.0712,0.3913,7.0517,HLA-A*02:01,27198675,SVQDKCVEM,SVRDKCVEM,0,0,194.0,186.0,False,Conserved,1,SVQDKCVEM,1,SVQDKCVEM,2,0.6931471805599453,SVRDKCVEM,0.05190399999999995,SVQDKCVEM,SVQDKCVEM,SVRDKCVEM,Negative,9,9,9,9,9,9,"1,3,8",0.948096,2,0.6931471805599453,substitution,0.0,2.4651983918895297,Negative,1,cedar,2.8605,SVRDKCVEM,7.0517,SVRDKCVEM,True,0.14380055649559947
SVSDISEYR,HLA-A6802,1.9923,0,2,0.0089,0.8899,1.8274,HLA-A*68:02,30556813,SVSDISEYR,SVSDISQYR,0,0,77.0,69.0,False,Conserved,2,SVSDISEYR,2,SVSDISEYR,6,0.6931471805599453,SVSDISQYR,0.035992000000000024,SVSDISEYR,SVSDISEYR,SVSDISQYR,Negative,9,9,9,9,9,9,"0,1,8",0.964008,6,0.6931471805599453,substitution,0.0,0.9172313406615469,Negative,1,cedar,1.9923,SVSDISQYR,1.8274,SVSDISQYR,True,0.15970951378836132
SVTSLLYPHSL,HLA-B0702,2.5316,0,2,2.9492,0.4231,7.6596,HLA-B*07:02,27198675,TSLLYPHSL,TSLLYPHGL,2,2,473.0,463.0,False,Conserved,0,SVTSLLHSL,0,TSLLYPHSL,7,0.6931471805599453,TSLLYPHGL,0.04531700000000005,SVTSLLYPHSL,TSLLYPHSL,TSLLYPHGL,Negative,11,9,9,9,9,11,"1,8",0.954683,9,0.6931471805599453,substitution,0.0,3.0255964607362933,Negative,1,cedar,5.0335,SVTSLLYPHGL,14.6566,SVTSLPHGL,True,0.10413688543941527
SVWILCDAHCL,HLA-A0201,5.9884,0,2,8.3209,0.3237,6.0448,HLA-A*02:01,27198675,WILCDAHCL,ILCEAHCL,2,3,317.0,307.0,True,Conserved,2,SVWCDAHCL,-14,WILCDAHCL,"0,1,2,3,4,5",1.0986122886681098,ILCEA-HCL,0.12397800000000003,SVWILCDAHCL,WILCDAHCL,ILCEAHCL,Negative,11,9,8,9,8,11,"1,3,8",0.876022,6,1.3862943611198906,substitution,0.0,1.009418208536504,Negative,1,cedar,11.9836,SVWILCEAHCL,12.6237,SVWIEAHCL,True,0.2195817028934346
SVYSCVALPYF,HLA-A2402,0.151,0,2,1.0905,0.3825,0.1407,HLA-A*24:02,"34270940,34270940",VYSCVALPYF,VYSCVTLPYF,1,1,1178.0,1168.0,False,Conserved,0,SSCVALPYF,0,VYSVALPYF,4,1.3862943611198906,VYSVTLPYF,0.05320899999999995,SVYSCVALPYF,VYSCVALPYF,VYSCVTLPYF,Negative,11,10,10,10,10,11,"1,8",0.946791,6,1.3862943611198906,substitution,0.0,0.9317880794701987,"Negative,Negative",2,cedar,2.6762,SVYSCVTLPYF,2.3026,VYSVTLPYF,True,0.1826828599322691
TEATFFPPL,HLA-B4002,0.1276,0,2,0.0077,0.6752,10.7099,HLA-B*40:02,33479501,TEATFFPPL,TGATFFPPL,0,0,133.0,125.0,True,Improved,-2,TEATFFPPL,-2,TEATFFPPL,1,0.6931471805599453,TGATFFPPL,0.05636600000000003,TEATFFPPL,TEATFFPPL,TGATFFPPL,Negative,9,9,9,9,9,9,"1,8",0.943634,1,0.6931471805599453,substitution,0.0,83.93338557993731,Negative,1,cedar,0.1276,TGATFFPPL,10.7099,TGATFFPPL,True,0.28790432838591284
TEATFFPPLL,HLA-B4002,0.1276,0,2,0.1335,0.6538,7.1598,HLA-B*40:02,33479501,TEATFFPPL,ATFFPPLL,0,2,134.0,125.0,True,Improved,-2,TEATFPPLL,-16,TEATFFPPL,"0,1,2,3,5,7",1.6094379124341003,ATF-FPPLL,0.16338799999999998,TEATFFPPLL,TEATFFPPL,ATFFPPLL,Negative,10,9,8,9,8,10,"1,8",0.836612,1,0.6931471805599453,substitution,0.0,56.111285266457685,Negative,1,cedar,0.5939,TGATFFPPLL,33.1429,TGATFPPLL,True,0.15486247139072903
TLALPVINNL,HLA-A0201,0.4961,0,2,0.4841,0.7281,0.2674,HLA-A*02:01,31511069,TLALPVINNL,TLALPVINNV,0,0,274.0,265.0,True,Conserved,1,TLAPVINNL,1,TLAPVINNL,8,1.791759469228055,TLAPVINNV,0.008799000000000001,TLALPVINNL,TLALPVINNL,TLALPVINNV,Negative,10,10,10,10,10,10,"1,3,8",0.991201,9,1.791759469228055,substitution,0.0,0.5390042330175369,Negative,1,cedar,0.4961,TLALPVINNV,0.2674,TLAPVINNV,True,0.16148671019762306
TLDECGLSYL,HLA-A0201,0.1848,0,2,0.0694,0.5958,0.3015,HLA-A*02:01,31511069,TLDECGLSYL,TLDECGLRYL,0,0,1570.0,1561.0,False,Conserved,-1,TLDEGLSYL,-1,TLDEGLSYL,6,1.791759469228055,TLDEGLRYL,0.05393999999999999,TLDECGLSYL,TLDECGLSYL,TLDECGLRYL,Negative,10,10,10,10,10,10,"1,3,8",0.94606,7,1.791759469228055,substitution,0.0,1.6314935064935066,Negative,1,cedar,0.1848,TLDECGLRYL,0.3015,TLDEGLRYL,True,0.21801980637225016
TLFTMVGTV,HLA-A0201,0.7396,1,2,0.1269,0.8186,0.4187,HLA-A*02:01,30418433,TLFTMVGTV,TLFTIVGTV,0,0,2438.0,2430.0,False,Conserved,1,TLFTMVGTV,1,TLFTMVGTV,4,1.0986122886681098,TLFTIVGTV,0.04458200000000001,TLFTMVGTV,TLFTMVGTV,TLFTIVGTV,Positive,9,9,9,9,9,9,"1,3,8",0.955418,4,1.0986122886681098,substitution,1.0,0.5661168199026501,Positive_all,1,cedar,0.7396,TLFTIVGTV,0.4187,TLFTIVGTV,True,0.2589744049439796
TLPTVKLAEV,HLA-A0201,1.1728,0,2,0.396,0.7418,1.2922,HLA-A*02:01,31511069,TLPTVKLAEV,TLPTVKVAEV,0,0,146.0,137.0,False,Conserved,1,TLPTKLAEV,1,TLPTVLAEV,5,1.791759469228055,TLPTVVAEV,0.029410999999999965,TLPTVKLAEV,TLPTVKLAEV,TLPTVKVAEV,Negative,10,10,10,10,10,10,"1,3,8",0.970589,6,1.791759469228055,substitution,0.0,1.1018076398362893,Negative,1,cedar,1.1728,TLPTVKVAEV,1.2922,TLPTVVAEV,True,0.12581109411261127
TLQRNTFLGL,HLA-A0201,3.2381,0,2,2.0982,0.4729,3.4596,HLA-A*02:01,27198675,TLQRNTFLGL,TLQRNTSLGL,0,0,941.0,932.0,False,Conserved,-2,TLQNTFLGL,-2,TLQNTFLGL,5,0.6931471805599453,TLQNTSLGL,0.07273600000000002,TLQRNTFLGL,TLQRNTFLGL,TLQRNTSLGL,Negative,10,10,10,10,10,10,"1,3,8",0.927264,6,0.6931471805599453,substitution,0.0,1.0684043111701305,Negative,1,cedar,3.2381,TLQRNTSLGL,3.4596,TLQNTSLGL,True,0.09390492871828593
TQFWCAVAL,HLA-A0201,2.8331,0,2,0.0159,0.6998,2.9483,HLA-A*02:01,"27198675,27198675,27198675,27198675",TQFWCAVAL,TQFRCAVAL,0,0,258.0,250.0,True,Conserved,-3,TQFWCAVAL,-3,TQFWCAVAL,3,0.6931471805599453,TQFRCAVAL,0.137648,TQFWCAVAL,TQFWCAVAL,TQFRCAVAL,Negative,9,9,9,9,9,9,"1,3,8",0.862352,3,0.6931471805599453,substitution,0.0,1.0406621721788853,"Negative,Negative,Negative,Negative",4,cedar,2.8331,TQFRCAVAL,2.9483,TQFRCAVAL,True,0.243644578696534
TSSGLYVFR,HLA-A3101,0.0951,0,2,0.0168,0.8686,0.1149,HLA-A*31:01,"34244308,34244308",TSSGLYVFR,TSSGLYIFR,0,0,2842.0,2834.0,False,Conserved,3,TSSGLYVFR,3,TSSGLYVFR,6,1.0986122886681098,TSSGLYIFR,0.015571000000000002,TSSGLYVFR,TSSGLYVFR,TSSGLYIFR,Negative,9,9,9,9,9,9,"0,1,8",0.984429,6,1.0986122886681098,substitution,0.0,1.2082018927444795,"Negative,Negative",2,cedar,0.0951,TSSGLYIFR,0.1149,TSSGLYIFR,True,0.36685609437155187
TYQVSYGFR,HLA-A3101,0.7849,0,2,0.0483,0.7214,0.6365,HLA-A*31:01,"34244308,34244308",TYQVSYGFR,TYQGSYGFR,0,0,110.0,102.0,False,Conserved,-3,TYQVSYGFR,-3,TYQVSYGFR,3,1.3862943611198906,TYQGSYGFR,0.09897599999999995,TYQVSYGFR,TYQVSYGFR,TYQGSYGFR,Negative,9,9,9,9,9,9,"0,1,8",0.901024,3,1.3862943611198906,substitution,0.0,0.8109313288316982,"Negative,Negative",2,cedar,0.7849,TYQGSYGFR,0.6365,TYQGSYGFR,True,0.1810600548341326
VDNPLMCRL,HLA-B3704,0.2848,1,2,0.1925,0.4051,0.0849,HLA-B*37:04,"34244308,34244308",VDNPLMCRL,VDNPHVCRL,0,0,777.0,769.0,False,Conserved,-2,VDNPLMCRL,-2,VDNPLMCRL,"4,5",1.0986122886681098,VDNPHVCRL,0.16884900000000003,VDNPLMCRL,VDNPLMCRL,VDNPHVCRL,Positive,9,9,9,9,9,9,"1,8",0.831151,"4,5",1.0986122886681098,substitution,0.5,0.2981039325842697,"Positive_all,Negative",2,cedar,0.2848,VDNPHVCRL,0.0849,VDNPHVCRL,True,0.23505156081445377
VFYTILTPV,HLA-A0201,4.2541,0,2,0.2484,0.6511,15.4044,HLA-A*02:01,27198675,VFYTILTPV,VFYTILTPM,0,0,284.0,276.0,True,Conserved,1,VFYTILTPV,1,VFYTILTPV,8,0.0,VFYTILTPM,0.015341000000000049,VFYTILTPV,VFYTILTPV,VFYTILTPM,Negative,9,9,9,9,9,9,"1,3,8",0.984659,8,0.0,substitution,0.0,3.621071436966691,Negative,1,cedar,4.2541,VFYTILTPM,15.4044,VFYTILTPM,True,0.32295938117992307
VLDGFIPGT,HLA-A0201,0.548,1,2,1.2757,0.5504,1.2699,HLA-A*02:01,"31685621,31685621",VLDGFIPGT,VLDRFIPGT,0,0,80.0,72.0,True,Conserved,-2,VLDGFIPGT,-2,VLDGFIPGT,3,1.791759469228055,VLDRFIPGT,0.10730799999999996,VLDGFIPGT,VLDGFIPGT,VLDRFIPGT,Positive,9,9,9,9,9,9,"1,3,8",0.892692,3,1.791759469228055,substitution,1.0,2.3173357664233576,"Positive_all,Positive_all",2,cedar,0.548,VLDRFIPGT,1.2699,VLDRFIPGT,True,0.2168285356699135
VLDHKLEWV,HLA-A0201,0.1445,0,2,0.4606,0.6806,0.1484,HLA-A*02:01,33479501,VLDHKLEWV,VLDHKPEWV,0,0,734.0,726.0,False,Conserved,-3,VLDHKLEWV,-3,VLDHKLEWV,5,1.3862943611198906,VLDHKPEWV,0.11980000000000002,VLDHKLEWV,VLDHKLEWV,VLDHKPEWV,Negative,9,9,9,9,9,9,"1,3,8",0.8802,5,1.3862943611198906,substitution,0.0,1.0269896193771628,Negative,1,cedar,0.1445,VLDHKPEWV,0.1484,VLDHKPEWV,True,0.2880550409536837
VLESAPINTPL,HLA-A0201,1.4584,0,2,1.071,0.6462,2.1894,HLA-A*02:01,27198675,VLESAPINTPL,VLESVPINTPL,0,0,734.0,724.0,True,Conserved,0,VLAPINTPL,-4,VLAPINTPL,"2,3,4,5,6,7",2.4849066497880004,VLESVPINL,0.039170999999999956,VLESAPINTPL,VLESAPINTPL,VLESVPINTPL,Negative,11,11,11,11,11,11,"1,3,8",0.960829,4,1.3862943611198906,substitution,0.0,1.5012342292923753,Negative,1,cedar,1.4584,VLESVPINTPL,2.1894,VLESVPINL,True,0.12215482370147727
VLFTCVPAA,HLA-A0201,0.4972,0,2,0.1786,0.7614,0.4948,HLA-A*02:01,31511069,VLFTCVPAA,VLFTCLPAA,0,0,24.0,16.0,False,Conserved,1,VLFTCVPAA,1,VLFTCVPAA,5,1.791759469228055,VLFTCLPAA,0.04215000000000002,VLFTCVPAA,VLFTCVPAA,VLFTCLPAA,Negative,9,9,9,9,9,9,"1,3,8",0.95785,5,1.791759469228055,substitution,0.0,0.9951729686242962,Negative,1,cedar,0.4972,VLFTCLPAA,0.4948,VLFTCLPAA,True,0.2760849900466263
VLFTCVPAAR,HLA-A0301,1.6746,0,2,0.3051,0.5638,2.3375,HLA-A*03:01,31511069,VLFTCVPAAR,VLFTCLPAAR,0,0,25.0,16.0,False,Conserved,1,VLFTVPAAR,1,VLFTVPAAR,4,1.791759469228055,VLFTLPAAR,0.038439,VLFTCVPAAR,VLFTCVPAAR,VLFTCLPAAR,Negative,10,10,10,10,10,10,"0,1,8",0.961561,5,1.791759469228055,substitution,0.0,1.3958557267407141,Negative,1,cedar,1.6746,VLFTCLPAAR,2.3375,VLFTLPAAR,True,0.1538358610815559
VLGIAFFSA,HLA-A0201,2.5992,0,2,1.4319,0.6728,2.7879,HLA-A*02:01,31511069,VLGIAFFSA,VLGIVFFSA,0,0,158.0,150.0,False,Conserved,0,VLGIAFFSA,0,VLGIAFFSA,4,1.3862943611198906,VLGIVFFSA,0.050355999999999956,VLGIAFFSA,VLGIAFFSA,VLGIVFFSA,Negative,9,9,9,9,9,9,"1,3,8",0.949644,4,1.3862943611198906,substitution,0.0,1.0725992613111726,Negative,1,cedar,2.5992,VLGIVFFSA,2.7879,VLGIVFFSA,True,0.29059156890223764
VLIDAVVDGQV,HLA-A0201,0.0921,0,2,0.6774,0.6349,0.077,HLA-A*02:01,31511069,VLIDAVVDGQV,VLIDALVDGQV,0,0,193.0,183.0,False,Conserved,1,VLIDAVVQV,1,VLIDAVVQV,5,1.791759469228055,VLIDALVQV,0.02925599999999995,VLIDAVVDGQV,VLIDAVVDGQV,VLIDALVDGQV,Negative,11,11,11,11,11,11,"1,3,8",0.970744,5,1.791759469228055,substitution,0.0,0.8360477741585233,Negative,1,cedar,0.0921,VLIDALVDGQV,0.077,VLIDALVQV,True,0.4131034465956682
VLLSICYLL,HLA-A0201,0.808,0,2,0.2789,0.8441,0.9652,HLA-A*02:01,33123756,VLLSICYLL,VLLSICSLL,0,0,164.0,156.0,False,Conserved,-2,VLLSICYLL,-2,VLLSICYLL,6,0.6931471805599453,VLLSICSLL,0.07024600000000003,VLLSICYLL,VLLSICYLL,VLLSICSLL,Negative,9,9,9,9,9,9,"1,3,8",0.929754,6,0.6931471805599453,substitution,0.0,1.1945544554455445,Negative,1,cedar,0.808,VLLSICSLL,0.9652,VLLSICSLL,True,0.44691429623460505
VLLTSWNHSL,HLA-A0201,0.1183,0,2,0.6921,0.7658,0.1183,HLA-A*02:01,31511069,LLTSWNHSL,LLTSWNHSL,1,1,20.0,11.0,False,Conserved,0,VLLSWNHSL,4,LLTSWNHSL,-1,,LLTSWNHSL,0.0,VLLTSWNHSL,LLTSWNHSL,LLTSWNHSL,Negative,10,9,9,9,9,10,"1,3,8",1.0,0,1.3862943611198906,substitution,0.0,1.0,Negative,1,cedar,0.6762,ALLTSWNHSL,0.4435,ALLSWNHSL,True,0.17178822373380578
VLNIVRFLK,HLA-A0301,0.1528,0,2,0.0093,0.8052,10.7283,HLA-A*03:01,33479501,VLNIVRFLK,VLNIVRFLE,0,0,110.0,102.0,True,Improved,1,VLNIVRFLK,1,VLNIVRFLK,8,0.6931471805599453,VLNIVRFLE,0.015627999999999975,VLNIVRFLK,VLNIVRFLK,VLNIVRFLE,Negative,9,9,9,9,9,9,"0,1,8",0.984372,8,0.6931471805599453,substitution,0.0,70.21138743455498,Negative,1,cedar,0.1528,VLNIVRFLE,10.7283,VLNIVRFLE,True,0.44320362451872697
VLSVATFVA,HLA-A0201,3.1143,0,2,1.0658,0.6468,2.0053,HLA-A*02:01,"35193931,35193931",VLSVATFVA,VLSVAPFVA,0,0,915.0,907.0,False,Conserved,-1,VLSVATFVA,-1,VLSVATFVA,5,1.3862943611198906,VLSVAPFVA,0.07811599999999996,VLSVATFVA,VLSVATFVA,VLSVAPFVA,Negative,9,9,9,9,9,9,"1,3,8",0.921884,5,1.3862943611198906,substitution,0.0,0.6439007160517612,"Negative,Negative",2,cedar,3.1143,VLSVAPFVA,2.0053,VLSVAPFVA,True,0.22305868898250653
VLWHVTYWV,HLA-A0201,0.3469,0,2,0.0421,0.9206,0.6583,HLA-A*02:01,"33262196,33262196",VLWHVTYWV,VLWHVRYWV,0,0,301.0,293.0,False,Conserved,-1,VLWHVTYWV,-1,VLWHVTYWV,5,0.6931471805599453,VLWHVRYWV,0.090615,VLWHVTYWV,VLWHVTYWV,VLWHVRYWV,Negative,9,9,9,9,9,9,"1,3,8",0.909385,5,0.6931471805599453,substitution,0.0,1.897665033150764,"Negative,Negative",2,cedar,0.3469,VLWHVRYWV,0.6583,VLWHVRYWV,True,0.5037970601038061
VMLCGHDAV,HLA-A0201,2.1595,0,2,0.4596,0.8058,6.0234,HLA-A*02:01,31511069,VMLCGHDAV,VVLCGHDAV,0,0,87.0,79.0,True,Conserved,1,VMLCGHDAV,1,VMLCGHDAV,1,0.0,VVLCGHDAV,0.035760000000000014,VMLCGHDAV,VMLCGHDAV,VVLCGHDAV,Negative,9,9,9,9,9,9,"1,3,8",0.96424,1,0.0,substitution,0.0,2.7892567724010187,Negative,1,cedar,2.1595,VVLCGHDAV,6.0234,VVLCGHDAV,True,0.17720016117801296
VMLQIINIV,HLA-A0201,0.5769,0,2,0.3368,0.8315,0.3793,HLA-A*02:01,27198675,VMLQIINIV,VMLQIINVV,0,0,2521.0,2513.0,False,Conserved,3,VMLQIINIV,3,VMLQIINIV,7,1.0986122886681098,VMLQIINVV,0.009604999999999975,VMLQIINIV,VMLQIINIV,VMLQIINVV,Negative,9,9,9,9,9,9,"1,3,8",0.990395,7,1.0986122886681098,substitution,0.0,0.6574796325186342,Negative,1,cedar,0.5769,VMLQIINVV,0.3793,VMLQIINVV,True,0.26282183217857935
VPDQKSKQL,HLA-B0801,0.0788,0,2,0.5371,0.496,0.3777,HLA-B*08:01,30556813,VPDQKSKQL,VPDQNSKQL,0,0,451.0,443.0,True,Conserved,0,VPDQKSKQL,0,VPDQKSKQL,4,1.3862943611198906,VPDQNSKQL,0.06489800000000001,VPDQKSKQL,VPDQKSKQL,VPDQNSKQL,Negative,9,9,9,9,9,9,"1,4,8",0.935102,4,1.3862943611198906,substitution,0.0,4.793147208121828,Negative,1,cedar,0.0788,VPDQNSKQL,0.3777,VPDQNSKQL,True,0.11470921899982504
VQDKCVEML,HLA-A0201,2.1844,0,2,0.2821,0.4203,15.0222,HLA-A*02:01,27198675,VQDKCVEML,VRDKCVEML,0,0,195.0,187.0,True,Conserved,1,VQDKCVEML,1,VQDKCVEML,1,0.6931471805599453,VRDKCVEML,0.03873199999999999,VQDKCVEML,VQDKCVEML,VRDKCVEML,Negative,9,9,9,9,9,9,"1,3,8",0.961268,1,0.6931471805599453,substitution,0.0,6.877037172678996,Negative,1,cedar,2.1844,VRDKCVEML,15.0222,VRDKCVEML,True,0.18944511741258885
VRTLLSQVNK,HLA-B2705,0.8288,1,2,0.2865,0.6453,0.4648,HLA-B*27:05,33479501,VRTLLSQVNK,VRTPLSQVNK,0,0,2020.0,2011.0,True,Conserved,-3,VTLLSQVNK,-6,VRLLSQVNK,"2,3,4",1.791759469228055,VRTPLQVNK,0.08020700000000003,VRTLLSQVNK,VRTLLSQVNK,VRTPLSQVNK,Positive,10,10,10,10,10,10,"1,8",0.919793,3,1.3862943611198906,substitution,1.0,0.5608108108108109,Positive_all,1,cedar,0.8288,VRTPLSQVNK,0.4648,VRTPLQVNK,True,0.15403668136436108
VSKIIGGNPK,HLA-A6801,4.9231,0,2,0.3211,0.6254,6.7241,HLA-A*68:01,30556813,VSKIIGGNPK,VSKIIGGDPK,0,0,28.0,19.0,False,Conserved,1,VSKIGGNPK,1,VSIIGGNPK,6,0.6931471805599453,VSIIGGDPK,0.04189100000000001,VSKIIGGNPK,VSKIIGGNPK,VSKIIGGDPK,Negative,10,10,10,10,10,10,"0,1,8",0.958109,7,0.6931471805599453,substitution,0.0,1.3658264101887023,Negative,1,cedar,4.9231,VSKIIGGDPK,6.7241,VSIIGGDPK,True,0.12727610614202653
VSVGDFSQEF,HLA-B1501,0.3431,0,2,0.8782,0.4159,0.2921,HLA-B*15:01,33479501,SVGDFSQEF,SVGDSSQEF,1,1,573.0,564.0,False,Conserved,-2,VSVGDFSQF,-2,SVGDFSQEF,4,0.6931471805599453,SVGDSSQEF,0.09315399999999996,VSVGDFSQEF,SVGDFSQEF,SVGDSSQEF,Negative,10,9,9,9,9,10,"1,8",0.906846,5,0.6931471805599453,substitution,0.0,0.8513552900029147,Negative,1,cedar,1.9518,VSVGDSSQEF,1.277,VSVDSSQEF,True,0.12747928439803916
VTFAVSFYVV,HLA-A0201,0.5877,0,2,0.0614,0.7318,0.9022,HLA-A*02:01,"27198675,27198675,27198675,27198675",VTFAVSFYV,VTFAVSFYL,0,0,180.0,171.0,True,Conserved,1,VTFAVSFYV,1,VTFAVSFYV,8,1.791759469228055,VTFAVSFYL,0.01172799999999996,VTFAVSFYVV,VTFAVSFYV,VTFAVSFYL,Negative,10,9,9,9,9,10,"1,3,8",0.988272,8,1.791759469228055,substitution,0.0,1.5351369746469288,"Negative,Negative,Negative,Negative",4,cedar,5.0007,VTFAVSFYLV,4.9201,VTFAVSFYV,True,0.4019433518642719
VWILCDAHCL,HLA-A2402,2.5686,0,2,0.8109,0.3875,2.4413,HLA-A*24:02,27198675,VWILCDAHCL,VWILCEAHCL,0,0,317.0,308.0,False,Conserved,2,VWILDAHCL,2,VWILDAHCL,4,1.3862943611198906,VWILEAHCL,0.05438900000000002,VWILCDAHCL,VWILCDAHCL,VWILCEAHCL,Negative,10,10,10,10,10,10,"1,8",0.945611,5,1.3862943611198906,substitution,0.0,0.9504399283656466,Negative,1,cedar,2.5686,VWILCEAHCL,2.4413,VWILEAHCL,True,0.2448263419695961
VYSCVALPYF,HLA-A2402,0.151,0,2,0.0163,0.7655,0.1407,HLA-A*24:02,"34270940,34270940",VYSCVALPYF,VYSCVTLPYF,0,0,1189.0,1180.0,False,Conserved,0,VYSVALPYF,0,VYSVALPYF,4,1.3862943611198906,VYSVTLPYF,0.05320899999999995,VYSCVALPYF,VYSCVALPYF,VYSCVTLPYF,Negative,10,10,10,10,10,10,"1,8",0.946791,5,1.3862943611198906,substitution,0.0,0.9317880794701987,"Negative,Negative",2,cedar,0.151,VYSCVTLPYF,0.1407,VYSVTLPYF,True,0.3864693693382153
WATSSSRVW,HLA-B3501,1.1177,0,2,0.2001,0.6073,2.9484,HLA-B*35:01,24323902,WATSSSRVW,RATSSSRVW,0,0,161.0,153.0,False,Conserved,-3,WATSSSRVW,-3,WATSSSRVW,0,0.6931471805599453,RATSSSRVW,0.032208000000000014,WATSSSRVW,WATSSSRVW,RATSSSRVW,Negative,9,9,9,9,9,9,"1,8",0.967792,0,0.6931471805599453,substitution,0.0,2.6379171512928337,Negative,1,cedar,1.1177,RATSSSRVW,2.9484,RATSSSRVW,True,0.13136443742685955
WILCDAHCL,HLA-A0201,5.9884,0,2,0.5665,0.2434,6.0448,HLA-A*02:01,27198675,WILCDAHCL,ILCEAHCL,0,1,317.0,309.0,False,Conserved,2,WILCDAHCL,-14,WILCDAHCL,"0,1,2,3,4,5",1.0986122886681098,ILCEA-HCL,0.12397800000000003,WILCDAHCL,WILCDAHCL,ILCEAHCL,Negative,9,9,8,9,8,9,"1,3,8",0.876022,4,1.3862943611198906,substitution,0.0,1.009418208536504,Negative,1,cedar,5.9884,WILCEAHCL,6.1035,WILCEAHCL,True,0.2899431901628351
WIPSSSLAK,HLA-A1101,1.3004,0,2,1.3346,0.459,30.0,HLA-A*11:01,27198675,WIPSSSLAK,WIPSSSLAE,0,0,980.0,972.0,True,Improved,1,WIPSSSLAK,1,WIPSSSLAK,8,0.6931471805599453,WIPSSSLAE,0.013101999999999947,WIPSSSLAK,WIPSSSLAK,WIPSSSLAE,Negative,9,9,9,9,9,9,"0,1,8",0.986898,8,0.6931471805599453,substitution,0.0,23.06982466933251,Negative,1,cedar,1.3004,WIPSSSLAE,30.0,WIPSSSLAE,True,0.07821141133513901
WLINIENSRSL,HLA-A0201,2.1337,0,2,1.5502,0.5962,0.3454,HLA-A*02:01,31511069,WLINIENSRSL,WLINIENSL,0,0,242.0,232.0,True,Conserved,-2,WLIENSRSL,-3,WLIENSRSL,"3,4,5,6",0.6931471805599453,WLINIENSL,0.06300700000000004,WLINIENSRSL,WLINIENSRSL,WLINIENSL,Negative,11,11,9,11,9,11,"1,3,8",0.936993,8,1.3862943611198906,substitution,0.0,0.16187842714533437,Negative,1,cedar,2.1337,WLINIENSLSL,0.9029,WLIENSLSL,True,0.13099111216523865
WRNSFLLRY,HLA-B2705,0.0502,0,2,0.065,0.6875,0.0815,HLA-B*27:05,34518289,WRNSFLLRY,WRNSSLLRY,0,0,169.0,161.0,False,Conserved,-2,WRNSFLLRY,-2,WRNSFLLRY,4,0.6931471805599453,WRNSSLLRY,0.08844300000000005,WRNSFLLRY,WRNSFLLRY,WRNSSLLRY,Negative,9,9,9,9,9,9,"1,8",0.911557,4,0.6931471805599453,substitution,0.0,1.6235059760956176,Negative,1,cedar,0.0502,WRNSSLLRY,0.0815,WRNSSLLRY,True,0.2728414064658362
WVLALFDEV,HLA-A0201,3.0198,1,2,0.05,0.8334,3.1783,HLA-A*02:01,31685621,WVLALFDEV,WVPALFDEV,0,0,52.0,44.0,False,Conserved,-3,WVLALFDEV,-3,WVLALFDEV,2,1.3862943611198906,WVPALFDEV,0.093368,WVLALFDEV,WVLALFDEV,WVPALFDEV,Positive,9,9,9,9,9,9,"1,3,8",0.906632,2,1.3862943611198906,substitution,1.0,1.052486919663554,Positive_all,1,cedar,3.0198,WVPALFDEV,3.1783,WVPALFDEV,True,0.19241406160806723
YEGQVISNGF,HLA-B4402,0.5454,1,2,0.1352,0.4061,9.6176,HLA-B*44:02,30906654,YEGQVISNGF,GQVISNGF,0,2,134.0,125.0,True,Improved,-2,YEGQVINGF,-9,YEQVISNGF,"0,1,2,3",,GQV-ISNGF,0.086534,YEGQVISNGF,YEGQVISNGF,GQVISNGF,Positive,10,10,8,10,8,10,"1,8",0.913466,1,0.6931471805599453,substitution,1.0,17.634030069673635,Positive_all,1,cedar,0.5454,YGGQVISNGF,30.5714,YGGQVSNGF,True,0.13924035561367
YFFHETRQYKF,HLA-A2402,0.253,0,2,0.2032,0.5739,0.1988,HLA-A*24:02,27198675,YFFHETRQYKF,YFFHGTRQYKF,0,0,447.0,437.0,False,Conserved,-2,YFFHEQYKF,-2,YFFHEQYKF,4,0.6931471805599453,YFFHGQYKF,0.075604,YFFHETRQYKF,YFFHETRQYKF,YFFHGTRQYKF,Negative,11,11,11,11,11,11,"1,8",0.924396,4,0.6931471805599453,substitution,0.0,0.7857707509881423,Negative,1,cedar,0.253,YFFHGTRQYKF,0.1988,YFFHGQYKF,True,0.2513643480432631
YIMMKTHLL,HLA-B0801,0.0079,0,2,0.0065,0.851,0.0443,HLA-B*08:01,33479501,YIMMKTHLL,YTMMKTHLL,0,0,375.0,367.0,True,Conserved,-1,YIMMKTHLL,-1,YIMMKTHLL,1,1.0986122886681098,YTMMKTHLL,0.03855799999999998,YIMMKTHLL,YIMMKTHLL,YTMMKTHLL,Negative,9,9,9,9,9,9,"1,4,8",0.961442,1,1.0986122886681098,substitution,0.0,5.6075949367088604,Negative,1,cedar,0.0079,YTMMKTHLL,0.0443,YTMMKTHLL,True,0.47403687448769877
YIVAASRLFFV,HLA-A0201,1.1747,0,2,0.5297,0.7926,1.1747,HLA-A*02:01,31511069,VAASRLFFV,VAASRLFFV,2,2,337.0,327.0,False,Conserved,-2,YIASRLFFV,4,VAASRLFFV,-1,,VAASRLFFV,0.0,YIVAASRLFFV,VAASRLFFV,VAASRLFFV,Negative,11,9,9,9,9,11,"1,3,8",1.0,0,0.6931471805599453,substitution,0.0,1.0,Negative,1,cedar,2.585,SIVAASRLFFV,3.6194,SIASRLFFV,True,0.22488469786459042
YLDLKGPKV,HLA-A0201,0.0207,1,2,0.3364,0.7107,2.4936,HLA-A*02:01,"33329543,33329543",YLDLKGPKV,DLDLKGPKV,0,0,4796.0,4788.0,False,Improved,-3,YLDLKGPKV,-3,YLDLKGPKV,0,0.6931471805599453,DLDLKGPKV,0.036646999999999985,YLDLKGPKV,YLDLKGPKV,DLDLKGPKV,Positive,9,9,9,9,9,9,"1,3,8",0.963353,0,0.6931471805599453,substitution,0.5,120.46376811594202,"Positive_all,Negative",2,cedar,0.0207,DLDLKGPKV,2.4936,DLDLKGPKV,True,0.22005430268164794
YLGSSTAFDFL,HLA-A0201,1.9766,0,2,0.3411,0.7572,1.4413,HLA-A*02:01,27198675,YLGSSTAFDFL,YLGSSTASDFL,0,0,2167.0,2157.0,False,Conserved,-2,YLGSSTAFL,-2,YLGSSTAFL,7,0.6931471805599453,YLGSSTASL,0.05306599999999995,YLGSSTAFDFL,YLGSSTAFDFL,YLGSSTASDFL,Negative,11,11,11,11,11,11,"1,3,8",0.946934,7,0.6931471805599453,substitution,0.0,0.7291814226449459,Negative,1,cedar,1.9766,YLGSSTASDFL,1.4413,YLGSSTASL,True,0.14809495654025365
YLLTDCNPA,HLA-A0201,1.3186,1,2,0.2085,0.7488,2.4057,HLA-A*02:01,33123756,YLLTDCNPA,SLLTDCNPA,0,0,176.0,168.0,False,Conserved,-2,YLLTDCNPA,-2,YLLTDCNPA,0,0.6931471805599453,SLLTDCNPA,0.027993000000000046,YLLTDCNPA,YLLTDCNPA,SLLTDCNPA,Positive,9,9,9,9,9,9,"1,3,8",0.972007,0,0.6931471805599453,substitution,1.0,1.824435006825421,Positive_all,1,cedar,1.3186,SLLTDCNPA,2.4057,SLLTDCNPA,True,0.12568747507776012
YLVDSVAKM,HLA-B1501,0.666,0,2,0.0924,0.8295,13.3417,HLA-B*15:01,"27198675,27198675",YLVDSVAKM,YLVDSVAKT,0,0,222.0,214.0,True,Improved,-1,YLVDSVAKM,-1,YLVDSVAKM,8,0.0,YLVDSVAKT,0.020094999999999974,YLVDSVAKM,YLVDSVAKM,YLVDSVAKT,Negative,9,9,9,9,9,9,"1,8",0.979905,8,0.0,substitution,0.0,20.03258258258258,"Negative,Negative",2,cedar,0.666,YLVDSVAKT,13.3417,YLVDSVAKT,True,0.1367594921043052
YLVDSVAKM,HLA-A0201,0.0406,0,2,0.0924,0.8295,0.2015,HLA-A*02:01,"27198675,27198675",YLVDSVAKM,YLVDSVAKT,0,0,222.0,214.0,True,Conserved,-1,YLVDSVAKM,-1,YLVDSVAKM,8,0.0,YLVDSVAKT,0.020094999999999974,YLVDSVAKM,YLVDSVAKM,YLVDSVAKT,Negative,9,9,9,9,9,9,"1,3,8",0.979905,8,0.0,substitution,0.0,4.963054187192119,"Negative,Negative",2,cedar,0.0406,YLVDSVAKT,0.2015,YLVDSVAKT,True,0.22886542507928492
YMAEGIFHS,HLA-A0201,0.2039,0,2,0.0314,0.8512,0.2848,HLA-A*02:01,31511069,YMAEGIFHS,YMAEGIFNS,0,0,365.0,357.0,False,Conserved,1,YMAEGIFHS,1,YMAEGIFHS,7,0.6931471805599453,YMAEGIFNS,0.052305000000000046,YMAEGIFHS,YMAEGIFHS,YMAEGIFNS,Negative,9,9,9,9,9,9,"1,3,8",0.947695,7,0.6931471805599453,substitution,0.0,1.3967631191760668,Negative,1,cedar,0.2039,YMAEGIFNS,0.2848,YMAEGIFNS,True,0.32809858880476306
YMPTTIIAA,HLA-A0201,0.3688,1,2,0.1256,0.6427,0.3182,HLA-A*02:01,30418433,YMPTTIIAA,YMSTTIIAA,0,0,132.0,124.0,False,Conserved,-1,YMPTTIIAA,-1,YMPTTIIAA,2,1.3862943611198906,YMSTTIIAA,0.060772999999999966,YMPTTIIAA,YMPTTIIAA,YMSTTIIAA,Positive,9,9,9,9,9,9,"1,3,8",0.939227,2,1.3862943611198906,substitution,1.0,0.8627982646420823,Positive_all,1,cedar,0.3688,YMSTTIIAA,0.3182,YMSTTIIAA,True,0.2540370178825332
YMYEAPPGA,HLA-A0201,0.0235,0,2,0.0315,0.8761,0.0262,HLA-A*02:01,33479501,YMYEAPPGA,FMYEAPPGA,0,0,78.0,70.0,False,Conserved,3,YMYEAPPGA,3,YMYEAPPGA,0,0.6931471805599453,FMYEAPPGA,0.015347,YMYEAPPGA,YMYEAPPGA,FMYEAPPGA,Negative,9,9,9,9,9,9,"1,3,8",0.984653,0,0.6931471805599453,substitution,0.0,1.1148936170212767,Negative,1,cedar,0.0235,FMYEAPPGA,0.0262,FMYEAPPGA,True,0.270750014983438
YNTDDIEFY,HLA-A2902,0.4621,0,2,0.6445,0.3173,0.157,HLA-A*29:02,30556813,YNTDDIEFY,YTTDDIEFY,0,0,191.0,183.0,True,Conserved,0,YNTDDIEFY,0,YNTDDIEFY,1,0.6931471805599453,YTTDDIEFY,0.04191100000000003,YNTDDIEFY,YNTDDIEFY,YTTDDIEFY,Negative,9,9,9,9,9,9,"1,8",0.958089,1,0.6931471805599453,substitution,0.0,0.33975330015148236,Negative,1,cedar,0.4621,YTTDDIEFY,0.157,YTTDDIEFY,True,0.23930834382607152
YQVSYGFRL,HLA-B3701,0.6413,1,2,0.0522,0.416,1.0146,HLA-B*37:01,"34244308,34244308",YQVSYGFRL,YQGSYGFRL,0,0,111.0,103.0,False,Conserved,-3,YQVSYGFRL,-3,YQVSYGFRL,2,1.3862943611198906,YQGSYGFRL,0.08682199999999995,YQVSYGFRL,YQVSYGFRL,YQGSYGFRL,Positive,9,9,9,9,9,9,"1,8",0.913178,2,1.3862943611198906,substitution,0.5,1.5820988616871978,"Positive_all,Negative",2,cedar,0.6413,YQGSYGFRL,1.0146,YQGSYGFRL,True,0.20318087302215193
YRIYSKIMDLI,HLA-A2402,0.0732,0,2,0.676,0.4134,0.0965,HLA-A*24:02,"34270940,34270940",IYSKIMDLI,IYTKIMDLI,2,2,127.0,117.0,False,Conserved,1,YYSKIMDLI,1,IYSKIMDLI,2,1.791759469228055,IYTKIMDLI,0.031756000000000006,YRIYSKIMDLI,IYSKIMDLI,IYTKIMDLI,Negative,11,9,9,9,9,11,"1,8",0.968244,4,1.791759469228055,substitution,0.0,1.3183060109289617,"Negative,Negative",2,cedar,2.1714,YRIYTKIMDLI,2.7962,YYTKIMDLI,True,0.17536955780592642
YSASCYSSSCY,HLA-B1501,1.7441,0,2,0.0977,0.5583,1.7059,HLA-B*15:01,27198675,ASCYSSSCY,ASCYSPSCY,2,2,708.0,698.0,False,Conserved,-1,YSASSSSCY,-1,ASCYSSSCY,5,1.3862943611198906,ASCYSPSCY,0.08353600000000005,YSASCYSSSCY,ASCYSSSCY,ASCYSPSCY,Negative,11,9,9,9,9,11,"1,8",0.916464,7,1.3862943611198906,substitution,0.0,0.9780975861475832,Negative,1,cedar,2.8581,YSASCYSPSCY,2.889,YSASSPSCY,True,0.13358730041627076
YSFSISSIL,HLA-A2402,5.0722,0,2,0.0088,0.8895,2.3792,HLA-A*24:02,27198675,YSFSISSIL,YSFPISSIL,0,0,342.0,334.0,False,Conserved,-1,YSFSISSIL,-1,YSFSISSIL,3,1.3862943611198906,YSFPISSIL,0.07504299999999997,YSFSISSIL,YSFSISSIL,YSFPISSIL,Negative,9,9,9,9,9,9,"1,8",0.924957,3,1.3862943611198906,substitution,0.0,0.4690666771814992,Negative,1,cedar,5.0722,YSFPISSIL,2.3792,YSFPISSIL,True,0.2164372508532394
YSFSISSIL,HLA-A0201,5.0855,0,2,0.0088,0.8895,2.6656,HLA-A*02:01,27198675,YSFSISSIL,YSFPISSIL,0,0,342.0,334.0,True,Conserved,-1,YSFSISSIL,-1,YSFSISSIL,3,1.3862943611198906,YSFPISSIL,0.07504299999999997,YSFSISSIL,YSFSISSIL,YSFPISSIL,Negative,9,9,9,9,9,9,"1,3,8",0.924957,3,1.3862943611198906,substitution,0.0,0.5241569167240193,Negative,1,cedar,5.0855,YSFPISSIL,2.6656,YSFPISSIL,True,0.25909292412183693
YTFPSTSTKHL,HLA-A0201,2.7551,0,2,1.4502,0.4701,1.7129,HLA-A*02:01,27198675,YTFPSTSTKHL,YTFPPTSTKHL,0,0,181.0,171.0,False,Conserved,-1,YTFPSTSHL,-1,YTFPSTSTL,4,1.3862943611198906,YTFPPTSTL,0.058640000000000025,YTFPSTSTKHL,YTFPSTSTKHL,YTFPPTSTKHL,Negative,11,11,11,11,11,11,"1,3,8",0.94136,4,1.3862943611198906,substitution,0.0,0.621719719792385,Negative,1,cedar,2.7551,YTFPPTSTKHL,1.7129,YTFPPTSTL,True,0.06505001553052486
YTFPSTSTKHL,HLA-B1501,1.8424,0,2,1.4502,0.4701,1.3751,HLA-B*15:01,27198675,YTFPSTSTKH,YTFPPTSTKH,0,0,181.0,171.0,False,Conserved,-1,YTFPSTSHL,-1,YTFPSTSTH,4,1.3862943611198906,YTFPPTSTH,0.06791100000000005,YTFPSTSTKHL,YTFPSTSTKH,YTFPPTSTKH,Negative,11,10,10,10,10,11,"1,8",0.932089,4,1.3862943611198906,substitution,0.0,0.7463634389926183,Negative,1,cedar,3.3447,YTFPPTSTKHL,2.7705,YTFPPTSTL,True,0.060689473125886524
YTHNLIFVF,HLA-C1403,2.3493,0,2,0.046,0.6596,2.6382,HLA-C*14:03,24323902,YTHNLIFVF,YTHNLFFVF,0,0,34.0,26.0,False,Conserved,0,YTHNLIFVF,0,YTHNLIFVF,5,0.6931471805599453,YTHNLFFVF,0.06457800000000002,YTHNLIFVF,YTHNLIFVF,YTHNLFFVF,Negative,9,9,9,9,9,9,"1,8",0.935422,5,0.6931471805599453,substitution,0.0,1.1229728004086323,Negative,1,cedar,2.3493,YTHNLFFVF,2.6382,YTHNLFFVF,True,0.4073449236625592
YTHNLIFVFYM,HLA-C1403,1.5358,0,2,1.6209,0.353,1.5914,HLA-C*14:03,24323902,THNLIFVFY,THNLFFVFY,1,1,36.0,26.0,False,Conserved,0,YTHNLIFFY,0,THNLIFVFY,4,0.6931471805599453,THNLFFVFY,0.06448500000000001,YTHNLIFVFY,THNLIFVFY,THNLFFVFY,Negative,11,9,9,9,9,11,"1,8",0.935515,5,0.6931471805599453,substitution,0.0,1.036202630550853,Negative,1,cedar,24.9286,YTHNLFFVFYM,24.6786,YTHNFVFYM,True,0.5121339203120662
YTILTPVLNPI,HLA-A0201,0.3887,0,2,0.338,0.6582,0.7425,HLA-A*02:01,27198675,ILTPVLNPI,ILTPMLNPI,2,2,287.0,277.0,False,Conserved,1,YTIPVLNPI,1,ILTPVLNPI,4,0.0,ILTPMLNPI,0.053391999999999995,YTILTPVLNPI,ILTPVLNPI,ILTPMLNPI,Negative,11,9,9,9,9,11,"1,3,8",0.946608,6,0.0,substitution,0.0,1.910213532287111,Negative,1,cedar,3.4687,YTILTPMLNPI,5.5759,YLTPMLNPI,True,0.1969307036978633
AAQSVIKAL,HLA-B0702,0.7826,0,3,0.3044,0.5934,0.7256,HLA-B*07:02,27198675,AAQSVIKAL,AAQSVNKAL,0,0,274.0,266.0,False,Conserved,-3,AAQSVIKAL,-3,AAQSVIKAL,5,0.6931471805599453,AAQSVNKAL,0.08196499999999995,AAQSVIKAL,AAQSVIKAL,AAQSVNKAL,Negative,9,9,9,9,9,9,"1,8",0.918035,5,0.6931471805599453,substitution,0.0,0.9271658573984156,Negative,1,cedar,0.7826,AAQSVNKAL,0.7256,AAQSVNKAL,True,0.1345711862931054
AEVPENVFL,HLA-B4001,0.0101,0,3,0.0267,0.7652,0.0086,HLA-B*40:01,33208106,AEVPENVFL,AEVPESVFL,0,0,218.0,210.0,False,Conserved,1,AEVPENVFL,1,AEVPENVFL,5,0.6931471805599453,AEVPESVFL,0.05546499999999999,AEVPENVFL,AEVPENVFL,AEVPESVFL,Negative,9,9,9,9,9,9,"1,8",0.944535,5,0.6931471805599453,substitution,0.0,0.8514851485148515,Negative,1,cedar,0.0101,AEVPESVFL,0.0086,AEVPESVFL,True,0.3535670989159858
AFLSTHLKLFL,HLA-A2402,0.2287,0,3,2.9223,0.209,0.2287,HLA-A*24:02,27198675,AFLSTHLKLF,AFLSTHLKLF,0,0,298.0,288.0,False,Conserved,-3,AFLSTHLKL,6,AFLSTHLLF,-1,,AFLSTHLLF,0.0,AFLSTHLKLFL,AFLSTHLKLF,AFLSTHLKLF,Negative,11,10,10,10,10,11,"1,8",1.0,10,1.3862943611198906,substitution,0.0,1.0,Negative,1,cedar,2.5102,AFLSTHLKLFP,3.9665,AFLSTHLLF,True,0.22253898764567426
ALCGQCVRI,HLA-A0201,1.6344,0,3,1.8216,0.1847,6.8278,HLA-A*02:01,"27198675,27198675,27198675,27198675",ALCGQCVRI,ALCGQCVRT,0,0,141.0,133.0,True,Improved,-1,ALCGQCVRI,-1,ALCGQCVRI,8,1.0986122886681098,ALCGQCVRT,0.02188100000000004,ALCGQCVRI,ALCGQCVRI,ALCGQCVRT,Negative,9,9,9,9,9,9,"1,3,8",0.978119,8,1.0986122886681098,substitution,0.0,4.177557513460597,"Negative,Negative,Negative,Negative",4,cedar,1.6344,ALCGQCVRT,6.8278,ALCGQCVRT,True,0.17141220079973837
ALDQEAALAK,HLA-A1101,0.8177,0,3,0.4288,0.5544,1.1321,HLA-A*11:01,31511069,ALDQEAALAK,ALDREAALAK,0,0,336.0,327.0,False,Conserved,1,ALQEAALAK,0,ALQEAALAK,2,-1.0,ALDEAALAK,0.042107000000000006,ALDQEAALAK,ALDQEAALAK,ALDREAALAK,Negative,10,10,10,10,10,10,"0,1,8",0.957893,3,0.6931471805599453,substitution,0.0,1.3844930903754435,Negative,1,cedar,0.8177,ALDREAALAK,1.1321,ALDEAALAK,True,0.12425919542610843
ALHSPRCYR,HLA-A0301,0.4339,0,3,0.0309,0.8166,3.0385,HLA-A*03:01,31511069,ALHSPRCYR,AFHSPRCYR,0,0,278.0,270.0,True,Improved,0,ALHSPRCYR,0,ALHSPRCYR,1,1.791759469228055,AFHSPRCYR,0.04323900000000003,ALHSPRCYR,ALHSPRCYR,AFHSPRCYR,Negative,9,9,9,9,9,9,"0,1,8",0.956761,1,1.791759469228055,substitution,0.0,7.00276561419682,Negative,1,cedar,0.4339,AFHSPRCYR,3.0385,AFHSPRCYR,True,0.13789334532370126
ALLQEEAHVPL,HLA-A0201,0.0828,0,3,1.1153,0.5704,0.1446,HLA-A*02:01,27198675,ALLQEEAHV,ALLQEGAHV,0,0,915.0,905.0,False,Conserved,-2,ALLQEEAHL,-2,ALLQEEAHV,5,0.6931471805599453,ALLQEGAHV,0.084735,ALLQEEAHVPL,ALLQEEAHV,ALLQEGAHV,Negative,11,9,9,9,9,11,"1,3,8",0.915265,5,0.6931471805599453,substitution,0.0,1.746376811594203,Negative,1,cedar,0.8106,ALLQEGAHVPL,1.1967,ALLQEGAHL,True,0.13383876231752306
ALNPTSGSL,HLA-B1501,0.5782,0,3,0.9195,0.6591,0.8741,HLA-B*15:01,27198675,ALNPTSGSL,ALNPRSGSL,0,0,84.0,76.0,False,Conserved,-1,ALNPTSGSL,-1,ALNPTSGSL,4,0.6931471805599453,ALNPRSGSL,0.080434,ALNPTSGSL,ALNPTSGSL,ALNPRSGSL,Negative,9,9,9,9,9,9,"1,8",0.919566,4,0.6931471805599453,substitution,0.0,1.511760636457973,Negative,1,cedar,0.5782,ALNPRSGSL,0.8741,ALNPRSGSL,True,0.052097045976393586
ALQKVKIAV,HLA-A0201,0.2371,0,3,0.5836,0.7834,0.1156,HLA-A*02:01,35193931,ALQKVKIAV,ALQKVKIEV,0,0,351.0,343.0,False,Conserved,-1,ALQKVKIAV,-1,ALQKVKIAV,7,0.6931471805599453,ALQKVKIEV,0.03586699999999998,ALQKVKIAV,ALQKVKIAV,ALQKVKIEV,Negative,9,9,9,9,9,9,"1,3,8",0.964133,7,0.6931471805599453,substitution,0.0,0.4875579924082665,Negative,1,cedar,0.2371,ALQKVKIEV,0.1156,ALQKVKIEV,True,0.17678972478023788
ALQSAYVKI,HLA-A0201,0.5806,0,3,0.6541,0.2526,27.3871,HLA-A*02:01,31511069,ALQSAYVKI,ALQSAYVKN,0,0,251.0,243.0,True,Improved,-3,ALQSAYVKI,-3,ALQSAYVKI,8,0.6931471805599453,ALQSAYVKN,0.028781999999999974,ALQSAYVKI,ALQSAYVKI,ALQSAYVKN,Negative,9,9,9,9,9,9,"1,3,8",0.971218,8,0.6931471805599453,substitution,0.0,47.170341026524284,Negative,1,cedar,0.5806,ALQSAYVKN,27.3871,ALQSAYVKN,True,0.141814355748747
ALQSQSISLV,HLA-A0201,0.1036,0,3,0.3908,0.2869,0.1187,HLA-A*02:01,33479501,ALQSQSISL,VLQSQSISL,0,0,204.0,195.0,False,Conserved,0,AQSQSISLV,0,ALQSQSISL,0,1.3862943611198906,VLQSQSISL,0.013575000000000004,ALQSQSISLV,ALQSQSISL,VLQSQSISL,Negative,10,9,9,9,9,10,"1,3,8",0.986425,0,1.3862943611198906,substitution,0.0,1.1457528957528957,Negative,1,cedar,0.6938,VLQSQSISLV,0.988,VLQSQSISV,True,0.1271940624147789
AMPFSIFYPM,HLA-A0201,5.4917,1,3,0.4401,0.5261,5.1194,HLA-A*02:01,"33257508,33257508,33257508",AMPFSIFYP,AMPFSIFYRM,0,0,599.0,590.0,True,Conserved,-2,APFSIFYPM,-2,AMPFSIFYP,8,-1.0,AMPFSIFYM,0.06999900000000003,AMPFSIFYPM,AMPFSIFYP,AMPFSIFYRM,Positive,10,9,10,9,10,10,"1,3,8",0.930001,8,1.3862943611198906,substitution,0.6666666666666666,0.9322067847843108,"Positive_all,Positive_all,Negative",3,cedar,5.7665,AMPFSIFYRM,5.1194,AMPFSIFYM,True,0.26559385856680184
APAKSVKKRI,HLA-B0702,0.8854,0,3,1.5603,0.3281,0.7025,HLA-B*07:02,27198675,APAKSVKKRI,APAKSVKERI,0,0,328.0,319.0,True,Conserved,1,APASVKKRI,-4,APASVKKRI,"3,4,5,7",-1.0,APAKSVKEI,0.030332000000000026,APAKSVKKRI,APAKSVKKRI,APAKSVKERI,Negative,10,10,10,10,10,10,"1,8",0.969668,7,0.6931471805599453,substitution,0.0,0.7934266997967021,Negative,1,cedar,0.8854,APAKSVKERI,0.7025,APAKSVKEI,True,0.1058984448057261
APCLESGTCIL,HLA-B0702,0.9684,0,3,1.5078,0.3334,0.8587,HLA-B*07:02,27198675,APCLESGTCIL,APCLEGGTCIL,0,0,4003.0,3993.0,False,Conserved,0,APESGTCIL,0,APESGTCIL,3,0.6931471805599453,APEGGTCIL,0.056076000000000015,APCLESGTCIL,APCLESGTCIL,APCLEGGTCIL,Negative,11,11,11,11,11,11,"1,8",0.943924,5,0.6931471805599453,substitution,0.0,0.8867203634861627,Negative,1,cedar,0.9684,APCLEGGTCIL,0.8587,APEGGTCIL,True,0.10027119434065497
APQVTESIEF,HLA-B0702,0.4615,0,3,0.4898,0.5875,0.8498,HLA-B*07:02,27198675,APQVTESIEF,APQVTESI,0,0,1132.0,1123.0,True,Conserved,-2,AQVTESIEF,-8,APQVTSIEF,"3,4,5,6,7,8",1.6094379124341003,APQ-VTESI,0.06733800000000001,APQVTESIEF,APQVTESIEF,APQVTESI,Negative,10,10,8,10,8,10,"1,8",0.932662,9,0.6931471805599453,substitution,0.0,1.8413867822318526,Negative,1,cedar,0.4615,APQVTESIES,7.2434,APQVTSIES,True,0.14366965264305623
APVFLDCLEL,HLA-B0702,1.3128,0,3,0.3089,0.3036,0.1153,HLA-B*07:02,27198675,APVFLDCLEL,APVFLDRLEL,0,0,311.0,302.0,True,Conserved,-3,APVFLDLEL,-7,APVFLDLEL,"2,3,4,5",2.0794415416798357,APFLDRLEL,0.10755099999999995,APVFLDCLEL,APVFLDCLEL,APVFLDRLEL,Negative,10,10,10,10,10,10,"1,8",0.892449,6,0.6931471805599453,substitution,0.0,0.08782754418037782,Negative,1,cedar,1.3128,APVFLDRLEL,0.1153,APFLDRLEL,True,0.173328744947339
ASFCGAVFCKY,HLA-B1501,3.6887,0,3,0.364,0.5573,3.1579,HLA-B*15:01,27198675,ASFCGAVF,ASFCGAVFRKY,0,0,653.0,643.0,True,Conserved,-3,ASFCGAVKY,-8,ASF-CGAVF,"3,4,5,6,7,8",2.1972245773362196,ASFCGAVKY,0.11898200000000003,ASFCGAVFCKY,ASFCGAVF,ASFCGAVFRKY,Negative,11,8,11,8,11,11,"1,8",0.881018,8,0.6931471805599453,substitution,0.0,0.8561010654160003,Negative,1,cedar,3.7335,ASFCGAVFRKY,3.1579,ASFCGAVKY,True,0.14848937985105168
ASISSFLLVR,HLA-A1101,0.1737,0,3,0.3665,0.6586,0.2496,HLA-A*11:01,27198675,SISSFLLVR,SISSSLLVR,1,1,84.0,75.0,False,Conserved,-2,ASISSFLLR,-2,SISSFLLVR,4,0.6931471805599453,SISSSLLVR,0.07150199999999995,ASISSFLLVR,SISSFLLVR,SISSSLLVR,Negative,10,9,9,9,9,10,"0,1,8",0.928498,5,0.6931471805599453,substitution,0.0,1.4369602763385148,Negative,1,cedar,0.3981,ASISSSLLVR,0.3476,ASISSSLLR,True,0.2914008773915805
ATLDWSKNAV,HLA-A0201,0.5995,0,3,0.6467,0.4959,0.5256,HLA-A*02:01,27198675,TLDWSKNAV,TLDWSENAV,1,1,174.0,165.0,False,Conserved,1,ATLDWSNAV,1,TLDWSKNAV,5,0.6931471805599453,TLDWSENAV,0.05590600000000001,ATLDWSKNAV,TLDWSKNAV,TLDWSENAV,Negative,10,9,9,9,9,10,"1,3,8",0.944094,6,0.6931471805599453,substitution,0.0,0.8767306088407004,Negative,1,cedar,2.7095,ATLDWSENAV,2.1903,ALDWSENAV,True,0.05627658020336038
ATLNSFIHVR,HLA-A1101,0.1751,0,3,0.1148,0.7462,2.9016,HLA-A*11:01,31511069,ATLNSFIHVR,ATLNSFIHV,0,0,73.0,64.0,True,Improved,-2,ATLNSFIHR,-3,ATLNSFIHR,8,-1.0,ATLNSFIHV,0.03804300000000005,ATLNSFIHVR,ATLNSFIHVR,ATLNSFIHV,Negative,10,10,9,10,9,10,"0,1,8",0.961957,9,1.3862943611198906,substitution,0.0,16.571102227298688,Negative,1,cedar,0.1751,ATLNSFIHVL,8.6373,ATLNSFIHL,True,0.2767748389336975
ATPKYSNSLK,HLA-A0301,0.4651,0,3,0.1689,0.6825,0.3195,HLA-A*03:01,31511069,ATPKYSNSLK,ATPKDSNSLK,0,0,454.0,445.0,False,Conserved,-3,ATKYSNSLK,-3,ATKYSNSLK,3,0.6931471805599453,ATKDSNSLK,0.09596800000000005,ATPKYSNSLK,ATPKYSNSLK,ATPKDSNSLK,Negative,10,10,10,10,10,10,"0,1,8",0.904032,4,0.6931471805599453,substitution,0.0,0.6869490432165126,Negative,1,cedar,0.4651,ATPKDSNSLK,0.3195,ATKDSNSLK,True,0.06538675248493103
ATTLKAFFK,HLA-A0301,0.246,1,3,0.0112,0.8365,1.0358,HLA-A*03:01,31243155,ATTLKAFFK,AATLKAFFK,0,0,305.0,297.0,True,Improved,0,ATTLKAFFK,0,ATTLKAFFK,1,1.3862943611198906,AATLKAFFK,0.02969299999999997,ATTLKAFFK,ATTLKAFFK,AATLKAFFK,Positive,9,9,9,9,9,9,"0,1,8",0.970307,1,1.3862943611198906,substitution,1.0,4.210569105691057,Positive_all,1,cedar,0.246,AATLKAFFK,1.0358,AATLKAFFK,True,0.1505665780011251
AVRYDPESDTL,HLA-B0702,1.7778,0,3,1.1064,0.142,1.3618,HLA-B*07:02,27198675,RYDPESDTL,RYDPESETL,2,2,328.0,318.0,False,Conserved,2,AYDPESDTL,2,RYDPESDTL,6,1.3862943611198906,RYDPESETL,0.04264199999999996,AVRYDPESDTL,RYDPESDTL,RYDPESETL,Negative,11,9,9,9,9,11,"1,8",0.957358,8,1.3862943611198906,substitution,0.0,0.7660029249634379,Negative,1,cedar,2.1568,AVRYDPESETL,1.6547,AVRPESETL,True,0.07186562049166376
AVSSCILAK,HLA-A1101,0.0254,0,3,0.0185,0.8113,4.4268,HLA-A*11:01,"34270940,34270940",AVSSCILAK,AVSSCILAM,0,0,176.0,168.0,True,Improved,-1,AVSSCILAK,-1,AVSSCILAK,8,0.0,AVSSCILAM,0.022313000000000027,AVSSCILAK,AVSSCILAK,AVSSCILAM,Negative,9,9,9,9,9,9,"0,1,8",0.977687,8,0.0,substitution,0.0,174.28346456692915,"Negative,Negative",2,cedar,0.0254,AVSSCILAM,4.4268,AVSSCILAM,True,0.2807088207983687
AVSSCILAKV,HLA-A1101,0.0254,0,3,0.4352,0.6362,4.4268,HLA-A*11:01,"34270940,34270940",AVSSCILAK,AVSSCILAM,0,0,450.0,441.0,True,Improved,-1,AVSSILAKV,-1,AVSSCILAK,8,0.0,AVSSCILAM,0.022313000000000027,AVSSCILAKV,AVSSCILAK,AVSSCILAM,Negative,10,9,9,9,9,10,"0,1,8",0.977687,8,0.0,substitution,0.0,174.28346456692915,"Negative,Negative",2,cedar,2.8963,AVSSCILAMV,20.44,AVSSILAMV,True,0.11612406843672068
AVYHEIHIGYL,HLA-A0205,1.0179,1,3,4.2498,0.3865,2.8968,HLA-A*02:05,26631611,AVYHEIHIGYL,AVYHEILIGYL,0,0,1458.0,1448.0,False,Conserved,-3,AVYHEIHYL,-3,AVYHEIHYL,6,0.6931471805599453,AVYHEILYL,0.08360800000000002,AVYHEIHIGYL,AVYHEIHIGYL,AVYHEILIGYL,Positive,11,11,11,11,11,11,"1,3,8",0.916392,6,0.6931471805599453,substitution,1.0,2.8458591217211904,Positive_all,1,cedar,1.0179,AVYHEILIGYL,2.8968,AVYHEILYL,True,0.23905716132959723
AYQSIKVRI,HLA-A2402,0.0833,1,3,0.2579,0.5429,12.9306,HLA-A*24:02,31243155,AYQSIKVRI,ADQSIKVRI,0,0,622.0,614.0,True,Improved,-3,AYQSIKVRI,-3,AYQSIKVRI,1,0.6931471805599453,ADQSIKVRI,0.06525400000000003,AYQSIKVRI,AYQSIKVRI,ADQSIKVRI,Positive,9,9,9,9,9,9,"1,8",0.934746,1,0.6931471805599453,substitution,1.0,155.22929171668667,Positive_all,1,cedar,0.0833,ADQSIKVRI,12.9306,ADQSIKVRI,True,0.1857952322413771
AYRDLQTRK,HLA-A3001,0.0327,1,3,0.3256,0.6242,3.5539,HLA-A*30:01,30282837,AYRDLQTRK,AYRDLQTRE,0,0,246.0,238.0,True,Improved,1,AYRDLQTRK,1,AYRDLQTRK,8,0.6931471805599453,AYRDLQTRE,0.01628099999999999,AYRDLQTRK,AYRDLQTRK,AYRDLQTRE,Positive,9,9,9,9,9,9,"0,1,2,8",0.983719,8,0.6931471805599453,substitution,1.0,108.68195718654434,Positive_all,1,cedar,0.0327,AYRDLQTRE,3.5539,AYRDLQTRE,True,0.23465712929006688
AYSFQSLLYLL,HLA-A2402,0.2361,0,3,0.4151,0.4869,0.2813,HLA-A*24:02,27198675,SFQSLLYLL,AYPFQSLLYL,2,0,279.0,269.0,True,Conserved,-1,AYQSLLYLL,-1,SFQSLLYLL,"0,1,2,3,4,6,7",2.302585092994046,AYPQSLLYL,0.12019800000000003,AYSFQSLLYLL,SFQSLLYLL,AYPFQSLLYL,Negative,11,9,10,9,10,11,"1,8",0.879802,2,1.3862943611198906,substitution,0.0,1.19144430326133,Negative,1,cedar,0.6691,AYPFQSLLYLL,0.3149,AYPSLLYLL,True,0.20535473412243468
CIVCTVDLEF,HLA-A2402,2.1178,0,3,5.0118,0.1877,2.066,HLA-A*24:02,27198675,IVCTVDLEF,IVCTVDPEF,1,1,597.0,588.0,False,Conserved,-3,CVCTVDLEF,-3,IVCTVDLEF,6,1.3862943611198906,IVCTVDPEF,0.09303700000000004,CIVCTVDLEF,IVCTVDLEF,IVCTVDPEF,Negative,10,9,9,9,9,10,"1,8",0.906963,7,1.3862943611198906,substitution,0.0,0.9755406553971102,Negative,1,cedar,19.8065,CIVCTVDPEF,18.8947,CIVTVDPEF,True,0.19618027659211956
CVVTEVFLL,HLA-A0206,2.4459,0,3,0.906,0.4307,5.2535,HLA-A*02:06,"34244308,34244308",CVVTEVFLL,GVTEVFLL,0,1,115.0,107.0,True,Conserved,-3,CVVTEVFLL,-12,CVVTEVFLL,"0,2,3,4,5",0.0,GVTEV-FLL,0.078631,CVVTEVFLL,CVVTEVFLL,GVTEVFLL,Negative,9,9,8,9,8,9,"1,3,8",0.921369,1,1.3862943611198906,substitution,0.0,2.1478801259250173,"Negative,Negative",2,cedar,2.4459,CGVTEVFLL,12.3304,CGVTEVFLL,True,0.23969753198550844
DEQIESMTY,HLA-B1801,0.0029,0,3,0.0113,0.7688,0.0034,HLA-B*18:01,33479501,DEQIESMTY,DEQMESMTY,0,0,637.0,629.0,False,Conserved,1,DEQIESMTY,1,DEQIESMTY,3,1.0986122886681098,DEQMESMTY,0.04303000000000001,DEQIESMTY,DEQIESMTY,DEQMESMTY,Negative,9,9,9,9,9,9,"1,8",0.95697,3,1.0986122886681098,substitution,0.0,1.1724137931034484,Negative,1,cedar,0.0029,DEQMESMTY,0.0034,DEQMESMTY,True,0.33754450128910474
DISEYRVEHL,HLA-A6802,1.5678,0,3,3.6858,0.3252,3.4427,HLA-A*68:02,30556813,DISEYRVEHL,DISQYRVEHL,0,0,81.0,72.0,False,Conserved,2,DISEYVEHL,2,DISEYVEHL,3,0.6931471805599453,DISQYVEHL,0.03677200000000003,DISEYRVEHL,DISEYRVEHL,DISQYRVEHL,Negative,10,10,10,10,10,10,"0,1,8",0.963228,3,0.6931471805599453,substitution,0.0,2.195879576476591,Negative,1,cedar,1.5678,DISQYRVEHL,3.4427,DISQYVEHL,True,0.20254737878384158
DPSQRGCFTL,HLA-B0702,1.2259,0,3,1.012,0.1893,0.0795,HLA-B*07:02,27198675,DPSQRGCFTL,SPRGCFTL,0,2,347.0,338.0,True,Conserved,-1,DPSQRGFTL,-15,DPSQRGFTL,"0,2,3,4,5,6",1.6094379124341003,SPRGCF-TL,0.15189299999999994,DPSQRGCFTL,DPSQRGCFTL,SPRGCFTL,Negative,10,10,8,10,8,10,"1,8",0.848107,3,0.6931471805599453,substitution,0.0,0.06485031405498001,Negative,1,cedar,1.2259,DPSPRGCFTL,0.8364,DPSPRGFTL,True,0.06504000583742686
DPSQRGCFTL,HLA-B3501,3.1361,0,3,1.012,0.1893,1.8998,HLA-B*35:01,27198675,DPSQRGCFTL,DPSPRGCFTL,0,0,347.0,338.0,False,Conserved,-1,DPSQRGFTL,-1,DPSQRGFTL,3,0.6931471805599453,DPSPRGFTL,0.09419299999999997,DPSQRGCFTL,DPSQRGCFTL,DPSPRGCFTL,Negative,10,10,10,10,10,10,"1,8",0.905807,3,0.6931471805599453,substitution,0.0,0.6057842543286247,Negative,1,cedar,3.1361,DPSPRGCFTL,1.8998,DPSPRGFTL,True,0.06001365256507271
DPYALVRLGI,HLA-B0702,2.769,0,3,0.1782,0.3607,2.769,HLA-B*07:02,27198675,DPYALVRL,DPYALVRL,0,0,366.0,357.0,False,Conserved,-1,DPYALVRLI,4,DPY-ALVRL,-1,,DPY-ALVRL,0.0,DPYALVRLGI,DPYALVRL,DPYALVRL,Negative,10,8,8,8,8,10,"1,8",1.0,9,1.0986122886681098,substitution,0.0,1.0,Negative,1,cedar,4.3148,DPYALVRLGT,15.0444,DPYAVRLGT,True,0.13162236732344987
EEKAASSLVSY,HLA-B4403,0.0698,0,3,0.2908,0.4646,2.1373,HLA-B*44:03,24323902,EEKAASSLVSY,EQKAASSLVSY,0,0,101.0,91.0,True,Improved,2,EEASSLVSY,2,EEASSLVSY,1,0.6931471805599453,EQASSLVSY,0.011680000000000024,EEKAASSLVSY,EEKAASSLVSY,EQKAASSLVSY,Negative,11,11,11,11,11,11,"1,8",0.98832,1,0.6931471805599453,substitution,0.0,30.62034383954155,Negative,1,cedar,0.0698,EQKAASSLVSY,2.1373,EQASSLVSY,True,0.1526876337550094
EEKLIVVLF,HLA-B4402,0.0361,0,3,0.0522,0.6157,0.0287,HLA-B*44:02,32314731,EEKLIVVLF,EEKLSVVLF,0,0,55.0,47.0,False,Conserved,-2,EEKLIVVLF,-2,EEKLIVVLF,4,0.6931471805599453,EEKLSVVLF,0.06614500000000001,EEKLIVVLF,EEKLIVVLF,EEKLSVVLF,Negative,9,9,9,9,9,9,"1,8",0.933855,4,0.6931471805599453,substitution,0.0,0.7950138504155124,Negative,1,cedar,0.0361,EEKLSVVLF,0.0287,EEKLSVVLF,True,0.46751858612383035
EEYYADAFDF,HLA-A2402,0.1502,0,3,0.0797,0.6029,13.045,HLA-A*24:02,27198675,EYYADAFDF,YYADAFDS,1,2,485.0,476.0,True,Improved,-2,EEYADAFDF,-19,EYYADAFDF,"0,2,3,4,5,6,7,8",0.0,YYADAFDS-,0.08518099999999995,EEYYADAFDF,EYYADAFDF,YYADAFDS,Negative,10,9,8,9,8,10,"1,8",0.914819,9,0.6931471805599453,substitution,0.0,86.8508655126498,Negative,1,cedar,0.7185,EEYYADAFDS,51.25,EYYADAFDS,True,0.202876685138775
ELATRGAQM,HLA-B0702,3.3129,0,3,0.6316,0.4254,5.7772,HLA-B*07:02,27198675,ELATRGAQM,ELATRGARM,0,0,66.0,58.0,False,Conserved,1,ELATRGAQM,1,ELATRGAQM,7,0.6931471805599453,ELATRGARM,0.03466899999999995,ELATRGAQM,ELATRGAQM,ELATRGARM,Negative,9,9,9,9,9,9,"1,8",0.965331,7,0.6931471805599453,substitution,0.0,1.743849799269522,Negative,1,cedar,3.3129,ELATRGARM,5.7772,ELATRGARM,True,0.06669196493151956
ELMRDINSM,HLA-B3501,1.0314,1,3,0.0598,0.4253,0.8729,HLA-B*35:01,27198675,ELMRDINSM,ELMRDIYSM,0,0,914.0,906.0,False,Conserved,-2,ELMRDINSM,-2,ELMRDINSM,6,0.6931471805599453,ELMRDIYSM,0.08736900000000003,ELMRDINSM,ELMRDINSM,ELMRDIYSM,Positive,9,9,9,9,9,9,"1,8",0.912631,6,0.6931471805599453,substitution,1.0,0.8463253829745976,Positive_all,1,cedar,1.0314,ELMRDIYSM,0.8729,ELMRDIYSM,True,0.09501588894507162
EPKWDPFPL,HLA-B0702,0.3845,0,3,0.1633,0.37,0.1697,HLA-B*07:02,27198675,EPKWDPFPL,EPRWDPFPL,0,0,158.0,150.0,False,Conserved,2,EPKWDPFPL,2,EPKWDPFPL,2,0.6931471805599453,EPRWDPFPL,0.044201999999999964,EPKWDPFPL,EPKWDPFPL,EPRWDPFPL,Negative,9,9,9,9,9,9,"1,8",0.955798,2,0.6931471805599453,substitution,0.0,0.44135240572171647,Negative,1,cedar,0.3845,EPRWDPFPL,0.1697,EPRWDPFPL,True,0.1890255356853136
EPKWDPFPL,HLA-B3501,0.6072,0,3,0.1633,0.37,0.5939,HLA-B*35:01,27198675,EPKWDPFPL,EPRWDPFPL,0,0,158.0,150.0,False,Conserved,2,EPKWDPFPL,2,EPKWDPFPL,2,0.6931471805599453,EPRWDPFPL,0.044201999999999964,EPKWDPFPL,EPKWDPFPL,EPRWDPFPL,Negative,9,9,9,9,9,9,"1,8",0.955798,2,0.6931471805599453,substitution,0.0,0.9780961791831357,Negative,1,cedar,0.6072,EPRWDPFPL,0.5939,EPRWDPFPL,True,0.14685530189612017
ETDESLIYSF,HLA-A0101,0.0367,0,3,0.4237,0.2502,0.0819,HLA-A*01:01,33479501,ETDESLIY,GTDESLIY,0,0,432.0,423.0,True,Conserved,-2,ETDESIYSF,-14,ETD-ESLIY,"0,3,4,5",,GTDES-LIY,0.04032199999999997,ETDESLIYSF,ETDESLIY,GTDESLIY,Negative,10,8,8,8,8,10,"1,2,8",0.959678,0,0.6931471805599453,substitution,0.0,2.231607629427793,Negative,1,cedar,0.2936,GTDESLIYSF,0.4968,GTDESLIYF,True,0.13942426082073428
EYYADAFDF,HLA-A2402,0.1502,0,3,0.1261,0.6257,13.045,HLA-A*24:02,27198675,EYYADAFDF,YYADAFDS,0,1,485.0,477.0,True,Improved,-2,EYYADAFDF,-19,EYYADAFDF,"0,2,3,4,5,6,7,8",0.0,YYADAFDS-,0.08518099999999995,EYYADAFDF,EYYADAFDF,YYADAFDS,Negative,9,9,8,9,8,9,"1,8",0.914819,8,0.6931471805599453,substitution,0.0,86.8508655126498,Negative,1,cedar,0.1502,EYYADAFDS,20.8519,EYYADAFDS,True,0.25928338143342855
EYYADAFDFY,HLA-A2402,0.1502,0,3,0.1298,0.7021,0.2451,HLA-A*24:02,27198675,EYYADAFDF,YYADAFDSY,0,1,486.0,477.0,True,Conserved,-2,EYYADAFFY,-10,EYYADAFDF,"0,2,3,4,5,6,7,8",1.791759469228055,YYADAFDSY,0.10819000000000001,EYYADAFDFY,EYYADAFDF,YYADAFDSY,Negative,10,9,9,9,9,10,"1,8",0.89181,8,0.6931471805599453,substitution,0.0,1.6318242343541944,Negative,1,cedar,1.8506,EYYADAFDSY,1.6497,EYYDAFDSY,True,0.18551174542559073
EYYSKNLNSF,HLA-A2402,0.0033,1,3,0.1123,0.6369,4.686,HLA-A*24:02,28423700,YYSKNLNSF,YYSKNLNSS,1,1,437.0,428.0,True,Improved,-2,EYYSNLNSF,-2,YYSKNLNSF,8,0.6931471805599453,YYSKNLNSS,0.025614000000000026,EYYSKNLNSF,YYSKNLNSF,YYSKNLNSS,Positive,10,9,9,9,9,10,"1,8",0.974386,9,0.6931471805599453,substitution,1.0,1420.0,Positive_all,1,cedar,0.0677,EYYSKNLNSS,11.2337,EYYSNLNSS,True,0.1681797578150535
FASDIPRIL,HLA-C0303,0.001,0,3,0.0095,0.8815,0.0007,HLA-C*03:03,33262196,FASDIPRIL,FAADIPRIL,0,0,155.0,147.0,False,Conserved,1,FASDIPRIL,1,FASDIPRIL,2,1.3862943611198906,FAADIPRIL,0.03258899999999998,FASDIPRIL,FASDIPRIL,FAADIPRIL,Negative,9,9,9,9,9,9,"1,8",0.967411,2,1.3862943611198906,substitution,0.0,0.7,Negative,1,cedar,0.001,FAADIPRIL,0.0007,FAADIPRIL,True,0.34598616800144383
FEIRARTAA,HLA-B4002,0.4201,0,3,0.1475,0.6568,3.5229,HLA-B*40:02,"34244308,34244308",FEIRARTAA,FQIRARTAA,0,0,546.0,538.0,True,Improved,2,FEIRARTAA,2,FEIRARTAA,1,0.6931471805599453,FQIRARTAA,0.025136999999999965,FEIRARTAA,FEIRARTAA,FQIRARTAA,Negative,9,9,9,9,9,9,"1,8",0.974863,1,0.6931471805599453,substitution,0.0,8.385860509402523,"Negative,Negative",2,cedar,0.4201,FQIRARTAA,3.5229,FQIRARTAA,True,0.13419675535539113
FFLGLILFEL,HLA-A2402,1.7814,0,3,1.8198,0.3912,4.6407,HLA-A*24:02,27198675,FFLGLILF,FSLGLILF,0,0,1017.0,1008.0,True,Conserved,-2,FFLGLILEL,-20,FFLGLI-LF,"0,2,3,4,5,6",-1.0,-FSLGLILF,0.06622799999999995,FFLGLILFEL,FFLGLILF,FSLGLILF,Negative,10,8,8,8,8,10,"1,8",0.933772,1,0.6931471805599453,substitution,0.0,2.60508588750421,Negative,1,cedar,5.5,FSLGLILFEL,17.6222,FSLGLIFEL,True,0.28123662240824365
FIGPLMDAL,HLA-A0201,1.0499,0,3,0.1142,0.7416,2.4475,HLA-A*02:01,"27198675,27198675,27198675,27198675",FIGPLMDAL,IIGPLMDAL,0,0,426.0,418.0,False,Conserved,0,FIGPLMDAL,0,FIGPLMDAL,0,0.6931471805599453,IIGPLMDAL,0.02255600000000002,FIGPLMDAL,FIGPLMDAL,IIGPLMDAL,Negative,9,9,9,9,9,9,"1,3,8",0.977444,0,0.6931471805599453,substitution,0.0,2.3311743975616723,"Negative,Negative,Negative,Negative",4,cedar,1.0499,IIGPLMDAL,2.4475,IIGPLMDAL,True,0.16928571774361087
FILKLFFMGL,HLA-A0201,3.3387,0,3,1.576,0.6568,3.422,HLA-A*02:01,31511069,ILKLFFMGL,ILKFFFMGL,1,1,265.0,256.0,True,Conserved,0,FILKFFMGL,0,ILKLFFMGL,3,1.791759469228055,ILKFFFMGL,0.051263999999999976,FILKLFFMGL,ILKLFFMGL,ILKFFFMGL,Negative,10,9,9,9,9,10,"1,3,8",0.948736,4,1.791759469228055,substitution,0.0,1.0249498307724565,Negative,1,cedar,6.5552,FILKFFFMGL,7.1535,FILKFFMGL,True,0.3130564491911721
FILLLFLTIFI,HLA-A0201,1.7142,1,3,2.3473,0.5903,2.9379,HLA-A*02:01,31324690,LLLFLTIFI,LLLFLAIFI,2,2,2064.0,2054.0,False,Conserved,0,FLLFLTIFI,0,LLLFLTIFI,5,1.3862943611198906,LLLFLAIFI,0.04283099999999995,FILLLFLTIFI,LLLFLTIFI,LLLFLAIFI,Positive,11,9,9,9,9,11,"1,3,8",0.957169,7,1.3862943611198906,substitution,1.0,1.7138606930346518,Positive_all,1,cedar,8.3597,FILLLFLAIFI,11.9984,FLLFLAIFI,True,0.5064940282308913
FISIFFFLEI,HLA-A0201,6.3149,1,3,1.8957,0.6273,4.504,HLA-A*02:01,31324690,FISIFFFL,SIFSFLEI,0,2,87.0,78.0,True,Conserved,-2,FISFFFLEI,-7,FIS-IFFFL,"0,2,4,6,7,8",2.772588722239781,SIF-SFLEI,0.19187600000000005,FISIFFFLEI,FISIFFFL,SIFSFLEI,Positive,10,8,8,8,8,10,"1,3,8",0.808124,5,0.6931471805599453,substitution,1.0,0.7132337804240764,Positive_all,1,cedar,9.213,FISIFSFLEI,6.9397,FISIFSFEI,True,0.2810520717450249
FISNTVFRK,HLA-A1101,0.1991,1,3,0.1263,0.661,0.5521,HLA-A*11:01,"31685621,31685621",FISNTVFRK,FMSNTVFRK,0,0,446.0,438.0,True,Conserved,1,FISNTVFRK,1,FISNTVFRK,1,1.0986122886681098,FMSNTVFRK,0.02866000000000002,FISNTVFRK,FISNTVFRK,FMSNTVFRK,Positive,9,9,9,9,9,9,"0,1,8",0.97134,1,1.0986122886681098,substitution,1.0,2.772978402812657,"Positive_all,Positive_all",2,cedar,0.1991,FMSNTVFRK,0.5521,FMSNTVFRK,True,0.20555343399442907
FLAADGHPA,HLA-A0201,0.4561,0,3,0.0378,0.8697,2.1156,HLA-A*02:01,31511069,FLAADGHPA,FLAADGDPA,0,0,203.0,195.0,False,Improved,-1,FLAADGHPA,-1,FLAADGHPA,6,0.6931471805599453,FLAADGDPA,0.08454799999999996,FLAADGHPA,FLAADGHPA,FLAADGDPA,Negative,9,9,9,9,9,9,"1,3,8",0.915452,6,0.6931471805599453,substitution,0.0,4.638456478842359,Negative,1,cedar,0.4561,FLAADGDPA,2.1156,FLAADGDPA,True,0.15421318559256034
FLCRFKQLL,HLA-A0201,0.7718,0,3,0.4078,0.7433,1.7847,HLA-A*02:01,27198675,FLCRFKQLL,FLRRFKQLL,0,0,346.0,338.0,False,Conserved,-3,FLCRFKQLL,-3,FLCRFKQLL,2,0.6931471805599453,FLRRFKQLL,0.10792199999999996,FLCRFKQLL,FLCRFKQLL,FLRRFKQLL,Negative,9,9,9,9,9,9,"1,3,8",0.892078,2,0.6931471805599453,substitution,0.0,2.3123866286602746,Negative,1,cedar,0.7718,FLRRFKQLL,1.7847,FLRRFKQLL,True,0.254660351875875
FLIDFMFFESS,HLA-A0201,2.5117,0,3,1.9913,0.5612,2.0612,HLA-A*02:01,31511069,FLIDFMFFES,FLIDFMFFEST,0,0,308.0,298.0,True,Conserved,1,FLIDFMESS,-2,FLIDFMFES,"6,7,8",1.791759469228055,FLIDFMEST,0.024181000000000008,FLIDFMFFESS,FLIDFMFFES,FLIDFMFFEST,Negative,11,10,11,10,11,11,"1,3,8",0.975819,10,1.791759469228055,substitution,0.0,0.8206394075725605,Negative,1,cedar,3.9024,FLIDFMFFEST,2.0612,FLIDFMEST,True,0.19747263312083252
FLNDLLSVL,HLA-A0201,0.0263,1,3,0.0082,0.922,0.1159,HLA-A*02:01,30418433,FLNDLLSVL,FLNDLLSVM,0,0,1085.0,1077.0,True,Conserved,2,FLNDLLSVL,2,FLNDLLSVL,8,0.6931471805599453,FLNDLLSVM,0.00964200000000004,FLNDLLSVL,FLNDLLSVL,FLNDLLSVM,Positive,9,9,9,9,9,9,"1,3,8",0.990358,8,0.6931471805599453,substitution,1.0,4.406844106463878,Positive_all,1,cedar,0.0263,FLNDLLSVM,0.1159,FLNDLLSVM,True,0.48027774875130713
FLSTHLKLFL,HLA-A0201,0.8577,0,3,0.0434,0.86,1.316,HLA-A*02:01,27198675,FLSTHLKLFL,FLSTHLKL,0,0,298.0,289.0,True,Conserved,-3,FLSTHLLFL,-13,FLSTHLLFL,"2,3,4,5,7",1.6094379124341003,FL-STHLKL,0.07456300000000005,FLSTHLKLFL,FLSTHLKLFL,FLSTHLKL,Negative,10,10,8,10,8,10,"1,3,8",0.925437,9,1.3862943611198906,substitution,0.0,1.534336014923633,Negative,1,cedar,0.8577,FLSTHLKLFP,9.8244,FLSTHLLFP,True,0.23987679175702453
FLVLMPMKV,HLA-A0201,0.1291,0,3,0.103,0.8296,0.0385,HLA-A*02:01,31511069,FLVLMPMKV,FLALMPMKV,0,0,407.0,399.0,False,Conserved,0,FLVLMPMKV,0,FLVLMPMKV,2,1.3862943611198906,FLALMPMKV,0.04075300000000004,FLVLMPMKV,FLVLMPMKV,FLALMPMKV,Negative,9,9,9,9,9,9,"1,3,8",0.959247,2,1.3862943611198906,substitution,0.0,0.29821843532145625,Negative,1,cedar,0.1291,FLALMPMKV,0.0385,FLALMPMKV,True,0.5188707663179106
FMIGYTSAL,HLA-A0201,0.082,1,3,0.0067,0.9359,0.2207,HLA-A*02:01,30418433,FMIGYTSAL,FMIGYASAL,0,0,683.0,675.0,False,Conserved,0,FMIGYTSAL,0,FMIGYTSAL,5,1.3862943611198906,FMIGYASAL,0.054301000000000044,FMIGYTSAL,FMIGYTSAL,FMIGYASAL,Positive,9,9,9,9,9,9,"1,3,8",0.945699,5,1.3862943611198906,substitution,1.0,2.6914634146341463,Positive_all,1,cedar,0.082,FMIGYASAL,0.2207,FMIGYASAL,True,0.3667889906442912
FMLVQACRSV,HLA-A0201,1.7511,0,3,0.3089,0.7637,1.0596,HLA-A*02:01,31511069,MLVQACRSV,MLLQACRSV,1,1,766.0,757.0,False,Conserved,1,FLVQACRSV,1,MLVQACRSV,2,1.791759469228055,MLLQACRSV,0.033460000000000045,FMLVQACRSV,MLVQACRSV,MLLQACRSV,Negative,10,9,9,9,9,10,"1,3,8",0.96654,3,1.791759469228055,substitution,0.0,0.6051053623436697,Negative,1,cedar,3.6859,FMLLQACRSV,2.8572,FLLQACRSV,True,0.1450126114002472
FMLYLLTLM,HLA-A0201,1.4787,1,3,0.216,0.8601,1.2064,HLA-A*02:01,30418433,FMLYLLTLM,FMLYLVTLM,0,0,38.0,30.0,False,Conserved,1,FMLYLLTLM,1,FMLYLLTLM,5,1.791759469228055,FMLYLVTLM,0.03137500000000004,FMLYLLTLM,FMLYLLTLM,FMLYLVTLM,Positive,9,9,9,9,9,9,"1,3,8",0.968625,5,1.791759469228055,substitution,1.0,0.815851761682559,Positive_all,1,cedar,1.4787,FMLYLVTLM,1.2064,FMLYLVTLM,True,0.4296120403408579
FPDPPSSLDL,HLA-B0702,0.1069,0,3,0.0335,0.5403,0.1069,HLA-B*07:02,27198675,FPDPPSSL,FPDPPSSL,0,0,84.0,75.0,False,Conserved,-3,FPDPPSSLL,4,FPD-PPSSL,-1,,FPD-PPSSL,0.0,FPDPPSSLDL,FPDPPSSL,FPDPPSSL,Negative,10,8,8,8,8,10,"1,8",1.0,9,1.3862943611198906,substitution,0.0,1.0,Negative,1,cedar,0.2363,FPDPPSSLDP,4.6822,FPDPPSSLP,True,0.13367882831927508
FPRYAGLMV,HLA-B0702,0.1682,0,3,0.048,0.7128,0.0647,HLA-B*07:02,31511069,FPRYAGLMV,FPRYPGLMV,0,0,327.0,319.0,False,Conserved,-1,FPRYAGLMV,-1,FPRYAGLMV,4,1.3862943611198906,FPRYPGLMV,0.09417500000000001,FPRYAGLMV,FPRYAGLMV,FPRYPGLMV,Negative,9,9,9,9,9,9,"1,8",0.905825,4,1.3862943611198906,substitution,0.0,0.38466111771700356,Negative,1,cedar,0.1682,FPRYPGLMV,0.0647,FPRYPGLMV,True,0.2892207980050234
FQPSFSHLV,HLA-A0201,0.2392,0,3,0.0168,0.8391,0.1063,HLA-A*02:01,"27198675,27198675,27198675,27198675",FQPSFSHLV,FQPSFPHLV,0,0,99.0,91.0,False,Conserved,-1,FQPSFSHLV,-1,FQPSFSHLV,5,1.3862943611198906,FQPSFPHLV,0.08874899999999997,FQPSFSHLV,FQPSFSHLV,FQPSFPHLV,Negative,9,9,9,9,9,9,"1,3,8",0.911251,5,1.3862943611198906,substitution,0.0,0.4443979933110368,"Negative,Negative,Negative,Negative",4,cedar,0.2392,FQPSFPHLV,0.1063,FQPSFPHLV,True,0.19994992429633052
FQPSFSHLVAF,HLA-B3501,0.1547,0,3,0.1889,0.6717,0.0789,HLA-B*35:01,27198675,QPSFSHLVAF,QPSFPHLVAF,1,1,101.0,91.0,False,Conserved,-1,FQFSHLVAF,-1,QPFSHLVAF,3,1.3862943611198906,QPFPHLVAF,0.07860699999999998,FQPSFSHLVAF,QPSFSHLVAF,QPSFPHLVAF,Negative,11,10,10,10,10,11,"1,8",0.921393,5,1.3862943611198906,substitution,0.0,0.5100193923723335,Negative,1,cedar,2.956,FQPSFPHLVAF,1.5554,QPFPHLVAF,True,0.14829054438484124
FQYFRATYPL,HLA-A0201,4.7995,0,3,0.0764,0.7635,23.0364,HLA-A*02:01,33479501,FQYFRATYPL,EYFRATYPL,0,1,228.0,219.0,True,Conserved,2,FYFRATYPL,-10,FQYFRATYL,"0,1,2,3,4,5,6,7",1.791759469228055,EYFRATYPL,0.05074500000000004,FQYFRATYPL,FQYFRATYPL,EYFRATYPL,Negative,10,10,9,10,9,10,"1,3,8",0.949255,1,0.6931471805599453,substitution,0.0,4.79974997395562,Negative,1,cedar,4.7995,FEYFRATYPL,23.8545,FEYFRATYL,True,0.13866598592800986
FRYLSLQDI,HLA-B2705,0.7823,0,3,0.0138,0.6559,0.4353,HLA-B*27:05,33479501,FRYLSLQDI,FRYLPLQDI,0,0,50.0,42.0,False,Conserved,-1,FRYLSLQDI,-1,FRYLSLQDI,4,1.3862943611198906,FRYLPLQDI,0.086835,FRYLSLQDI,FRYLSLQDI,FRYLPLQDI,Negative,9,9,9,9,9,9,"1,8",0.913165,4,1.3862943611198906,substitution,0.0,0.5564361498146492,Negative,1,cedar,0.7823,FRYLPLQDI,0.4353,FRYLPLQDI,True,0.19465287262920247
FSFPRSSEPF,HLA-A2402,0.2319,0,3,0.027,0.6961,0.2903,HLA-A*24:02,"34270940,34270940",SFPRSSEPF,SFPLSSEPF,1,1,199.0,190.0,False,Conserved,-2,FSFPRSSEF,-2,SFPRSSEPF,3,1.3862943611198906,SFPLSSEPF,0.08505399999999996,FSFPRSSEPF,SFPRSSEPF,SFPLSSEPF,Negative,10,9,9,9,9,10,"1,8",0.914946,4,1.3862943611198906,substitution,0.0,1.2518326865028029,"Negative,Negative",2,cedar,0.997,FSFPLSSEPF,1.2774,FFPLSSEPF,True,0.05788634536717141
FYCRPHFTI,HLA-A2402,0.1071,0,3,0.0394,0.7243,1.7893,HLA-A*24:02,30880120,FYCRPHFTI,FHCRPHFTI,0,0,67.0,59.0,True,Improved,2,FYCRPHFTI,2,FYCRPHFTI,1,0.6931471805599453,FHCRPHFTI,0.05900099999999997,FYCRPHFTI,FYCRPHFTI,FHCRPHFTI,Negative,9,9,9,9,9,9,"1,8",0.940999,1,0.6931471805599453,substitution,0.0,16.706816059757234,Negative,1,cedar,0.1071,FHCRPHFTI,1.7893,FHCRPHFTI,True,0.2760575364968851
FYNDIILMV,HLA-C0602,0.0415,1,3,0.0691,0.531,0.0252,HLA-C*06:02,30906654,FYNDIILMV,FYNDIILTV,0,0,40.0,32.0,False,Conserved,-1,FYNDIILMV,-1,FYNDIILMV,7,0.0,FYNDIILTV,0.03983599999999998,FYNDIILMV,FYNDIILMV,FYNDIILTV,Positive,9,9,9,9,9,9,"1,8",0.960164,7,0.0,substitution,1.0,0.6072289156626506,Positive_all,1,cedar,0.0415,FYNDIILTV,0.0252,FYNDIILTV,True,0.5638111669847272
GLAQEYTTSL,HLA-A0201,0.2638,0,3,0.1057,0.8233,0.3296,HLA-A*02:01,31511069,GLAQEYTTSL,GLAQEDTTSL,0,0,431.0,422.0,False,Conserved,-3,GLAEYTTSL,-3,GLAEYTTSL,4,0.6931471805599453,GLAEDTTSL,0.09138299999999999,GLAQEYTTSL,GLAQEYTTSL,GLAQEDTTSL,Negative,10,10,10,10,10,10,"1,3,8",0.908617,5,0.6931471805599453,substitution,0.0,1.2494313874147083,Negative,1,cedar,0.2638,GLAQEDTTSL,0.3296,GLAEDTTSL,True,0.10681847318631191
GLGPKDTYV,HLA-A0201,0.1194,0,3,0.4196,0.741,0.4621,HLA-A*02:01,31511069,GLGPKDTYV,GLGPKDTYI,0,0,316.0,308.0,True,Conserved,3,GLGPKDTYV,3,GLGPKDTYV,8,1.0986122886681098,GLGPKDTYI,0.006179000000000046,GLGPKDTYV,GLGPKDTYV,GLGPKDTYI,Negative,9,9,9,9,9,9,"1,3,8",0.993821,8,1.0986122886681098,substitution,0.0,3.870184254606365,Negative,1,cedar,0.1194,GLGPKDTYI,0.4621,GLGPKDTYI,True,0.19411484136387286
GLLDEDFYA,HLA-A0201,0.13,1,3,0.1021,0.8,26.1316,HLA-A*02:01,27827318,GLLDEDFYA,GPLDEDFYA,0,0,889.0,881.0,True,Improved,-3,GLLDEDFYA,-3,GLLDEDFYA,1,1.3862943611198906,GPLDEDFYA,0.06671800000000006,GLLDEDFYA,GLLDEDFYA,GPLDEDFYA,Positive,9,9,9,9,9,9,"1,3,8",0.933282,1,1.3862943611198906,substitution,1.0,201.01230769230767,Positive_all,1,cedar,0.13,GPLDEDFYA,26.1316,GPLDEDFYA,True,0.2827534908996257
GLMVIAWFI,HLA-A0201,1.0715,0,3,0.1359,0.8833,0.3564,HLA-A*02:01,27198675,GLMVIAWFI,GLMAIAWFI,0,0,181.0,173.0,True,Conserved,0,GLMVIAWFI,0,GLMVIAWFI,3,1.3862943611198906,GLMAIAWFI,0.05025599999999997,GLMVIAWFI,GLMVIAWFI,GLMAIAWFI,Negative,9,9,9,9,9,9,"1,3,8",0.949744,3,1.3862943611198906,substitution,0.0,0.3326178254783015,Negative,1,cedar,1.0715,GLMAIAWFI,0.3564,GLMAIAWFI,True,0.4328593773178046
GLSFFILSL,HLA-A0201,0.2334,1,3,0.1532,0.8057,1.2817,HLA-A*02:01,"35193931,35193931",GLSFFILSL,GVSFFILSL,0,0,311.0,303.0,True,Improved,1,GLSFFILSL,1,GLSFFILSL,1,1.791759469228055,GVSFFILSL,0.022285,GLSFFILSL,GLSFFILSL,GVSFFILSL,Positive,9,9,9,9,9,9,"1,3,8",0.977715,1,1.791759469228055,substitution,1.0,5.491431019708655,"Positive_all,Positive_all",2,cedar,0.2334,GVSFFILSL,1.2817,GVSFFILSL,True,0.411378887991794
GLSYCLPPTF,HLA-B1501,1.2828,0,3,0.7961,0.4288,6.4415,HLA-B*15:01,27198675,LSYCLPPTF,GPSYCLPPTF,1,0,1049.0,1040.0,False,Improved,-3,GSYCLPPTF,-4,LSYCLPPTF,0,-1.0,GSYCLPPTF,0.07609600000000005,GLSYCLPPTF,LSYCLPPTF,GPSYCLPPTF,Negative,10,9,10,9,10,10,"1,8",0.923904,1,1.3862943611198906,substitution,0.0,5.0214374805113815,Negative,1,cedar,2.4576,GPSYCLPPTF,6.4415,GSYCLPPTF,True,0.12312352272042221
GMVKAALEAI,HLA-A0201,2.3298,0,3,0.7985,0.6748,1.6046,HLA-A*02:01,31511069,GMVKAALEA,GMAKAALEA,0,0,212.0,203.0,False,Conserved,0,GMKAALEAI,0,GMVKAALEA,2,1.3862943611198906,GMAKAALEA,0.03844499999999995,GMVKAALEAI,GMVKAALEA,GMAKAALEA,Negative,10,9,9,9,9,10,"1,3,8",0.961555,2,1.3862943611198906,substitution,0.0,0.6887286462357284,Negative,1,cedar,5.9386,GMAKAALEAI,4.4444,GMAAALEAI,True,0.12808451443196367
GQFEPLETTA,HLA-A0201,0.9658,0,3,1.2634,0.5559,2.0542,HLA-A*02:01,27198675,GQFEPLETT,GQFEPSETT,0,0,123.0,114.0,False,Conserved,-2,GQFEPLTTA,-2,GQFEPLETT,5,0.6931471805599453,GQFEPSETT,0.08136200000000005,GQFEPLETTA,GQFEPLETT,GQFEPSETT,Negative,10,9,9,9,9,10,"1,3,8",0.918638,5,0.6931471805599453,substitution,0.0,2.1269413957341063,Negative,1,cedar,1.2797,GQFEPSETTA,2.6464,GQFEPSTTA,True,0.07502931628794313
GQFEPLETTAK,HLA-A1101,0.3741,0,3,1.6359,0.4262,0.4048,HLA-A*11:01,27198675,GQFEPLETTAK,GQFEPSETTAK,0,0,124.0,114.0,False,Conserved,-2,GQFEPTTAK,5,GQFEPTTAK,-1,,GQFEPTTAK,0.06216999999999995,GQFEPLETTAK,GQFEPLETTAK,GQFEPSETTAK,Negative,11,11,11,11,11,11,"0,1,8",0.93783,5,0.6931471805599453,substitution,0.0,1.0820636193531141,Negative,1,cedar,0.3741,GQFEPSETTAK,0.4048,GQFEPTTAK,True,0.08643726333815246
GRKLFGTHF,HLA-B2705,0.083,1,3,0.6945,0.4943,0.2344,HLA-B*27:05,"29545564,29545564,29545564,29545564,29545564,29545564,29643231,29643231,29643231",GRKLFGTHF,GRKLFGTPF,0,0,1266.0,1258.0,False,Conserved,-2,GRKLFGTHF,-2,GRKLFGTHF,7,0.6931471805599453,GRKLFGTPF,0.08028500000000005,GRKLFGTHF,GRKLFGTHF,GRKLFGTPF,Positive,9,9,9,9,9,9,"1,8",0.919715,7,0.6931471805599453,substitution,0.8888888888888888,2.8240963855421684,"Positive_all,Negative,Positive_all,Positive_all,Positive_all,Positive_all,Positive_all,Positive_all,Positive_all",9,cedar,0.083,GRKLFGTPF,0.2344,GRKLFGTPF,True,0.20159055509993865
GRWALHSAF,HLA-B2705,0.0131,0,3,0.0082,0.8124,1.0821,HLA-B*27:05,34518289,GRWALHSAF,GRWALHSAS,0,0,1453.0,1445.0,True,Improved,-2,GRWALHSAF,-2,GRWALHSAF,8,0.6931471805599453,GRWALHSAS,0.02866000000000002,GRWALHSAF,GRWALHSAF,GRWALHSAS,Negative,9,9,9,9,9,9,"1,8",0.97134,8,0.6931471805599453,substitution,0.0,82.6030534351145,Negative,1,cedar,0.0131,GRWALHSAS,1.0821,GRWALHSAS,True,0.2511227259065032
GSSPFQHLEK,HLA-A3001,0.4642,0,3,0.0418,0.7748,0.2385,HLA-A*30:01,24323902,GSSPFQHLEK,GSNPFQHLEK,0,0,24.0,15.0,True,Conserved,1,GSSPFQHLK,1,GSSPFHLEK,2,0.6931471805599453,GSNPFHLEK,0.042459000000000024,GSSPFQHLEK,GSSPFQHLEK,GSNPFQHLEK,Negative,10,10,10,10,10,10,"0,1,2,8",0.957541,2,0.6931471805599453,substitution,0.0,0.5137871607065919,Negative,1,cedar,0.4642,GSNPFQHLEK,0.2385,GSNPFHLEK,True,0.08117032182141332
GTAWLEWWHV,HLA-A0201,3.6985,0,3,0.7774,0.5595,7.7447,HLA-A*02:01,"27198675,27198675,27198675,27198675",TAWLEWWHV,TAWLEWRHV,1,1,452.0,443.0,False,Conserved,-3,GTAWLEWHV,-3,TAWLEWWHV,6,0.6931471805599453,TAWLEWRHV,0.12816799999999995,GTAWLEWWHV,TAWLEWWHV,TAWLEWRHV,Negative,10,9,9,9,9,10,"1,3,8",0.871832,7,0.6931471805599453,substitution,0.0,2.094011085575233,"Negative,Negative,Negative,Negative",4,cedar,9.2138,GTAWLEWRHV,11.3492,GTAWLEWHV,True,0.177017226554899
GTLVRCAKAK,HLA-A1101,2.3505,0,3,0.8073,0.4776,2.1113,HLA-A*11:01,"34270940,34270940",GTLVRCAKAK,GTLVRCGKAK,0,0,229.0,220.0,False,Conserved,0,GTLRCAKAK,0,GTLRCAKAK,5,1.3862943611198906,GTLRCGKAK,0.05158200000000002,GTLVRCAKAK,GTLVRCAKAK,GTLVRCGKAK,Negative,10,10,10,10,10,10,"0,1,8",0.948418,6,1.3862943611198906,substitution,0.0,0.8982344182088918,"Negative,Negative",2,cedar,2.3505,GTLVRCGKAK,2.1113,GTLRCGKAK,True,0.1369291509427817
GVFDGAASV,HLA-A0201,0.0634,0,3,0.0685,0.7741,0.5927,HLA-A*02:01,33479501,GVFDGAASV,GAFDGAASV,0,0,583.0,575.0,True,Improved,0,GVFDGAASV,0,GVFDGAASV,1,1.3862943611198906,GAFDGAASV,0.03129099999999996,GVFDGAASV,GVFDGAASV,GAFDGAASV,Negative,9,9,9,9,9,9,"1,3,8",0.968709,1,1.3862943611198906,substitution,0.0,9.34858044164038,Negative,1,cedar,0.0634,GAFDGAASV,0.5927,GAFDGAASV,True,0.18663119073475076
GYYLEGWRFL,HLA-A2402,0.0266,0,3,0.4136,0.4874,0.0141,HLA-A*24:02,27198675,YYLEGWRFL,YYLEGWRLL,1,1,2601.0,2592.0,False,Conserved,0,GYYEGWRFL,0,YYLEGWRFL,7,1.791759469228055,YYLEGWRLL,0.04386000000000001,GYYLEGWRFL,YYLEGWRFL,YYLEGWRLL,Negative,10,9,9,9,9,10,"1,8",0.95614,8,1.791759469228055,substitution,0.0,0.5300751879699248,Negative,1,cedar,0.5349,GYYLEGWRLL,0.4205,GYYEGWRLL,True,0.17118102754548484
HDLGRLHSC,HLA-B3701,1.1877,1,3,3.3111,0.1791,1.9986,HLA-B*37:01,"28678784,28678784,28678784,28678784,28678784",HDLGRLHSC,HDLGRLHPC,0,0,547.0,539.0,False,Conserved,-1,HDLGRLHSC,-1,HDLGRLHSC,7,1.3862943611198906,HDLGRLHPC,0.06118100000000004,HDLGRLHSC,HDLGRLHSC,HDLGRLHPC,Positive,9,9,9,9,9,9,"1,8",0.938819,7,1.3862943611198906,substitution,1.0,1.6827481687294772,"Positive_all,Positive_all,Positive_all,Positive_all,Positive_all",5,cedar,1.1877,HDLGRLHPC,1.9986,HDLGRLHPC,True,0.10154687162949623
HEIHIGYLEY,HLA-B4001,0.3681,1,3,0.0333,0.6747,0.4056,HLA-B*40:01,26631611,HEIHIGYL,HEILIGYL,0,0,1460.0,1451.0,False,Conserved,-3,HEIHIGLEY,-3,HEIHIGY-L,3,0.6931471805599453,HEILIGY-L,0.12637900000000002,HEIHIGYLEY,HEIHIGYL,HEILIGYL,Positive,10,8,8,8,8,10,"1,8",0.873621,3,0.6931471805599453,substitution,1.0,1.101874490627547,Positive_all,1,cedar,1.5347,HEILIGYLEY,1.756,HEILIGLEY,True,0.25387804415977727
HEIHIGYLEYV,HLA-B4001,0.3681,1,3,0.536,0.3408,0.4056,HLA-B*40:01,26631611,HEIHIGYL,HEILIGYL,0,0,1461.0,1451.0,False,Conserved,-3,HEIHIGEYV,-3,HEIHIGY-L,3,0.6931471805599453,HEILIGY-L,0.12637900000000002,HEIHIGYLEYV,HEIHIGYL,HEILIGYL,Positive,11,8,8,8,8,11,"1,8",0.873621,3,0.6931471805599453,substitution,1.0,1.101874490627547,Positive_all,1,cedar,1.9579,HEILIGYLEYV,2.2676,HEILIGEYV,True,0.3115318940213279
HIKAQSIISK,HLA-A0301,0.1386,0,3,0.2976,0.5999,0.147,HLA-A*03:01,31511069,HIKAQSIISK,HIKGQSIISK,0,0,625.0,616.0,True,Conserved,0,HIAQSIISK,-3,HIAQSIISK,"2,3",-1.0,HIKGSIISK,0.04589900000000002,HIKAQSIISK,HIKAQSIISK,HIKGQSIISK,Negative,10,10,10,10,10,10,"0,1,8",0.954101,3,1.3862943611198906,substitution,0.0,1.0606060606060606,Negative,1,cedar,0.1386,HIKGQSIISK,0.147,HIKGSIISK,True,0.17218390491189028
HLSPGELHKEV,HLA-A0201,0.7402,0,3,3.901,0.453,0.6099,HLA-A*02:01,31511069,HLSPGELHKEV,HLSPGEFHKEV,0,0,264.0,254.0,False,Conserved,0,HLSPGELHV,0,HLSPGELEV,6,1.791759469228055,HLSPGEFEV,0.05090399999999995,HLSPGELHKEV,HLSPGELHKEV,HLSPGEFHKEV,Negative,11,11,11,11,11,11,"1,3,8",0.949096,6,1.791759469228055,substitution,0.0,0.8239664955417455,Negative,1,cedar,0.7402,HLSPGEFHKEV,0.6099,HLSPGEFEV,True,0.07740564718229513
IAVSSCILAK,HLA-A1101,0.0254,0,3,0.2006,0.6768,4.4268,HLA-A*11:01,"34270940,34270940",AVSSCILAK,AVSSCILAM,1,1,449.0,440.0,True,Improved,-1,IAVSSILAK,-1,AVSSCILAK,8,0.0,AVSSCILAM,0.022313000000000027,IAVSSCILAK,AVSSCILAK,AVSSCILAM,Negative,10,9,9,9,9,10,"0,1,8",0.977687,9,0.0,substitution,0.0,174.28346456692915,"Negative,Negative",2,cedar,0.9879,IAVSSCILAM,26.6,IVSSCILAM,True,0.14964188007701854
IAYAPEPNQK,HLA-A0301,0.1854,0,3,0.5434,0.5309,0.0122,HLA-A*03:01,33479501,IAYAPEPNQK,IVYAPEPNQK,0,0,67.0,58.0,True,Conserved,0,IAYAPPNQK,0,IAYAPPNQK,1,1.3862943611198906,IVYAPPNQK,0.023826000000000014,IAYAPEPNQK,IAYAPEPNQK,IVYAPEPNQK,Negative,10,10,10,10,10,10,"0,1,8",0.976174,1,1.3862943611198906,substitution,0.0,0.06580366774541532,Negative,1,cedar,0.1854,IVYAPEPNQK,0.0122,IVYAPPNQK,True,0.11843862326082769
IFFLGLILF,HLA-A2402,0.2948,0,3,0.6953,0.4094,0.1666,HLA-A*24:02,27198675,IFFLGLILF,IFSLGLILF,0,0,1015.0,1007.0,False,Conserved,-2,IFFLGLILF,-2,IFFLGLILF,2,0.6931471805599453,IFSLGLILF,0.06977,IFFLGLILF,IFFLGLILF,IFSLGLILF,Negative,9,9,9,9,9,9,"1,8",0.93023,2,0.6931471805599453,substitution,0.0,0.5651289009497964,Negative,1,cedar,0.2948,IFSLGLILF,0.1666,IFSLGLILF,True,0.5330514014979787
IFQEMFDKHYK,HLA-A3301,1.3506,1,3,1.8809,0.4551,1.4074,HLA-A*33:01,"34244308,34244308",EMFDKHYK,EIFDKHYK,3,3,275.0,265.0,True,Conserved,1,IFQEMKHYK,-9,EMFDK-HYK,"1,5,6,7",,EIFDKHY-K,0.04020900000000005,IFQEMFDKHYK,EMFDKHYK,EIFDKHYK,Positive,11,8,8,8,8,11,"1,8",0.959791,4,1.0986122886681098,substitution,0.5,1.0420553827928327,"Positive_all,Negative",2,cedar,2.9352,IFQEIFDKHYK,1.6368,IFQEIKHYK,True,0.23707252115522406
IISDGGCTCPV,HLA-A0201,4.9997,0,3,2.948,0.5484,9.9132,HLA-A*02:01,31511069,IISDGGCTCPV,IISDGGCTC,0,0,226.0,216.0,True,Conserved,-3,IISDGGCTV,-1,IISDGGCTV,8,-1.0,IISDGGCTC,0.08091599999999999,IISDGGCTCPV,IISDGGCTCPV,IISDGGCTC,Negative,11,11,9,11,9,11,"1,3,8",0.919084,10,1.3862943611198906,substitution,0.0,1.9827589655379323,Negative,1,cedar,4.9997,IISDGGCTCPG,75.0,IISDGGCTG,True,0.23249468239197724
ILAELELSRRL,HLA-A0201,0.4175,0,3,1.0193,0.6525,0.5639,HLA-A*02:01,31511069,ILAELELSRRL,ILAELELCRRL,0,0,2927.0,2917.0,False,Conserved,-1,ILAELELSL,-1,ILAELELSL,7,1.791759469228055,ILAELELRL,0.058197000000000054,ILAELELSRRL,ILAELELSRRL,ILAELELCRRL,Negative,11,11,11,11,11,11,"1,3,8",0.941803,7,1.3862943611198906,substitution,0.0,1.3506586826347304,Negative,1,cedar,0.4175,ILAELELCRRL,0.5639,ILAELELRL,True,0.1633827330907284
ILDTAGKEEY,HLA-A0101,0.0667,0,3,0.12,0.5328,0.0372,HLA-A*01:01,33479501,ILDTAGKEEY,ILDTAGQEEY,0,0,64.0,55.0,False,Conserved,1,ILDTAGEEY,2,ILDTAGEEY,6,0.6931471805599453,ILDTAGQEY,0.038085000000000035,ILDTAGKEEY,ILDTAGKEEY,ILDTAGQEEY,Negative,10,10,10,10,10,10,"1,2,8",0.961915,6,0.6931471805599453,substitution,0.0,0.5577211394302849,Negative,1,cedar,0.0667,ILDTAGQEEY,0.0372,ILDTAGQEY,True,0.1798010026306907
ILDTAGREEY,HLA-A0101,0.0666,0,3,0.1128,0.541,0.0372,HLA-A*01:01,32314731,ILDTAGREEY,ILDTAGQEEY,0,0,64.0,55.0,False,Conserved,1,ILDTAGEEY,2,ILDTAGEEY,6,0.6931471805599453,ILDTAGQEY,0.04668799999999995,ILDTAGREEY,ILDTAGREEY,ILDTAGQEEY,Negative,10,10,10,10,10,10,"1,2,8",0.953312,6,0.6931471805599453,substitution,0.0,0.5585585585585584,Negative,1,cedar,0.0666,ILDTAGQEEY,0.0372,ILDTAGQEY,True,0.19657542601170952
ILITGQFYDR,HLA-A1101,3.3404,0,3,0.4137,0.6473,3.4541,HLA-A*11:01,"34270940,34270940",ILITGQFYDR,ILIAGQFYDR,0,0,325.0,316.0,False,Conserved,0,ILITGQFYR,0,ILITGQFYR,3,1.3862943611198906,ILIAGQFYR,0.047648000000000024,ILITGQFYDR,ILITGQFYDR,ILIAGQFYDR,Negative,10,10,10,10,10,10,"0,1,8",0.952352,3,1.3862943611198906,substitution,0.0,1.0340378397796672,"Negative,Negative",2,cedar,3.3404,ILIAGQFYDR,3.4541,ILIAGQFYR,True,0.19116388785294217
ILLLFLTIFI,HLA-A0201,1.7142,1,3,1.2924,0.6879,2.9379,HLA-A*02:01,31324690,LLLFLTIFI,LLLFLAIFI,1,1,2064.0,2055.0,False,Conserved,0,ILLFLTIFI,0,LLLFLTIFI,5,1.3862943611198906,LLLFLAIFI,0.04283099999999995,ILLLFLTIFI,LLLFLTIFI,LLLFLAIFI,Positive,10,9,9,9,9,10,"1,3,8",0.957169,6,1.3862943611198906,substitution,1.0,1.7138606930346518,Positive_all,1,cedar,6.2055,ILLLFLAIFI,8.5426,ILLLFLIFI,True,0.5115754825129031
ILPDAGQTV,HLA-A0201,0.0867,1,3,0.0222,0.6353,0.0399,HLA-A*02:01,31511069,ILPDAGQTV,ILADAGQTV,0,0,72.0,64.0,False,Conserved,-1,ILPDAGQTV,-1,ILPDAGQTV,2,1.3862943611198906,ILADAGQTV,0.06937499999999996,ILPDAGQTV,ILPDAGQTV,ILADAGQTV,Positive,9,9,9,9,9,9,"1,3,8",0.930625,2,1.3862943611198906,substitution,1.0,0.4602076124567474,Positive_all,1,cedar,0.0867,ILADAGQTV,0.0399,ILADAGQTV,True,0.2415579309162593
ILPELTRLL,HLA-A0201,0.1908,0,3,0.0113,0.691,8.9408,HLA-A*02:01,27198675,ILPELTRLL,IPPELTRLL,0,0,559.0,551.0,True,Improved,-3,ILPELTRLL,-3,ILPELTRLL,1,1.3862943611198906,IPPELTRLL,0.06348399999999998,ILPELTRLL,ILPELTRLL,IPPELTRLL,Negative,9,9,9,9,9,9,"1,3,8",0.936516,1,1.3862943611198906,substitution,0.0,46.859538784067084,Negative,1,cedar,0.1908,IPPELTRLL,8.9408,IPPELTRLL,True,0.2691482480251048
ILQSNPLLEV,HLA-A0201,0.3052,0,3,0.3966,0.8185,1.0607,HLA-A*02:01,31511069,ILQSNPLLEV,ILQSNPLLEA,0,0,153.0,144.0,True,Conserved,0,ILQNPLLEV,1,ILQNPLLEV,"3,8",1.791759469228055,ILQSPLLEA,0.011541000000000023,ILQSNPLLEV,ILQSNPLLEV,ILQSNPLLEA,Negative,10,10,10,10,10,10,"1,3,8",0.988459,9,1.3862943611198906,substitution,0.0,3.475425950196592,Negative,1,cedar,0.3052,ILQSNPLLEA,1.0607,ILQSPLLEA,True,0.13207952000300105
ILWYVFRLAGI,HLA-A0201,1.8719,0,3,2.2408,0.5985,1.8719,HLA-A*02:01,31511069,ILWYVFRL,ILWYVFRL,0,0,277.0,267.0,False,Conserved,1,ILWYRLAGI,4,ILW-YVFRL,-1,,ILW-YVFRL,0.0,ILWYVFRLAGI,ILWYVFRL,ILWYVFRL,Negative,11,8,8,8,8,11,"1,3,8",1.0,10,1.0986122886681098,substitution,0.0,1.0,Negative,1,cedar,9.1943,ILWYVFRLAGM,13.8177,ILWYVLAGM,True,0.22721575831803179
IPAFDQRSGL,HLA-B0702,0.1024,0,3,0.0726,0.7208,0.1798,HLA-B*07:02,27198675,IPAFDQRSGL,IPAFDQRNGL,0,0,721.0,712.0,False,Conserved,1,IPADQRSGL,1,IPADQRSGL,6,0.6931471805599453,IPADQRNGL,0.04083899999999996,IPAFDQRSGL,IPAFDQRSGL,IPAFDQRNGL,Negative,10,10,10,10,10,10,"1,8",0.959161,7,0.6931471805599453,substitution,0.0,1.7558593749999998,Negative,1,cedar,0.1024,IPAFDQRNGL,0.1798,IPADQRNGL,True,0.11980597224853616
IPEPKWDPFPL,HLA-B3501,0.2628,0,3,0.424,0.2728,0.2805,HLA-B*35:01,27198675,IPEPKWDPF,IPEPRWDPF,0,0,158.0,148.0,False,Conserved,2,IPEPDPFPL,2,IPEPKWDPF,4,0.6931471805599453,IPEPRWDPF,0.05136099999999999,IPEPKWDPFPL,IPEPKWDPF,IPEPRWDPF,Negative,11,9,9,9,9,11,"1,8",0.948639,4,0.6931471805599453,substitution,0.0,1.0673515981735162,Negative,1,cedar,2.549,IPEPRWDPFPL,2.6306,IPEPDPFPL,True,0.1415316924469485
IPEPKWDPFPL,HLA-B0702,0.3845,0,3,0.424,0.2728,0.1697,HLA-B*07:02,27198675,EPKWDPFPL,EPRWDPFPL,2,2,158.0,148.0,False,Conserved,2,IPEPDPFPL,2,EPKWDPFPL,2,0.6931471805599453,EPRWDPFPL,0.044201999999999964,IPEPKWDPFPL,EPKWDPFPL,EPRWDPFPL,Negative,11,9,9,9,9,11,"1,8",0.955798,4,0.6931471805599453,substitution,0.0,0.44135240572171647,Negative,1,cedar,0.6449,IPEPRWDPFPL,0.5461,IPEPRPFPL,True,0.19647937441096996
IPTHTQMTTSA,HLA-B0702,1.6017,0,3,0.4766,0.3263,1.4383,HLA-B*07:02,31511069,IPTHTQMTT,IPTHTQMAT,0,0,175.0,165.0,False,Conserved,0,IPTHTTTSA,0,IPTHTQMTT,7,1.3862943611198906,IPTHTQMAT,0.03370799999999996,IPTHTQMTTSA,IPTHTQMTT,IPTHTQMAT,Negative,11,9,9,9,9,11,"1,8",0.966292,7,1.3862943611198906,substitution,0.0,0.8979833926453143,Negative,1,cedar,2.7746,IPTHTQMATSA,3.6793,IPTHTQTSA,True,0.09124811336139521
IQYLELNRLV,HLA-A0201,1.5453,0,3,0.1477,0.3513,2.3298,HLA-A*02:01,27198675,IQYLELNRL,IQYLELDRL,0,0,140.0,131.0,False,Conserved,1,IQYELNRLV,1,IQYLELNRL,6,0.6931471805599453,IQYLELDRL,0.04943200000000003,IQYLELNRLV,IQYLELNRL,IQYLELDRL,Negative,10,9,9,9,9,10,"1,3,8",0.950568,6,0.6931471805599453,substitution,0.0,1.5076684139002137,Negative,1,cedar,4.1017,IQYLELDRLV,5.2224,IQYELDRLV,True,0.15751452627091622
ITCQSLRSPMY,HLA-A0101,0.9176,1,3,1.131,0.2436,0.2624,HLA-A*01:01,32226429,ITCQSLRSPMY,TSQSLRSPMY,0,1,58.0,48.0,True,Conserved,-1,ITCQSSPMY,-5,ITCQSSPMY,"0,1,2,3,4",2.3978952727983707,TSQSLSPMY,0.06157699999999999,ITCQSLRSPMY,ITCQSLRSPMY,TSQSLRSPMY,Positive,11,11,10,11,10,11,"1,2,8",0.938423,2,1.3862943611198906,substitution,1.0,0.2859633827375763,Positive_all,1,cedar,0.9176,ITSQSLRSPMY,0.3794,ITSQSSPMY,True,0.08433480961021558
ITEEPILMTY,HLA-A0101,0.0143,0,3,0.0359,0.6661,0.49,HLA-A*01:01,30556813,ITEEPILMTY,IPEEPILMTY,0,0,973.0,964.0,True,Conserved,-1,ITEEPILMY,-1,ITEEPILMY,1,1.3862943611198906,IPEEPILMY,0.03932899999999995,ITEEPILMTY,ITEEPILMTY,IPEEPILMTY,Negative,10,10,10,10,10,10,"1,2,8",0.960671,1,1.3862943611198906,substitution,0.0,34.26573426573427,Negative,1,cedar,0.0143,IPEEPILMTY,0.49,IPEEPILMY,True,0.4380519000176617
ITMTDNQRK,HLA-A1101,0.2052,0,3,0.3383,0.6282,0.4037,HLA-A*11:01,27198675,ITMTDNQRK,ITLTDNQRK,0,0,1331.0,1323.0,False,Conserved,2,ITMTDNQRK,2,ITMTDNQRK,2,0.6931471805599453,ITLTDNQRK,0.028054000000000023,ITMTDNQRK,ITMTDNQRK,ITLTDNQRK,Negative,9,9,9,9,9,9,"0,1,8",0.971946,2,0.6931471805599453,substitution,0.0,1.9673489278752438,Negative,1,cedar,0.2052,ITLTDNQRK,0.4037,ITLTDNQRK,True,0.16739489606893415
ITVARCMKMAY,HLA-A0101,2.5174,1,3,1.1383,0.4189,1.4039,HLA-A*01:01,32226429,TVARCMKMAY,ITVPRCMKMAY,1,0,37.0,27.0,True,Conserved,-1,ITVARKMAY,-8,TVARMKMAY,"0,1,2,3,4,5,7",2.4849066497880004,ITVPRCMKY,0.07666600000000001,ITVARCMKMAY,TVARCMKMAY,ITVPRCMKMAY,Positive,11,10,11,10,11,11,"1,2,8",0.923334,3,1.3862943611198906,substitution,1.0,0.5576785572415984,Positive_all,1,cedar,2.998,ITVPRCMKMAY,1.4039,ITVPRCMKY,True,0.1848235048427012
IVCTVDLEF,HLA-A2402,2.1178,0,3,0.7484,0.4263,2.066,HLA-A*24:02,27198675,IVCTVDLEF,IVCTVDPEF,0,0,597.0,589.0,False,Conserved,-3,IVCTVDLEF,-3,IVCTVDLEF,6,1.3862943611198906,IVCTVDPEF,0.09303700000000004,IVCTVDLEF,IVCTVDLEF,IVCTVDPEF,Negative,9,9,9,9,9,9,"1,8",0.906963,6,1.3862943611198906,substitution,0.0,0.9755406553971102,Negative,1,cedar,2.1178,IVCTVDPEF,2.066,IVCTVDPEF,True,0.18757069989889696
KAFCQFSHL,HLA-B1501,4.9574,0,3,0.1066,0.5686,2.5074,HLA-B*15:01,27198675,KAFCQFSHL,KAFRQFSHL,0,0,296.0,288.0,False,Conserved,-3,KAFCQFSHL,-3,KAFCQFSHL,3,0.6931471805599453,KAFRQFSHL,0.13237200000000005,KAFCQFSHL,KAFCQFSHL,KAFRQFSHL,Negative,9,9,9,9,9,9,"1,8",0.867628,3,0.6931471805599453,substitution,0.0,0.5057893250494211,Negative,1,cedar,4.9574,KAFRQFSHL,2.5074,KAFRQFSHL,True,0.10109844505145814
KAPQVTESIEF,HLA-A2402,1.7015,0,3,2.1402,0.3924,2.038,HLA-A*24:02,27198675,KAPQVTESIEF,KAPQVTESI,0,0,1132.0,1122.0,True,Conserved,-2,KQVTESIEF,0,KAPQVTESF,8,0.6931471805599453,KAPQVTESI,0.04779,KAPQVTESIEF,KAPQVTESIEF,KAPQVTESI,Negative,11,11,9,11,9,11,"1,8",0.95221,10,0.6931471805599453,substitution,0.0,1.1977666764619452,Negative,1,cedar,1.7015,KAPQVTESIES,48.0,KAPQVTESI,True,0.12184730543186428
KAPSDLYQF,HLA-A2402,0.3552,0,3,0.5932,0.2844,1.8001,HLA-A*24:02,"34270940,34270940",KAPSDLYQF,KAPSDLYQI,0,0,237.0,229.0,True,Improved,0,KAPSDLYQF,0,KAPSDLYQF,8,0.6931471805599453,KAPSDLYQI,0.02270099999999997,KAPSDLYQF,KAPSDLYQF,KAPSDLYQI,Negative,9,9,9,9,9,9,"1,8",0.977299,8,0.6931471805599453,substitution,0.0,5.0678490990990985,"Negative,Negative",2,cedar,0.3552,KAPSDLYQI,1.8001,KAPSDLYQI,True,0.08950925631130383
KFLCRFKQL,HLA-A2402,1.2543,0,3,0.6397,0.5376,0.6618,HLA-A*24:02,27198675,KFLCRFKQL,KFLRRFKQL,0,0,345.0,337.0,False,Conserved,-3,KFLCRFKQL,-3,KFLCRFKQL,3,0.6931471805599453,KFLRRFKQL,0.12610100000000002,KFLCRFKQL,KFLCRFKQL,KFLRRFKQL,Negative,9,9,9,9,9,9,"1,8",0.873899,3,0.6931471805599453,substitution,0.0,0.5276249701028463,Negative,1,cedar,1.2543,KFLRRFKQL,0.6618,KFLRRFKQL,True,0.12331200601729858
KFLCRFKQLL,HLA-A2402,1.2543,0,3,0.7772,0.3937,0.6618,HLA-A*24:02,27198675,KFLCRFKQL,KFLRRFKQL,0,0,346.0,337.0,False,Conserved,-3,KFLRFKQLL,-3,KFLCRFKQL,3,0.6931471805599453,KFLRRFKQL,0.12610100000000002,KFLCRFKQLL,KFLCRFKQL,KFLRRFKQL,Negative,10,9,9,9,9,10,"1,8",0.873899,3,0.6931471805599453,substitution,0.0,0.5276249701028463,Negative,1,cedar,2.0686,KFLRRFKQLL,1.8424,KFLRRFQLL,True,0.1427744249166269
KGTQRILAAL,HLA-B0702,3.0295,0,3,1.669,0.3237,3.38,HLA-B*07:02,27198675,GTQRILAAL,GTQRIWAAL,1,1,457.0,448.0,False,Conserved,-2,KTQRILAAL,-2,GTQRILAAL,5,0.0,GTQRIWAAL,0.10898200000000002,KGTQRILAAL,GTQRILAAL,GTQRIWAAL,Negative,10,9,9,9,9,10,"1,8",0.891018,6,0.0,substitution,0.0,1.1156956593497276,Negative,1,cedar,9.7534,KGTQRIWAAL,11.6393,KGTQRIAAL,True,0.13212116883607863
KIQANALPLML,HLA-A0201,1.9687,0,3,3.1083,0.2286,1.1069,HLA-A*02:01,27198675,IQANALPLM,KIQENALPL,1,0,127.0,117.0,True,Conserved,-1,KANALPLML,-14,IQANALPLM,"0,1,2,3,4,5,6,7,8",2.3978952727983707,KIQENALPL,0.13539100000000004,KIQANALPLML,IQANALPLM,KIQENALPL,Negative,11,9,9,9,9,11,"1,3,8",0.864609,3,0.6931471805599453,substitution,0.0,0.562249199979682,Negative,1,cedar,5.8728,KIQENALPLML,1.8281,KIQELPLML,True,0.1166929422628603
KISEGTEFRI,HLA-A0201,2.3694,0,3,1.4756,0.198,2.6164,HLA-A*02:01,31511069,KISEGTEFRI,KISEGTGFRI,0,0,265.0,256.0,False,Conserved,-2,KISEGTFRI,4,KISEGTFRI,-1,,KISEGTFRI,0.07697600000000004,KISEGTEFRI,KISEGTEFRI,KISEGTGFRI,Negative,10,10,10,10,10,10,"1,3,8",0.923024,6,0.6931471805599453,substitution,0.0,1.1042458006246307,Negative,1,cedar,2.3694,KISEGTGFRI,2.6164,KISEGTFRI,True,0.09525861720033824
KLARVISRLAV,HLA-A0201,0.1309,0,3,0.4969,0.7227,0.1309,HLA-A*02:01,31511069,KLARVISRL,KLARVISRL,0,0,144.0,134.0,False,Conserved,-3,KLARVISAV,4,KLARVISRL,-1,,KLARVISRL,0.0,KLARVISRLAV,KLARVISRL,KLARVISRL,Negative,11,9,9,9,9,11,"1,3,8",1.0,10,0.6931471805599453,substitution,0.0,1.0,Negative,1,cedar,1.7083,KLARVISRLAD,19.7864,KLARVISRL,True,0.11780247724042181
KLATNLLKEL,HLA-A0201,0.9237,0,3,0.8253,0.6753,1.1096,HLA-A*02:01,31511069,KLATNLLKEL,KLATKLLKEL,0,0,628.0,619.0,False,Conserved,0,KLANLLKEL,0,KLATNLLEL,4,1.3862943611198906,KLATKLLEL,0.053007000000000026,KLATNLLKEL,KLATNLLKEL,KLATKLLKEL,Negative,10,10,10,10,10,10,"1,3,8",0.946993,4,1.3862943611198906,substitution,0.0,1.2012558189888491,Negative,1,cedar,0.9237,KLATKLLKEL,1.1096,KLATKLLEL,True,0.1472158903081307
KLFESKAELA,HLA-A0201,0.0257,0,3,1.156,0.6323,0.0842,HLA-A*02:01,33479501,KLFESKAEL,QLFESKAEL,0,0,225.0,216.0,False,Conserved,1,KLFESKAEA,1,KLFESKAEL,0,0.6931471805599453,QLFESKAEL,0.014163000000000037,KLFESKAELA,KLFESKAEL,QLFESKAEL,Negative,10,9,9,9,9,10,"1,3,8",0.985837,0,0.6931471805599453,substitution,0.0,3.2762645914396886,Negative,1,cedar,0.5374,QLFESKAELA,1.6192,QLFEKAELA,True,0.1008359278521769
KLIELTRQV,HLA-A0201,0.0088,0,3,0.0288,0.8786,5.9733,HLA-A*02:01,31511069,KLIELTRQV,KRIELTRQV,0,0,564.0,556.0,True,Improved,-2,KLIELTRQV,-2,KLIELTRQV,1,1.3862943611198906,KRIELTRQV,0.048228999999999966,KLIELTRQV,KLIELTRQV,KRIELTRQV,Negative,9,9,9,9,9,9,"1,3,8",0.951771,1,1.3862943611198906,substitution,0.0,678.7840909090909,Negative,1,cedar,0.0088,KRIELTRQV,5.9733,KRIELTRQV,True,0.30803352844723925
KLKFVTLVF,HLA-A2402,0.9776,1,3,0.035,0.7696,2.3691,HLA-A*24:02,33479501,KLKFVTLVF,ELKFVTLVF,0,0,42.0,34.0,False,Conserved,1,KLKFVTLVF,1,KLKFVTLVF,0,0.6931471805599453,ELKFVTLVF,0.014310000000000045,KLKFVTLVF,KLKFVTLVF,ELKFVTLVF,Positive,9,9,9,9,9,9,"1,8",0.98569,0,0.6931471805599453,substitution,1.0,2.4233837970540097,Positive_all,1,cedar,0.9776,ELKFVTLVF,2.3691,ELKFVTLVF,True,0.20981867983653835
KLKFVTLVF,HLA-B1501,0.0489,1,3,0.035,0.7696,0.3782,HLA-B*15:01,33479501,KLKFVTLVF,ELKFVTLVF,0,0,42.0,34.0,False,Conserved,1,KLKFVTLVF,1,KLKFVTLVF,0,0.6931471805599453,ELKFVTLVF,0.014310000000000045,KLKFVTLVF,KLKFVTLVF,ELKFVTLVF,Positive,9,9,9,9,9,9,"1,8",0.98569,0,0.6931471805599453,substitution,1.0,7.734151329243353,Positive_all,1,cedar,0.0489,ELKFVTLVF,0.3782,ELKFVTLVF,True,0.4273777939554525
KLMNIQQKL,HLA-A0201,0.0179,1,3,0.2004,0.7914,0.0102,HLA-A*02:01,"25837513,25837513,25837513,25837513,25837513,25837513,25837513,30418433,31685621,31685621",KLMNIQQKL,KLMNIQQQL,0,0,286.0,278.0,False,Conserved,1,KLMNIQQKL,1,KLMNIQQKL,7,0.6931471805599453,KLMNIQQQL,0.027382000000000017,KLMNIQQKL,KLMNIQQKL,KLMNIQQQL,Positive,9,9,9,9,9,9,"1,3,8",0.972618,7,0.6931471805599453,substitution,0.9,0.5698324022346369,"Negative,Positive_all,Positive_all,Positive_all,Positive_all,Positive_all,Positive_all,Positive_all,Positive_all,Positive_all",10,cedar,0.0179,KLMNIQQQL,0.0102,KLMNIQQQL,True,0.3190172412935515
KMIGFSKTA,HLA-A0201,0.5801,0,3,0.3437,0.7549,0.3331,HLA-A*02:01,31511069,KMIGFSKTA,KMIGFSETA,0,0,580.0,572.0,False,Conserved,1,KMIGFSKTA,1,KMIGFSKTA,6,0.6931471805599453,KMIGFSETA,0.044148999999999994,KMIGFSKTA,KMIGFSKTA,KMIGFSETA,Negative,9,9,9,9,9,9,"1,3,8",0.955851,6,0.6931471805599453,substitution,0.0,0.5742113428719187,Negative,1,cedar,0.5801,KMIGFSETA,0.3331,KMIGFSETA,True,0.08754674353033692
KMTNFKTTPPV,HLA-A0201,1.9568,0,3,0.6465,0.7731,0.9945,HLA-A*02:01,27198675,KMTNFKTTPPV,KMTDFKTTPPV,0,0,690.0,680.0,True,Conserved,1,KMFKTTPPV,-5,KMFKTTPPV,"2,3,4",-1.0,KMTDFTPPV,0.03859400000000002,KMTNFKTTPPV,KMTNFKTTPPV,KMTDFKTTPPV,Negative,11,11,11,11,11,11,"1,3,8",0.961406,3,0.6931471805599453,substitution,0.0,0.508227718724448,Negative,1,cedar,1.9568,KMTDFKTTPPV,0.9945,KMTDFTPPV,True,0.08525718837886993
KPYDAPGAPT,HLA-B0702,0.6245,0,3,0.3965,0.3476,0.7869,HLA-B*07:02,31511069,KPYDAPGAPT,KPYYAPGAPT,0,0,82.0,73.0,False,Conserved,-3,KPYDPGAPT,-2,KPYDPGAPT,3,0.6931471805599453,KPYAPGAPT,0.09834600000000004,KPYDAPGAPT,KPYDAPGAPT,KPYYAPGAPT,Negative,10,10,10,10,10,10,"1,8",0.901654,3,0.6931471805599453,substitution,0.0,1.2600480384307446,Negative,1,cedar,0.6245,KPYYAPGAPT,0.7869,KPYAPGAPT,True,0.08992161497698123
KQSKIVFSV,HLA-A0201,0.0778,0,3,0.0077,0.6425,3.6006,HLA-A*02:01,31511069,KQSKIVFSV,KESKIVFSV,0,0,1109.0,1101.0,True,Improved,2,KQSKIVFSV,2,KQSKIVFSV,1,0.6931471805599453,KESKIVFSV,0.024402999999999953,KQSKIVFSV,KQSKIVFSV,KESKIVFSV,Negative,9,9,9,9,9,9,"1,3,8",0.975597,1,0.6931471805599453,substitution,0.0,46.280205655527,Negative,1,cedar,0.0778,KESKIVFSV,3.6006,KESKIVFSV,True,0.20215230619853272
KRHEVPVPL,HLA-B2705,0.0474,0,3,0.0588,0.5217,0.0162,HLA-B*27:05,34518289,KRHEVPVPL,KRYEVPVPL,0,0,1048.0,1040.0,False,Conserved,2,KRHEVPVPL,2,KRHEVPVPL,2,0.6931471805599453,KRYEVPVPL,0.06222700000000003,KRHEVPVPL,KRHEVPVPL,KRYEVPVPL,Negative,9,9,9,9,9,9,"1,8",0.937773,2,0.6931471805599453,substitution,0.0,0.34177215189873417,Negative,1,cedar,0.0474,KRYEVPVPL,0.0162,KRYEVPVPL,True,0.36214507208909086
KRMSVIVRTL,HLA-B2705,0.053,0,3,0.0151,0.7591,0.1909,HLA-B*27:05,33479501,KRMSVIVRTL,KRMSVIVRT,0,0,583.0,574.0,True,Conserved,-3,KRMSVIVTL,-2,KRMSVIVTL,"7,8",0.6931471805599453,KRMSVIVRT,0.02642,KRMSVIVRTL,KRMSVIVRTL,KRMSVIVRT,Negative,10,10,9,10,9,10,"1,8",0.97358,9,1.3862943611198906,substitution,0.0,3.60188679245283,Negative,1,cedar,0.053,KRMSVIVRTP,1.1548,KRMSVIVTP,True,0.32101216198733473
KSEALKLFL,HLA-C0501,0.5684,0,3,0.2483,0.4931,0.4409,HLA-C*05:01,24323902,KSEALKLFL,KAEALKLFL,0,0,2470.0,2462.0,True,Conserved,1,KSEALKLFL,1,KSEALKLFL,1,1.3862943611198906,KAEALKLFL,0.020052999999999988,KSEALKLFL,KSEALKLFL,KAEALKLFL,Negative,9,9,9,9,9,9,"1,2,8",0.979947,1,1.3862943611198906,substitution,0.0,0.775686136523575,Negative,1,cedar,0.5684,KAEALKLFL,0.4409,KAEALKLFL,True,0.1873050786058906
KTFEVVPEI,HLA-A0201,0.0575,0,3,0.0213,0.6802,0.3543,HLA-A*02:01,31511069,KTFEVVPEI,KTFQVVPEI,0,0,380.0,372.0,True,Conserved,2,KTFEVVPEI,2,KTFEVVPEI,3,0.6931471805599453,KTFQVVPEI,0.04317899999999997,KTFEVVPEI,KTFEVVPEI,KTFQVVPEI,Negative,9,9,9,9,9,9,"1,3,8",0.956821,3,0.6931471805599453,substitution,0.0,6.161739130434783,Negative,1,cedar,0.0575,KTFQVVPEI,0.3543,KTFQVVPEI,True,0.32479950820929326
KTLQHWPHIVR,HLA-A1101,0.9126,0,3,0.1443,0.7317,1.063,HLA-A*11:01,"34270940,34270940",KTLQHWPHIVR,KTLQHWPHIIR,0,0,370.0,360.0,False,Conserved,3,KTLQPHIVR,3,KTLQPHIVR,7,1.0986122886681098,KTLQPHIIR,0.007843999999999962,KTLQHWPHIVR,KTLQHWPHIVR,KTLQHWPHIIR,Negative,11,11,11,11,11,11,"0,1,8",0.992156,9,1.0986122886681098,substitution,0.0,1.1648038571115493,"Negative,Negative",2,cedar,0.9126,KTLQHWPHIIR,1.063,KTLQPHIIR,True,0.24874221528226004
KTYIIFFVL,HLA-A0201,5.7887,0,3,0.5701,0.4043,4.7784,HLA-A*02:01,27198675,KTYIIFFV,KTYMIFFVL,0,0,405.0,397.0,True,Conserved,1,KTYIIFFVL,-6,KTY-IIFFV,"3,5,7,8",1.9459101490553132,KTYMIFFVL,0.07382,KTYIIFFVL,KTYIIFFV,KTYMIFFVL,Negative,9,8,9,8,9,9,"1,3,8",0.92618,3,1.0986122886681098,substitution,0.0,0.8254703128508992,Negative,1,cedar,5.8577,KTYMIFFVL,4.7784,KTYMIFFVL,True,0.4280773824731517
KTYIIFFVLV,HLA-A0201,5.7887,0,3,2.1121,0.2517,4.7784,HLA-A*02:01,27198675,KTYIIFFV,KTYMIFFVL,0,0,406.0,397.0,True,Conserved,1,KYIIFFVLV,-6,KTY-IIFFV,"3,5,7,8",1.9459101490553132,KTYMIFFVL,0.07382,KTYIIFFVLV,KTYIIFFV,KTYMIFFVL,Negative,10,8,9,8,9,10,"1,3,8",0.92618,3,1.0986122886681098,substitution,0.0,0.8254703128508992,Negative,1,cedar,11.6426,KTYMIFFVLV,9.5134,KTYMFFVLV,True,0.41773435633925937
KTYIIFFVLVI,HLA-A0201,4.286,0,3,2.8441,0.2528,2.0641,HLA-A*02:01,27198675,YIIFFVLVI,YMIFFVLVI,2,2,407.0,397.0,True,Conserved,1,KTYIIVLVI,1,YIIFFVLVI,1,1.0986122886681098,YMIFFVLVI,0.023406999999999956,KTYIIFFVLVI,YIIFFVLVI,YMIFFVLVI,Negative,11,9,9,9,9,11,"1,3,8",0.976593,3,1.0986122886681098,substitution,0.0,0.4815912272515166,Negative,1,cedar,23.0545,KTYMIFFVLVI,15.7111,KMIFFVLVI,True,0.383563106896697
KVDIFFLGL,HLA-A0201,1.4561,0,3,0.3288,0.4014,1.4522,HLA-A*02:01,"27198675,27198675,27198675,27198675",KVDIFFLGL,KVDIFSLGL,0,0,1012.0,1004.0,False,Conserved,-2,KVDIFFLGL,-2,KVDIFFLGL,5,0.6931471805599453,KVDIFSLGL,0.08879899999999996,KVDIFFLGL,KVDIFFLGL,KVDIFSLGL,Negative,9,9,9,9,9,9,"1,3,8",0.911201,5,0.6931471805599453,substitution,0.0,0.9973216125266122,"Negative,Negative,Negative,Negative",4,cedar,1.4561,KVDIFSLGL,1.4522,KVDIFSLGL,True,0.210623626576012
KVMCRFRPV,HLA-A0201,4.2067,0,3,0.0402,0.7761,8.1272,HLA-A*02:01,31511069,KVMCRFRPV,KVMCRFRPL,0,0,18.0,10.0,True,Conserved,1,KVMCRFRPV,1,KVMCRFRPV,8,1.791759469228055,KVMCRFRPL,0.014584000000000041,KVMCRFRPV,KVMCRFRPV,KVMCRFRPL,Negative,9,9,9,9,9,9,"1,3,8",0.985416,8,1.791759469228055,substitution,0.0,1.9319656738060715,Negative,1,cedar,4.2067,KVMCRFRPL,8.1272,KVMCRFRPL,True,0.24432504128302687
KVMTDPSRK,HLA-A0301,0.0271,0,3,0.188,0.6301,0.3891,HLA-A*03:01,34518289,KVMTDPSRK,KAMTDPSRK,0,0,238.0,230.0,True,Conserved,0,KVMTDPSRK,0,KVMTDPSRK,1,1.3862943611198906,KAMTDPSRK,0.032313000000000036,KVMTDPSRK,KVMTDPSRK,KAMTDPSRK,Negative,9,9,9,9,9,9,"0,1,8",0.967687,1,1.3862943611198906,substitution,0.0,14.357933579335795,Negative,1,cedar,0.0271,KAMTDPSRK,0.3891,KAMTDPSRK,True,0.22727331145975954
KVVFLFPAV,HLA-A0201,1.1756,0,3,0.0371,0.8453,1.1036,HLA-A*02:01,31511069,KVVFLFPAV,KVVFLSPAV,0,0,127.0,119.0,False,Conserved,-2,KVVFLFPAV,-2,KVVFLFPAV,5,0.6931471805599453,KVVFLSPAV,0.08255299999999999,KVVFLFPAV,KVVFLFPAV,KVVFLSPAV,Negative,9,9,9,9,9,9,"1,3,8",0.917447,5,0.6931471805599453,substitution,0.0,0.9387546784620618,Negative,1,cedar,1.1756,KVVFLSPAV,1.1036,KVVFLSPAV,True,0.1880094862643237
KWRLSLCTV,HLA-A3001,0.7135,0,3,0.0825,0.7264,0.7996,HLA-A*30:01,29895573,KWRLSLCTV,KWRLSHCTV,0,0,383.0,375.0,False,Conserved,-3,KWRLSLCTV,-3,KWRLSLCTV,5,0.6931471805599453,KWRLSHCTV,0.11302000000000001,KWRLSLCTV,KWRLSLCTV,KWRLSHCTV,Negative,9,9,9,9,9,9,"0,1,2,8",0.88698,5,0.6931471805599453,substitution,0.0,1.1206727400140153,Negative,1,cedar,0.7135,KWRLSHCTV,0.7996,KWRLSHCTV,True,0.17743084737786852
KYAFITWLV,HLA-A2402,0.2005,0,3,0.0332,0.738,0.4768,HLA-A*24:02,30880120,KYAFITWLV,NYAFITWLV,0,0,247.0,239.0,False,Conserved,0,KYAFITWLV,0,KYAFITWLV,0,1.3862943611198906,NYAFITWLV,0.022340000000000027,KYAFITWLV,KYAFITWLV,NYAFITWLV,Negative,9,9,9,9,9,9,"1,8",0.97766,0,1.3862943611198906,substitution,0.0,2.378054862842893,Negative,1,cedar,0.2005,NYAFITWLV,0.4768,NYAFITWLV,True,0.394486038190804
LAKELIFRY,HLA-B1501,0.4042,0,3,0.406,0.4642,2.5344,HLA-B*15:01,27198675,LAKELIFRY,LAEELIFRY,0,0,512.0,504.0,False,Improved,1,LAKELIFRY,1,LAKELIFRY,2,0.6931471805599453,LAEELIFRY,0.04143600000000003,LAKELIFRY,LAKELIFRY,LAEELIFRY,Negative,9,9,9,9,9,9,"1,8",0.958564,2,0.6931471805599453,substitution,0.0,6.270163285502227,Negative,1,cedar,0.4042,LAEELIFRY,2.5344,LAEELIFRY,True,0.20854984708610483
LANLETLSHSF,HLA-B1501,1.4059,0,3,2.9567,0.2479,0.3956,HLA-B*15:01,27198675,NLETLSHSF,HLETLSHSF,2,2,1972.0,1962.0,False,Conserved,1,LANTLSHSF,1,NLETLSHSF,0,0.6931471805599453,HLETLSHSF,0.02336400000000005,LANLETLSHSF,NLETLSHSF,HLETLSHSF,Negative,11,9,9,9,9,11,"1,8",0.976636,2,0.6931471805599453,substitution,0.0,0.28138558930222635,Negative,1,cedar,4.8276,LAHLETLSHSF,4.3266,LAHTLSHSF,True,0.12545298635148877
LAYSFQSLLYL,HLA-A0201,1.1039,0,3,1.4992,0.3403,2.3608,HLA-A*02:01,27198675,YSFQSLLYL,LAYPFQSLL,2,0,278.0,268.0,True,Conserved,-1,LSFQSLLYL,-5,YSFQSLLYL,"0,1,2,3,4,5,6,7",2.6390573296152584,LAYPFQSLL,0.191647,LAYSFQSLLYL,YSFQSLLYL,LAYPFQSLL,Negative,11,9,9,9,9,11,"1,3,8",0.808353,3,1.3862943611198906,substitution,0.0,2.1385995108252556,Negative,1,cedar,12.5484,LAYPFQSLLYL,7.0275,LAYPSLLYL,True,0.21378618057303442
LIAVSSCILAK,HLA-A1101,0.0254,0,3,0.8381,0.4752,4.4268,HLA-A*11:01,"34270940,34270940",AVSSCILAK,AVSSCILAM,2,2,449.0,439.0,True,Improved,-1,LIAVSSLAK,-1,AVSSCILAK,8,0.0,AVSSCILAM,0.022313000000000027,LIAVSSCILAK,AVSSCILAK,AVSSCILAM,Negative,11,9,9,9,9,11,"0,1,8",0.977687,10,0.0,substitution,0.0,174.28346456692915,"Negative,Negative",2,cedar,2.3624,LIAVSSCILAM,49.0,LVSSCILAM,True,0.15658000473779535
LIFSATLAYFL,HLA-A0201,3.5768,0,3,2.3981,0.5864,12.5935,HLA-A*02:01,27198675,FSATLAYFL,LIFSATLAY,2,0,251.0,241.0,True,Conserved,-3,LIFSATYFL,-8,FSATLAYFL,"0,1,2,3,4,5,6,7,8",2.8903717578961645,LIFSATLAY,0.14393199999999995,LIFSATLAYFL,FSATLAYFL,LIFSATLAY,Negative,11,9,9,9,9,11,"1,3,8",0.856068,10,1.3862943611198906,substitution,0.0,3.520884589577276,Negative,1,cedar,6.1923,LIFSATLAYFP,28.5926,LIFSATLAP,True,0.2456643388268978
LIMQLMPFGCL,HLA-A0201,7.479,1,3,5.1856,0.4297,7.9042,HLA-A*02:01,"24223798,24223798,24223798,24223798",IMQLMPFGC,QLMPFGCL,1,3,798.0,788.0,True,Conserved,-1,LIMQLMPFL,-16,IMQLMPFGC,"0,1,2,3,4,5,6,7,8",1.6094379124341003,QLMPFG-CL,0.17124700000000004,LIMQLMPFGCL,IMQLMPFGC,QLMPFGCL,Positive,11,9,8,9,8,11,"1,3,8",0.828753,2,0.0,substitution,1.0,1.0568525203904267,"Positive_all,Positive_all,Positive_all,Positive_all",4,cedar,10.8856,LITQLMPFGCL,21.2632,LITQLMPFL,True,0.41576317244567634
LLFLTIFIYA,HLA-A0201,4.1257,1,3,1.0184,0.5831,3.1533,HLA-A*02:01,31324690,FLTIFIYA,FLAIFIYA,2,2,2066.0,2057.0,True,Conserved,0,LLFLTIIYA,-12,FL-TIFIYA,"2,3",,FLA-IFIYA,0.051629999999999954,LLFLTIFIYA,FLTIFIYA,FLAIFIYA,Positive,10,8,8,8,8,10,"1,3,8",0.94837,4,1.3862943611198906,substitution,1.0,0.7643066631117144,Positive_all,1,cedar,5.0411,LLFLAIFIYA,5.5143,LLFLAIIYA,True,0.4531572635242441
LLFSLFFLI,HLA-A0201,1.2876,0,3,0.1335,0.8842,3.2742,HLA-A*02:01,31511069,LLFSLFFLI,LVFSLFFLI,0,0,334.0,326.0,True,Conserved,1,LLFSLFFLI,1,LLFSLFFLI,1,1.791759469228055,LVFSLFFLI,0.02020500000000003,LLFSLFFLI,LLFSLFFLI,LVFSLFFLI,Negative,9,9,9,9,9,9,"1,3,8",0.979795,1,1.791759469228055,substitution,0.0,2.54287045666356,Negative,1,cedar,1.2876,LVFSLFFLI,3.2742,LVFSLFFLI,True,0.4185437290398638
LLGGWFQSSL,HLA-A0201,3.3785,0,3,0.9465,0.6604,4.0077,HLA-A*02:01,31511069,LLGGWFQSSL,QLGGWFQSSL,0,0,617.0,608.0,True,Conserved,-2,LLGGFQSSL,-4,LLGGFQSSL,"0,4,5,6",0.6931471805599453,QLGGWFQSL,0.021353999999999984,LLGGWFQSSL,LLGGWFQSSL,QLGGWFQSSL,Negative,10,10,10,10,10,10,"1,3,8",0.978646,0,0.6931471805599453,substitution,0.0,1.1862364954861626,Negative,1,cedar,3.3785,QLGGWFQSSL,4.0077,QLGGWFQSL,True,0.10404258469037228
LLHGFSFYL,HLA-A0201,0.0857,1,3,0.0091,0.9546,0.0809,HLA-A*02:01,"31685621,31685621,31685621",LLHGFSFYL,LLHGFSFHL,0,0,347.0,339.0,False,Conserved,2,LLHGFSFYL,2,LLHGFSFYL,7,0.6931471805599453,LLHGFSFHL,0.04700700000000002,LLHGFSFYL,LLHGFSFYL,LLHGFSFHL,Positive,9,9,9,9,9,9,"1,3,8",0.952993,7,0.6931471805599453,substitution,1.0,0.9439906651108518,"Positive_all,Positive_all,Positive_all",3,cedar,0.0857,LLHGFSFHL,0.0809,LLHGFSFHL,True,0.349829359063339
LLKAELVAGL,HLA-A0203,0.8527,1,3,0.0563,0.8492,2.3207,HLA-A*02:03,32439798,LLKAELVAGL,LLKAVLVAGL,0,0,1224.0,1215.0,True,Conserved,-2,LLAELVAGL,0,LLAELVAGL,"2,3,4,5,6",2.8903717578961645,LLKAVLVGL,0.06132599999999999,LLKAELVAGL,LLKAELVAGL,LLKAVLVAGL,Positive,10,10,10,10,10,10,"1,8",0.938674,4,0.6931471805599453,substitution,1.0,2.721590242758297,Positive_all,1,cedar,0.8527,LLKAVLVAGL,2.3207,LLKAVLVGL,True,0.152503676517006
LLKEVYQSEHL,HLA-B1501,3.2037,0,3,2.7884,0.5101,4.053,HLA-B*15:01,27198675,LLKEVYQSEH,LLKGVYQSEH,0,0,148.0,138.0,False,Conserved,-2,LLKEVSEHL,-2,LLKEVQSEH,3,0.6931471805599453,LLKGVQSEH,0.07306199999999996,LLKEVYQSEHL,LLKEVYQSEH,LLKGVYQSEH,Negative,11,10,10,10,10,11,"1,8",0.926938,3,0.6931471805599453,substitution,0.0,1.2650997284389924,Negative,1,cedar,5.6044,LLKGVYQSEHL,6.5648,LLKGQSEHL,True,0.16827170383878012
LLKHIFSTG,HLA-B1501,7.078,0,3,2.4643,0.3714,9.1506,HLA-B*15:01,27198675,LLKHIFSTG,LLKHIFPTG,0,0,36.0,28.0,False,Conserved,-1,LLKHIFSTG,-1,LLKHIFSTG,6,1.3862943611198906,LLKHIFPTG,0.07484100000000005,LLKHIFSTG,LLKHIFSTG,LLKHIFPTG,Negative,9,9,9,9,9,9,"1,8",0.925159,6,1.3862943611198906,substitution,0.0,1.2928228313082792,Negative,1,cedar,7.078,LLKHIFPTG,9.1506,LLKHIFPTG,True,0.1727071511612433
LLLFLTIFI,HLA-A0201,1.7142,1,3,0.3965,0.8185,2.9379,HLA-A*02:01,31324690,LLLFLTIFI,LLLFLAIFI,0,0,2064.0,2056.0,False,Conserved,0,LLLFLTIFI,0,LLLFLTIFI,5,1.3862943611198906,LLLFLAIFI,0.04283099999999995,LLLFLTIFI,LLLFLTIFI,LLLFLAIFI,Positive,9,9,9,9,9,9,"1,3,8",0.957169,5,1.3862943611198906,substitution,1.0,1.7138606930346518,Positive_all,1,cedar,1.7142,LLLFLAIFI,2.9379,LLLFLAIFI,True,0.47432325236231754
LLMLLIGFL,HLA-A0201,2.7653,0,3,0.6834,0.7672,3.057,HLA-A*02:01,27198675,LLMLLIGFL,LLMLLIGLL,0,0,67.0,59.0,False,Conserved,0,LLMLLIGFL,0,LLMLLIGFL,7,1.791759469228055,LLMLLIGLL,0.027927999999999953,LLMLLIGFL,LLMLLIGFL,LLMLLIGLL,Negative,9,9,9,9,9,9,"1,3,8",0.972072,7,1.791759469228055,substitution,0.0,1.1054858424040792,Negative,1,cedar,2.7653,LLMLLIGLL,3.057,LLMLLIGLL,True,0.43514692569642377
LLPPVYLTF,HLA-A2402,0.0184,0,3,0.0312,0.7423,0.0428,HLA-A*24:02,30880120,LLPPVYLTF,PLPPVYLTF,0,0,246.0,238.0,False,Conserved,-3,LLPPVYLTF,-3,LLPPVYLTF,0,1.3862943611198906,PLPPVYLTF,0.033599000000000045,LLPPVYLTF,LLPPVYLTF,PLPPVYLTF,Negative,9,9,9,9,9,9,"1,8",0.966401,0,1.3862943611198906,substitution,0.0,2.3260869565217392,Negative,1,cedar,0.0184,PLPPVYLTF,0.0428,PLPPVYLTF,True,0.5431134099386267
LLQDGDIQV,HLA-A0201,0.0277,0,3,0.1786,0.7614,0.0255,HLA-A*02:01,31511069,LLQDGDIQV,LLQEGDIQV,0,0,46.0,38.0,True,Conserved,2,LLQDGDIQV,2,LLQDGDIQV,3,1.3862943611198906,LLQEGDIQV,0.05059899999999995,LLQDGDIQV,LLQDGDIQV,LLQEGDIQV,Negative,9,9,9,9,9,9,"1,3,8",0.949401,3,1.3862943611198906,substitution,0.0,0.9205776173285198,Negative,1,cedar,0.0277,LLQEGDIQV,0.0255,LLQEGDIQV,True,0.35186546257487944
LLQEEAHVPL,HLA-A0201,1.1018,0,3,0.7033,0.693,0.8348,HLA-A*02:01,27198675,LLQEEAHVPL,LLQEGAHVPL,0,0,915.0,906.0,False,Conserved,-2,LLQEEAHVL,-2,LLQEEAHVL,4,0.6931471805599453,LLQEGAHVL,0.08200600000000002,LLQEEAHVPL,LLQEEAHVPL,LLQEGAHVPL,Negative,10,10,10,10,10,10,"1,3,8",0.917994,4,0.6931471805599453,substitution,0.0,0.7576692684697768,Negative,1,cedar,1.1018,LLQEGAHVPL,0.8348,LLQEGAHVL,True,0.12175231606909923
LLSAPPCTQHI,HLA-A0201,3.7436,0,3,2.3657,0.536,4.718,HLA-A*02:01,27198675,LLSAPPCTQHI,LLSAPPCTQRI,0,0,13.0,3.0,False,Conserved,0,LLSAPPQHI,0,LLSPCTQHI,7,0.6931471805599453,LLSPCTQRI,0.03426600000000002,LLSAPPCTQHI,LLSAPPCTQHI,LLSAPPCTQRI,Negative,11,11,11,11,11,11,"1,3,8",0.965734,9,0.6931471805599453,substitution,0.0,1.2602842183994016,Negative,1,cedar,3.7436,LLSAPPCTQRI,4.718,LLSPCTQRI,True,0.08133630677945149
LLSCSADGAV,HLA-A0201,10.706,0,3,1.2209,0.6245,8.3816,HLA-A*02:01,31511069,LLSCSADGAV,LLSCSADGTV,0,0,610.0,601.0,False,Conserved,0,LLSSADGAV,0,LLSSADGAV,7,1.3862943611198906,LLSSADGTV,0.024065000000000003,LLSCSADGAV,LLSCSADGAV,LLSCSADGTV,Negative,10,10,10,10,10,10,"1,3,8",0.975935,8,1.3862943611198906,substitution,0.0,0.7828881001307679,Negative,1,cedar,10.706,LLSCSADGTV,8.3816,LLSSADGTV,True,0.0924787801274653
LLSIIFFPA,HLA-A0201,3.6634,1,3,0.5801,0.784,2.6604,HLA-A*02:01,"25837513,25837513,30418433",LLSIIFFPA,LLSIISFPA,0,0,267.0,259.0,False,Conserved,-2,LLSIIFFPA,-2,LLSIIFFPA,5,0.6931471805599453,LLSIISFPA,0.08441500000000002,LLSIIFFPA,LLSIIFFPA,LLSIISFPA,Positive,9,9,9,9,9,9,"1,3,8",0.915585,5,0.6931471805599453,substitution,0.3333333333333333,0.7262106240104821,"Negative,Negative,Positive_all",3,cedar,3.6634,LLSIISFPA,2.6604,LLSIISFPA,True,0.2831350806157004
LLVEKTTCV,HLA-A0201,0.0962,0,3,0.0817,0.8416,0.2268,HLA-A*02:01,31511069,LLVEKTTCV,LLGEKTTCV,0,0,560.0,552.0,False,Conserved,-3,LLVEKTTCV,-3,LLVEKTTCV,2,1.3862943611198906,LLGEKTTCV,0.07526100000000002,LLVEKTTCV,LLVEKTTCV,LLGEKTTCV,Negative,9,9,9,9,9,9,"1,3,8",0.924739,2,1.3862943611198906,substitution,0.0,2.357588357588358,Negative,1,cedar,0.0962,LLGEKTTCV,0.2268,LLGEKTTCV,True,0.3424286293331076
LLWMNLFVGF,HLA-A2402,0.3437,0,3,0.3086,0.5225,0.1297,HLA-A*24:02,27198675,LWMNLFVGF,LWMNPFVGF,1,1,290.0,281.0,False,Conserved,-3,LWMNLFVGF,-3,LWMNLFVGF,4,1.3862943611198906,LWMNPFVGF,0.12303200000000003,LLWMNLFVGF,LWMNLFVGF,LWMNPFVGF,Negative,10,9,9,9,9,10,"1,8",0.876968,5,1.3862943611198906,substitution,0.0,0.37736398021530404,Negative,1,cedar,1.7686,LLWMNPFVGF,0.6463,LWMNPFVGF,True,0.41355849583290183
LLWMNLFVGF,HLA-A0201,3.98,0,3,0.3086,0.5225,1.9734,HLA-A*02:01,27198675,LLWMNLFV,LLWMNPFV,0,0,290.0,281.0,False,Conserved,-3,LWMNLFVGF,-3,LLW-MNLFV,6,1.3862943611198906,LLW-MNPFV,0.11954900000000002,LLWMNLFVGF,LLWMNLFV,LLWMNPFV,Negative,10,8,8,8,8,10,"1,3,8",0.880451,5,1.3862943611198906,substitution,0.0,0.49582914572864323,Negative,1,cedar,15.0356,LLWMNPFVGF,7.7534,LLMNPFVGF,True,0.41319775467479286
LMMPFSIVYI,HLA-A0201,0.6217,1,3,0.0305,0.9288,0.6981,HLA-A*02:01,30418433,MMPFSIVYI,VMPFSIVYI,1,1,84.0,75.0,False,Conserved,1,LMMPSIVYI,1,MMPFSIVYI,0,0.0,VMPFSIVYI,0.016544000000000003,LMMPFSIVYI,MMPFSIVYI,VMPFSIVYI,Positive,10,9,9,9,9,10,"1,3,8",0.983456,1,0.0,substitution,1.0,1.1228888531446035,Positive_all,1,cedar,0.7295,LVMPFSIVYI,1.7578,LVMPSIVYI,True,0.3988691467357731
LMTLHGFMMY,HLA-A3002,0.124,1,3,0.0542,0.7672,0.0397,HLA-A*30:02,31243155,MTLHGFMMY,MTLDGFMMY,1,1,319.0,310.0,False,Conserved,-1,LMLHGFMMY,-1,MTLHGFMMY,3,0.6931471805599453,MTLDGFMMY,0.09797800000000001,LMTLHGFMMY,MTLHGFMMY,MTLDGFMMY,Positive,10,9,9,9,9,10,"1,8",0.902022,4,0.6931471805599453,substitution,1.0,0.3201612903225806,Positive_all,1,cedar,1.1973,LMTLDGFMMY,0.5465,LTLDGFMMY,True,0.27923028676848666
LPAIMFFVSA,HLA-B5601,0.1449,0,3,0.0095,0.8348,0.061,HLA-B*56:01,33479501,LPAIMFFVSA,LPAIMFSVSA,0,0,162.0,153.0,True,Conserved,-2,LPAMFFVSA,-1,LPAMFFVSA,"3,5",1.6094379124341003,LPAIFSVSA,0.06800399999999995,LPAIMFFVSA,LPAIMFFVSA,LPAIMFSVSA,Negative,10,10,10,10,10,10,"1,8",0.931996,6,0.6931471805599453,substitution,0.0,0.4209799861973775,Negative,1,cedar,0.1449,LPAIMFSVSA,0.061,LPAIFSVSA,True,0.4885172592433794
LPEPDKMLVAV,HLA-B5101,0.1171,0,3,1.1554,0.1781,0.3566,HLA-B*51:01,"34244308,34244308",LPEPDKMLV,LPEQDKMLV,0,0,543.0,533.0,False,Conserved,-1,LPEPDKVAV,-1,LPEPDKMLV,3,0.6931471805599453,LPEQDKMLV,0.09637799999999996,LPEPDKMLVAV,LPEPDKMLV,LPEQDKMLV,Negative,11,9,9,9,9,11,"1,8",0.903622,3,0.6931471805599453,substitution,0.0,3.045260461144321,"Negative,Negative",2,cedar,1.2258,LPEQDKMLVAV,2.9513,LPDKMLVAV,True,0.13359068090930803
LRAAFFGKCF,HLA-B2705,2.3265,1,3,0.5702,0.5196,2.3711,HLA-B*27:05,33479501,LRAAFFGKCF,LRAASFGKCF,0,0,409.0,400.0,False,Conserved,-2,LRAAFFGKF,-2,LRAAFFGKF,4,0.6931471805599453,LRAASFGKF,0.07992299999999997,LRAAFFGKCF,LRAAFFGKCF,LRAASFGKCF,Positive,10,10,10,10,10,10,"1,8",0.920077,4,0.6931471805599453,substitution,1.0,1.0191704276810662,Positive_all,1,cedar,2.3265,LRAASFGKCF,2.3711,LRAASFGKF,True,0.12167676588702957
LRILKVTEFK,HLA-A1101,0.0528,1,3,0.3252,0.5775,0.1118,HLA-A*11:01,"34244308,34244308",RILKVTEFK,RILKETEFK,1,1,713.0,704.0,False,Conserved,-2,LRLKVTEFK,-2,RILKVTEFK,4,0.6931471805599453,RILKETEFK,0.07970999999999995,LRILKVTEFK,RILKVTEFK,RILKETEFK,Positive,10,9,9,9,9,10,"0,1,8",0.92029,5,0.6931471805599453,substitution,0.5,2.117424242424242,"Positive_all,Negative",2,cedar,1.8566,LRILKETEFK,2.1697,LILKETEFK,True,0.18078030066187722
LRILRIKLR,HLA-B2705,0.7057,0,3,0.4405,0.5459,1.237,HLA-B*27:05,34518289,LRILRIKLR,LRILRMKLR,0,0,416.0,408.0,False,Conserved,1,LRILRIKLR,1,LRILRIKLR,5,1.0986122886681098,LRILRMKLR,0.040722999999999954,LRILRIKLR,LRILRIKLR,LRILRMKLR,Negative,9,9,9,9,9,9,"1,8",0.959277,5,1.0986122886681098,substitution,0.0,1.752869491285249,Negative,1,cedar,0.7057,LRILRMKLR,1.237,LRILRMKLR,True,0.269410376687221
LSYCLPPTF,HLA-B1501,1.2828,0,3,0.012,0.4486,7.877,HLA-B*15:01,27198675,LSYCLPPTF,PSYCLPPTF,0,0,1049.0,1041.0,False,Improved,-3,LSYCLPPTF,-3,LSYCLPPTF,0,1.3862943611198906,PSYCLPPTF,0.03645699999999996,LSYCLPPTF,LSYCLPPTF,PSYCLPPTF,Negative,9,9,9,9,9,9,"1,8",0.963543,0,1.3862943611198906,substitution,0.0,6.140473963205488,Negative,1,cedar,1.2828,PSYCLPPTF,7.877,PSYCLPPTF,True,0.17819404941558414
LTLFWAPPER,HLA-A1101,0.4071,0,3,0.2632,0.7316,1.1579,HLA-A*11:01,27198675,TLFWAPPER,TLSWAPPER,1,1,478.0,469.0,False,Conserved,-2,LTFWAPPER,-2,TLFWAPPER,2,0.6931471805599453,TLSWAPPER,0.08975299999999997,LTLFWAPPER,TLFWAPPER,TLSWAPPER,Negative,10,9,9,9,9,10,"0,1,8",0.910247,3,0.6931471805599453,substitution,0.0,2.844264308523704,Negative,1,cedar,2.0009,LTLSWAPPER,1.8839,LTLSAPPER,True,0.0916753954489163
LVYGPLGAGK,HLA-A0301,0.0494,0,3,0.0437,0.7422,0.0438,HLA-A*03:01,30556813,LVYGPLGAGK,LVYGPSGAGK,0,0,48.0,39.0,False,Conserved,-2,LVYGPGAGK,0,LVYGPGAGK,5,0.6931471805599453,LVYGPSAGK,0.07451300000000005,LVYGPLGAGK,LVYGPLGAGK,LVYGPSGAGK,Negative,10,10,10,10,10,10,"0,1,8",0.925487,5,0.6931471805599453,substitution,0.0,0.8866396761133603,Negative,1,cedar,0.0494,LVYGPSGAGK,0.0438,LVYGPSAGK,True,0.309576792380279
LWMNLFVGF,HLA-A2402,0.3437,0,3,0.0894,0.6583,0.1297,HLA-A*24:02,27198675,LWMNLFVGF,LWMNPFVGF,0,0,290.0,282.0,False,Conserved,-3,LWMNLFVGF,-3,LWMNLFVGF,4,1.3862943611198906,LWMNPFVGF,0.12303200000000003,LWMNLFVGF,LWMNLFVGF,LWMNPFVGF,Negative,9,9,9,9,9,9,"1,8",0.876968,4,1.3862943611198906,substitution,0.0,0.37736398021530404,Negative,1,cedar,0.3437,LWMNPFVGF,0.1297,LWMNPFVGF,True,0.5124955037577291
LWMNLFVGFRF,HLA-A2402,0.3437,0,3,0.2055,0.5725,0.1297,HLA-A*24:02,27198675,LWMNLFVGF,LWMNPFVGF,0,0,292.0,282.0,False,Conserved,-3,LWMNVGFRF,-3,LWMNLFVGF,4,1.3862943611198906,LWMNPFVGF,0.12303200000000003,LWMNLFVGFRF,LWMNLFVGF,LWMNPFVGF,Negative,11,9,9,9,9,11,"1,8",0.876968,4,1.3862943611198906,substitution,0.0,0.37736398021530404,Negative,1,cedar,0.8325,LWMNPFVGFRF,0.333,LWMNPGFRF,True,0.23986414080816532
LYQFILKAL,HLA-A2402,0.4134,0,3,0.0723,0.7689,0.3514,HLA-A*24:02,"34270940,34270940",LYQFILKAL,LYQIILKAL,0,0,137.0,129.0,False,Conserved,0,LYQFILKAL,0,LYQFILKAL,3,0.6931471805599453,LYQIILKAL,0.06200099999999997,LYQFILKAL,LYQFILKAL,LYQIILKAL,Negative,9,9,9,9,9,9,"1,8",0.937999,3,0.6931471805599453,substitution,0.0,0.8500241896468311,"Negative,Negative",2,cedar,0.4134,LYQIILKAL,0.3514,LYQIILKAL,True,0.2891633221269843
MAHVSVVPVF,HLA-B1501,2.4474,0,3,0.0724,0.482,12.3397,HLA-B*15:01,27198675,HVSVVPVF,MAHVSVVPV,2,0,292.0,283.0,True,Conserved,-2,MHVSVVPVF,-16,HVS-VVPVF,"0,1,2,3,4,6,7,8",1.0986122886681098,MAHVSVVPV,0.126232,MAHVSVVPVF,HVSVVPVF,MAHVSVVPV,Negative,10,8,9,8,9,10,"1,8",0.873768,9,0.6931471805599453,substitution,0.0,5.041962899403448,Negative,1,cedar,3.0347,MAHVSVVPVS,53.3333,MAHSVVPVS,True,0.17318569895451447
MASISSFLLVR,HLA-A1101,0.1737,0,3,0.3463,0.7052,0.2496,HLA-A*11:01,27198675,SISSFLLVR,SISSSLLVR,2,2,84.0,74.0,False,Conserved,-2,MASISSFLR,-2,SISSFLLVR,4,0.6931471805599453,SISSSLLVR,0.07150199999999995,MASISSFLLVR,SISSFLLVR,SISSSLLVR,Negative,11,9,9,9,9,11,"0,1,8",0.928498,6,0.6931471805599453,substitution,0.0,1.4369602763385148,Negative,1,cedar,4.9655,MASISSSLLVR,3.7992,ASISSSLLR,True,0.18755100557484444
MEAIRLYQF,HLA-B1801,0.0525,1,3,0.0319,0.4994,0.0613,HLA-B*18:01,32226429,MEAIRLYQF,MEAIWLYQF,0,0,9.0,1.0,False,Conserved,-3,MEAIRLYQF,-3,MEAIRLYQF,4,0.6931471805599453,MEAIWLYQF,0.13251199999999996,MEAIRLYQF,MEAIRLYQF,MEAIWLYQF,Positive,9,9,9,9,9,9,"1,8",0.867488,4,0.6931471805599453,substitution,1.0,1.1676190476190478,Positive_all,1,cedar,0.0525,MEAIWLYQF,0.0613,MEAIWLYQF,True,0.4004485353598472
MGFFRRSVIK,HLA-A1101,3.1519,0,3,0.3002,0.6309,3.1519,HLA-A*11:01,"34270940,34270940",GFFRRSVIK,GFFRRSVIK,1,1,128.0,119.0,False,Conserved,-1,MFFRRSVIK,5,GFFRRSVIK,-1,,GFFRRSVIK,0.0,MGFFRRSVIK,GFFRRSVIK,GFFRRSVIK,Negative,10,9,9,9,9,10,"0,1,8",1.0,0,0.0,substitution,0.0,1.0,"Negative,Negative",2,cedar,4.4565,KGFFRRSVIK,3.8429,KGFFRSVIK,True,0.1969532072462638
MHENFTNLL,HLA-B3801,0.0054,0,3,0.0077,0.7049,3.285,HLA-B*38:01,33479501,MHENFTNLL,MLENFTNLL,0,0,45.0,37.0,True,Improved,-3,MHENFTNLL,-3,MHENFTNLL,1,0.6931471805599453,MLENFTNLL,0.06622499999999998,MHENFTNLL,MHENFTNLL,MLENFTNLL,Negative,9,9,9,9,9,9,"1,8",0.933775,1,0.6931471805599453,substitution,0.0,608.3333333333334,Negative,1,cedar,0.0054,MLENFTNLL,3.285,MLENFTNLL,True,0.2989520287255195
MIMLGDKKKTF,HLA-B3501,5.1028,0,3,1.1292,0.3586,3.1866,HLA-B*35:01,27198675,MLGDKKKTF,MLGDKEKTF,2,2,1085.0,1075.0,False,Conserved,1,MIMDKKKTF,1,MLGDKKKTF,5,0.6931471805599453,MLGDKEKTF,0.04995799999999995,MIMLGDKKKTF,MLGDKKKTF,MLGDKEKTF,Negative,11,9,9,9,9,11,"1,8",0.950042,7,0.6931471805599453,substitution,0.0,0.6244806772752214,Negative,1,cedar,6.3688,MIMLGDKEKTF,5.5305,MIMLGDKTF,True,0.0908099469866632
MLAEKTVQV,HLA-A0201,0.0028,0,3,0.007,0.9318,2.7602,HLA-A*02:01,33479501,MLAEKTVQV,MPAEKTVQV,0,0,56.0,48.0,True,Improved,-3,MLAEKTVQV,-3,MLAEKTVQV,1,1.3862943611198906,MPAEKTVQV,0.05982900000000002,MLAEKTVQV,MLAEKTVQV,MPAEKTVQV,Negative,9,9,9,9,9,9,"1,3,8",0.940171,1,1.3862943611198906,substitution,0.0,985.7857142857143,Negative,1,cedar,0.0028,MPAEKTVQV,2.7602,MPAEKTVQV,True,0.328749766611173
MLAEQLKQA,HLA-A0201,0.1563,0,3,0.0798,0.8424,0.1022,HLA-A*02:01,33257508,MLAEQLKQA,KLAEQLKQA,0,0,89.0,81.0,False,Conserved,-1,MLAEQLKQA,-1,MLAEQLKQA,0,0.0,KLAEQLKQA,0.021571000000000007,MLAEQLKQA,MLAEQLKQA,KLAEQLKQA,Negative,9,9,9,9,9,9,"1,3,8",0.978429,0,0.0,substitution,0.0,0.653870761356366,Negative,1,cedar,0.1563,KLAEQLKQA,0.1022,KLAEQLKQA,True,0.12537190631714473
MLLQAYRSV,HLA-A0201,0.5623,0,3,0.2532,0.7769,0.2975,HLA-A*02:01,31511069,MLLQAYRSV,MLLQEYRSV,0,0,428.0,420.0,False,Conserved,-1,MLLQAYRSV,-1,MLLQAYRSV,4,0.6931471805599453,MLLQEYRSV,0.06701500000000005,MLLQAYRSV,MLLQAYRSV,MLLQEYRSV,Negative,9,9,9,9,9,9,"1,3,8",0.932985,4,0.6931471805599453,substitution,0.0,0.5290770051573892,Negative,1,cedar,0.5623,MLLQEYRSV,0.2975,MLLQEYRSV,True,0.1384276449808657
MLMKNISTK,HLA-A0301,0.0651,0,3,0.0475,0.736,0.0986,HLA-A*03:01,30556813,MLMKNISTK,MLMENISTK,0,0,476.0,468.0,False,Conserved,1,MLMKNISTK,1,MLMKNISTK,3,0.6931471805599453,MLMENISTK,0.04791100000000004,MLMKNISTK,MLMKNISTK,MLMENISTK,Negative,9,9,9,9,9,9,"0,1,8",0.952089,3,0.6931471805599453,substitution,0.0,1.5145929339477724,Negative,1,cedar,0.0651,MLMENISTK,0.0986,MLMENISTK,True,0.21480516426160368
MMPFSIVYI,HLA-A0201,0.6217,1,3,0.0413,0.5893,0.6981,HLA-A*02:01,30418433,MMPFSIVYI,VMPFSIVYI,0,0,84.0,76.0,False,Conserved,1,MMPFSIVYI,1,MMPFSIVYI,0,0.0,VMPFSIVYI,0.016544000000000003,MMPFSIVYI,MMPFSIVYI,VMPFSIVYI,Positive,9,9,9,9,9,9,"1,3,8",0.983456,0,0.0,substitution,1.0,1.1228888531446035,Positive_all,1,cedar,0.6217,VMPFSIVYI,0.6981,VMPFSIVYI,True,0.383937696457997
MMPFSIVYIV,HLA-A0201,0.6217,1,3,0.0223,0.7709,0.6981,HLA-A*02:01,30418433,MMPFSIVYI,VMPFSIVYI,0,0,85.0,76.0,False,Conserved,1,MPFSIVYIV,1,MMPFSIVYI,0,0.0,VMPFSIVYI,0.016544000000000003,MMPFSIVYIV,MMPFSIVYI,VMPFSIVYI,Positive,10,9,9,9,9,10,"1,3,8",0.983456,0,0.0,substitution,1.0,1.1228888531446035,Positive_all,1,cedar,2.1167,VMPFSIVYIV,2.5682,VMPFSIVYV,True,0.32862889123060346
MQLMPFGCL,HLA-A0206,2.9937,0,3,0.2261,0.4841,3.5967,HLA-A*02:06,"34244308,34244308",MQLMPFGCL,TQLMPFGCL,0,0,798.0,790.0,False,Conserved,-1,MQLMPFGCL,-1,MQLMPFGCL,0,0.0,TQLMPFGCL,0.02449900000000005,MQLMPFGCL,MQLMPFGCL,TQLMPFGCL,Negative,9,9,9,9,9,9,"1,3,8",0.975501,0,0.0,substitution,0.0,1.2014229882753782,"Negative,Negative",2,cedar,2.9937,TQLMPFGCL,3.5967,TQLMPFGCL,True,0.419074077457257
MQLMPFGCLL,HLA-A0201,0.5522,1,3,0.0553,0.4125,0.5522,HLA-A*02:01,"24223798,24223798,24223798,24223798,24223798",QLMPFGCLL,QLMPFGCLL,1,1,799.0,790.0,False,Conserved,-1,MQMPFGCLL,4,QLMPFGCLL,-1,,QLMPFGCLL,0.0,MQLMPFGCLL,QLMPFGCLL,QLMPFGCLL,Positive,10,9,9,9,9,10,"1,3,8",1.0,0,0.0,substitution,1.0,1.0,"Positive_all,Positive_all,Positive_all,Positive_all,Positive_all",5,cedar,2.9729,TQLMPFGCLL,3.0424,TLMPFGCLL,True,0.4280362341833717
MQLMPFGSLL,HLA-A0201,0.2979,1,3,0.0248,0.401,0.5522,HLA-A*02:01,"32391625,32391625,32391625,32391625,32391625,32391625",QLMPFGSLL,QLMPFGCLL,1,1,799.0,790.0,False,Conserved,-2,MQMPFGSLL,-1,QLMPFGSLL,6,1.3862943611198906,QLMPFGCLL,0.08637700000000004,MQLMPFGSLL,QLMPFGSLL,QLMPFGCLL,Positive,10,9,9,9,9,10,"1,3,8",0.913623,"0,7",1.6094379124341003,substitution,0.8333333333333334,1.8536421617992616,"Positive_all,Positive_all,Positive_all,Positive_all,Negative,Positive_all",6,cedar,1.7626,TQLMPFGCLL,3.0424,TLMPFGCLL,True,0.20338805896670595
MTLHGFMMY,HLA-A3002,0.124,1,3,0.0066,0.8966,0.0397,HLA-A*30:02,31243155,MTLHGFMMY,MTLDGFMMY,0,0,319.0,311.0,False,Conserved,-1,MTLHGFMMY,-1,MTLHGFMMY,3,0.6931471805599453,MTLDGFMMY,0.09797800000000001,MTLHGFMMY,MTLHGFMMY,MTLDGFMMY,Positive,9,9,9,9,9,9,"1,8",0.902022,3,0.6931471805599453,substitution,1.0,0.3201612903225806,Positive_all,1,cedar,0.124,MTLDGFMMY,0.0397,MTLDGFMMY,True,0.3813324435706213
MTLHGFMMY,HLA-A3001,1.8539,1,3,0.0066,0.8966,1.6395,HLA-A*30:01,31243155,MTLHGFMMY,MTLDGFMMY,0,0,319.0,311.0,False,Conserved,-1,MTLHGFMMY,-1,MTLHGFMMY,3,0.6931471805599453,MTLDGFMMY,0.09797800000000001,MTLHGFMMY,MTLHGFMMY,MTLDGFMMY,Positive,9,9,9,9,9,9,"0,1,2,8",0.902022,3,0.6931471805599453,substitution,1.0,0.884351906791089,Positive_all,1,cedar,1.8539,MTLDGFMMY,1.6395,MTLDGFMMY,True,0.3197429588715909
NHARIDAAKV,HLA-B3801,1.2771,0,3,0.4658,0.3571,3.6569,HLA-B*38:01,29895573,NHARIDAAKV,NHARIDAAE,0,0,150.0,141.0,True,Conserved,-2,NHARIDAAV,-3,NHARIDAKV,"7,8",0.6931471805599453,NHARIDAAE,0.041344999999999965,NHARIDAAKV,NHARIDAAKV,NHARIDAAE,Negative,10,10,9,10,9,10,"1,8",0.958655,"8,9",1.791759469228055,substitution,0.0,2.863440607626654,Negative,1,cedar,1.2771,NHARIDAAEG,13.1851,NHARIDAAG,True,0.11458890111486121
NLFNRYLAL,HLA-A0201,0.3017,1,3,0.0075,0.8264,0.2078,HLA-A*02:01,30418433,NLFNRYLAL,NLFNRYPAL,0,0,377.0,369.0,False,Conserved,-3,NLFNRYLAL,-3,NLFNRYLAL,6,1.3862943611198906,NLFNRYPAL,0.09471200000000002,NLFNRYLAL,NLFNRYLAL,NLFNRYPAL,Positive,9,9,9,9,9,9,"1,3,8",0.905288,6,1.3862943611198906,substitution,1.0,0.6887636725223732,Positive_all,1,cedar,0.3017,NLFNRYPAL,0.2078,NLFNRYPAL,True,0.16032661651753546
NLGENKHYDV,HLA-A0201,3.0115,0,3,3.1146,0.5374,2.338,HLA-A*02:01,31511069,NLGENKHYDV,NLGENKHYEV,0,0,97.0,88.0,False,Conserved,2,NLGENKHYV,4,NLGENKHYV,-1,,NLGENKHYV,0.025208000000000008,NLGENKHYDV,NLGENKHYDV,NLGENKHYEV,Negative,10,10,10,10,10,10,"1,3,8",0.974792,8,1.3862943611198906,substitution,0.0,0.7763572970280592,Negative,1,cedar,3.0115,NLGENKHYEV,2.338,NLGENKHYV,True,0.10814909896667332
NLIFVFYML,HLA-A0201,2.2216,0,3,0.5518,0.7888,1.7489,HLA-A*02:01,24323902,NLIFVFYML,NLFFVFYML,0,0,37.0,29.0,False,Conserved,0,NLIFVFYML,0,NLIFVFYML,2,0.6931471805599453,NLFFVFYML,0.04786199999999996,NLIFVFYML,NLIFVFYML,NLFFVFYML,Negative,9,9,9,9,9,9,"1,3,8",0.952138,2,0.6931471805599453,substitution,0.0,0.7872254231184731,Negative,1,cedar,2.2216,NLFFVFYML,1.7489,NLFFVFYML,True,0.5355213813837301
NLNKHRRYK,HLA-A1101,2.4965,0,3,0.8216,0.5306,31.0,HLA-A*11:01,"34244308,34244308",NLNKHRRYK,NLNKHRRY,0,0,1596.0,1588.0,True,Conserved,1,NLNKHRRYK,-11,NLNKHRRYK,"3,4,5,7,8",,NLN-KHRRY,0.04756300000000002,NLNKHRRYK,NLNKHRRYK,NLNKHRRY,Negative,9,9,8,9,8,9,"0,1,8",0.952437,8,0.6931471805599453,substitution,0.0,12.417384338073301,"Negative,Negative",2,cedar,2.4965,NLNKHRRYE,44.0,NLNKHRRYE,True,0.1177403876170008
NSKKKWFLF,HLA-A2402,1.0977,0,3,0.9439,0.4053,1.4794,HLA-A*24:02,33479501,NSKKKWFLF,NSKKKWFFF,0,0,1056.0,1048.0,False,Conserved,0,NSKKKWFLF,0,NSKKKWFLF,7,1.791759469228055,NSKKKWFFF,0.03900899999999996,NSKKKWFLF,NSKKKWFLF,NSKKKWFFF,Negative,9,9,9,9,9,9,"1,8",0.960991,7,1.791759469228055,substitution,0.0,1.3477270656827915,Negative,1,cedar,1.0977,NSKKKWFFF,1.4794,NSKKKWFFF,True,0.12290947954045851
NVDQKVIQASM,HLA-B3501,2.396,0,3,1.7377,0.1826,6.1654,HLA-B*35:01,27198675,DQKVIQASM,NVDQKVIQA,2,0,1203.0,1193.0,True,Conserved,0,NVDQKQASM,-11,DQKVIQASM,"0,1,2,3,4,5,6,7,8",1.0986122886681098,NVDQKVIQA,0.13867700000000005,NVDQKVIQASM,DQKVIQASM,NVDQKVIQA,Negative,11,9,9,9,9,11,"1,8",0.861323,9,0.6931471805599453,substitution,0.0,2.573205342237062,Negative,1,cedar,6.3217,NVDQKVIQAGM,11.9211,NVDQKVIQM,True,0.14586329123947261
NYICNSSCM,HLA-C0702,1.4185,0,3,0.0815,0.7576,1.8283,HLA-C*07:02,"34244308,34244308",NYICNSSCM,NYMCNSSCM,0,0,243.0,235.0,False,Conserved,1,NYICNSSCM,1,NYICNSSCM,2,1.0986122886681098,NYMCNSSCM,0.04403400000000002,NYICNSSCM,NYICNSSCM,NYMCNSSCM,Negative,9,9,9,9,9,9,"1,8",0.955966,2,1.0986122886681098,substitution,0.0,1.2888967218893197,"Negative,Negative",2,cedar,1.4185,NYMCNSSCM,1.8283,NYMCNSSCM,True,0.19569558584508215
PPPSRPISPA,HLA-B0702,2.1375,0,3,3.827,0.1136,2.4985,HLA-B*07:02,27198675,PPSRPISPA,PPSRPIPPA,1,1,843.0,834.0,False,Conserved,-1,PPSRPISPA,-1,PPSRPISPA,6,1.3862943611198906,PPSRPIPPA,0.06708499999999995,PPPSRPISPA,PPSRPISPA,PPSRPIPPA,Negative,10,9,9,9,9,10,"1,8",0.932915,7,1.3862943611198906,substitution,0.0,1.1688888888888889,Negative,1,cedar,8.3361,PPPSRPIPPA,10.1572,PPPSRPPPA,True,0.17263965374190343
PPSRPISPA,HLA-B0702,2.1375,0,3,0.8471,0.2565,2.4985,HLA-B*07:02,27198675,PPSRPISPA,PPSRPIPPA,0,0,843.0,835.0,False,Conserved,-1,PPSRPISPA,-1,PPSRPISPA,6,1.3862943611198906,PPSRPIPPA,0.06708499999999995,PPSRPISPA,PPSRPISPA,PPSRPIPPA,Negative,9,9,9,9,9,9,"1,8",0.932915,6,1.3862943611198906,substitution,0.0,1.1688888888888889,Negative,1,cedar,2.1375,PPSRPIPPA,2.4985,PPSRPIPPA,True,0.142609810194701
PYALVRLGI,HLA-A2402,0.5732,0,3,0.3521,0.508,9.7029,HLA-A*24:02,27198675,PYALVRLGI,PYALVRLGT,0,0,366.0,358.0,True,Improved,-1,PYALVRLGI,-1,PYALVRLGI,8,1.0986122886681098,PYALVRLGT,0.018823000000000034,PYALVRLGI,PYALVRLGI,PYALVRLGT,Negative,9,9,9,9,9,9,"1,8",0.981177,8,1.0986122886681098,substitution,0.0,16.92759944173063,Negative,1,cedar,0.5732,PYALVRLGT,9.7029,PYALVRLGT,True,0.1784783654017149
PYTRDQIMTI,HLA-A2402,0.64,0,3,0.5885,0.4324,0.6186,HLA-A*24:02,27198675,PYTRDQIMTI,PYTRDQIVTI,0,0,441.0,432.0,False,Conserved,1,PYTDQIMTI,1,PYTDQIMTI,6,0.0,PYTDQIVTI,0.034026,PYTRDQIMTI,PYTRDQIMTI,PYTRDQIVTI,Negative,10,10,10,10,10,10,"1,8",0.965974,7,0.0,substitution,0.0,0.9665625,Negative,1,cedar,0.64,PYTRDQIVTI,0.6186,PYTDQIVTI,True,0.13425521039868277
PYTRDQIMTIL,HLA-A2402,0.64,0,3,3.5945,0.1838,0.6186,HLA-A*24:02,27198675,PYTRDQIMTI,PYTRDQIVTI,0,0,442.0,432.0,False,Conserved,1,PYTRDQIML,1,PYTDQIMTI,6,0.0,PYTDQIVTI,0.034026,PYTRDQIMTIL,PYTRDQIMTI,PYTRDQIVTI,Negative,11,10,10,10,10,11,"1,8",0.965974,7,0.0,substitution,0.0,0.9665625,Negative,1,cedar,2.7519,PYTRDQIVTIL,2.0755,PYTQIVTIL,True,0.15791886906949648
QFMGVIMFI,HLA-A2402,0.9536,0,3,0.5355,0.4479,1.0131,HLA-A*24:02,"34270940,34270940",QFMGVIMFI,QFMGVVMFI,0,0,161.0,153.0,False,Conserved,3,QFMGVIMFI,3,QFMGVIMFI,5,1.0986122886681098,QFMGVVMFI,0.01679699999999995,QFMGVIMFI,QFMGVIMFI,QFMGVVMFI,Negative,9,9,9,9,9,9,"1,8",0.983203,5,1.0986122886681098,substitution,0.0,1.0623951342281879,"Negative,Negative",2,cedar,0.9536,QFMGVVMFI,1.0131,QFMGVVMFI,True,0.43088628851637967
QLIMQLMPF,HLA-A0206,9.6765,0,3,0.0547,0.7513,3.9669,HLA-A*02:06,"34244308,34244308",QLIMQLMPF,QLITQLMPF,0,0,795.0,787.0,True,Conserved,-1,QLIMQLMPF,-1,QLIMQLMPF,3,0.0,QLITQLMPF,0.06527499999999997,QLIMQLMPF,QLIMQLMPF,QLITQLMPF,Negative,9,9,9,9,9,9,"1,3,8",0.934725,3,0.0,substitution,0.0,0.4099519454348163,"Negative,Negative",2,cedar,9.6765,QLITQLMPF,3.9669,QLITQLMPF,True,0.41751807406502295
QLPDFVNQL,HLA-A0201,0.0444,1,3,0.2267,0.7833,0.1125,HLA-A*02:01,34290406,QLPDFVNQL,QLPDSVNQL,0,0,609.0,601.0,False,Conserved,-2,QLPDFVNQL,-2,QLPDFVNQL,4,0.6931471805599453,QLPDSVNQL,0.10121199999999997,QLPDFVNQL,QLPDFVNQL,QLPDSVNQL,Positive,9,9,9,9,9,9,"1,3,8",0.898788,4,0.6931471805599453,substitution,1.0,2.5337837837837838,Positive_all,1,cedar,0.0444,QLPDSVNQL,0.1125,QLPDSVNQL,True,0.33193857877605115
QMKNPILEL,HLA-B0801,0.1335,0,3,2.0211,0.5544,12.1622,HLA-B*08:01,30556813,QMKNPILEL,QMKNPILER,0,0,171.0,163.0,True,Improved,-2,QMKNPILEL,-2,QMKNPILEL,8,1.3862943611198906,QMKNPILER,0.026781999999999972,QMKNPILEL,QMKNPILEL,QMKNPILER,Negative,9,9,9,9,9,9,"1,4,8",0.973218,8,1.3862943611198906,substitution,0.0,91.10262172284644,Negative,1,cedar,0.1335,QMKNPILER,12.1622,QMKNPILER,True,0.21850123388903017
QPSFSHLVA,HLA-B0702,0.5584,0,3,0.0547,0.5376,0.2862,HLA-B*07:02,27198675,QPSFSHLVA,QPSFPHLVA,0,0,100.0,92.0,False,Conserved,-1,QPSFSHLVA,-1,QPSFSHLVA,4,1.3862943611198906,QPSFPHLVA,0.09084199999999998,QPSFSHLVA,QPSFSHLVA,QPSFPHLVA,Negative,9,9,9,9,9,9,"1,8",0.909158,4,1.3862943611198906,substitution,0.0,0.5125358166189112,Negative,1,cedar,0.5584,QPSFPHLVA,0.2862,QPSFPHLVA,True,0.15238867127767133
QPSFSHLVA,HLA-B3501,1.0511,0,3,0.0547,0.5376,0.7869,HLA-B*35:01,27198675,QPSFSHLVA,QPSFPHLVA,0,0,100.0,92.0,False,Conserved,-1,QPSFSHLVA,-1,QPSFSHLVA,4,1.3862943611198906,QPSFPHLVA,0.09084199999999998,QPSFSHLVA,QPSFSHLVA,QPSFPHLVA,Negative,9,9,9,9,9,9,"1,8",0.909158,4,1.3862943611198906,substitution,0.0,0.7486442774236515,Negative,1,cedar,1.0511,QPSFPHLVA,0.7869,QPSFPHLVA,True,0.1407391889643448
QPSFSHLVAF,HLA-B3501,0.1547,0,3,0.1405,0.6561,0.0789,HLA-B*35:01,27198675,QPSFSHLVAF,QPSFPHLVAF,0,0,101.0,92.0,False,Conserved,-1,QPFSHLVAF,-1,QPFSHLVAF,3,1.3862943611198906,QPFPHLVAF,0.07860699999999998,QPSFSHLVAF,QPSFSHLVAF,QPSFPHLVAF,Negative,10,10,10,10,10,10,"1,8",0.921393,4,1.3862943611198906,substitution,0.0,0.5100193923723335,Negative,1,cedar,0.1547,QPSFPHLVAF,0.0789,QPFPHLVAF,True,0.1884792918905958
QPSFSHLVAF,HLA-B0702,0.2734,0,3,0.1405,0.6561,0.139,HLA-B*07:02,27198675,QPSFSHLVAF,QPSFPHLVAF,0,0,101.0,92.0,False,Conserved,-1,QPFSHLVAF,-1,QPSSHLVAF,3,1.3862943611198906,QPSPHLVAF,0.07860699999999998,QPSFSHLVAF,QPSFSHLVAF,QPSFPHLVAF,Negative,10,10,10,10,10,10,"1,8",0.921393,4,1.3862943611198906,substitution,0.0,0.5084125822970008,Negative,1,cedar,0.2734,QPSFPHLVAF,0.139,QPSPHLVAF,True,0.17573538615624174
QQEIQILKAL,HLA-B4001,0.0239,0,3,0.2555,0.4806,0.0098,HLA-B*40:01,"34244308,34244308",QEIQILKAL,REIQILKAL,1,1,878.0,869.0,False,Conserved,1,QEIQILKAL,1,QEIQILKAL,0,0.6931471805599453,REIQILKAL,0.01654,QQEIQILKAL,QEIQILKAL,REIQILKAL,Negative,10,9,9,9,9,10,"1,8",0.98346,1,0.6931471805599453,substitution,0.0,0.41004184100418406,"Negative,Negative",2,cedar,0.3561,QREIQILKAL,0.356,QEIQILKAL,True,0.15857771464848952
REMEKGSPF,HLA-A2402,3.7841,0,3,0.0078,0.8136,51.25,HLA-A*24:02,27198675,REMEKGSPF,REMEKGSPS,0,0,690.0,682.0,True,Conserved,-2,REMEKGSPF,-2,REMEKGSPF,8,0.6931471805599453,REMEKGSPS,0.02864500000000003,REMEKGSPF,REMEKGSPF,REMEKGSPS,Negative,9,9,9,9,9,9,"1,8",0.971355,8,0.6931471805599453,substitution,0.0,13.543511006580164,Negative,1,cedar,3.7841,REMEKGSPS,51.25,REMEKGSPS,True,0.06985231006548741
REMEKGSPF,HLA-B0702,2.3125,0,3,0.0078,0.8136,14.8614,HLA-B*07:02,27198675,REMEKGSPF,REMEKGSPS,0,0,690.0,682.0,True,Conserved,-2,REMEKGSPF,-2,REMEKGSPF,8,0.6931471805599453,REMEKGSPS,0.02864500000000003,REMEKGSPF,REMEKGSPF,REMEKGSPS,Negative,9,9,9,9,9,9,"1,8",0.971355,8,0.6931471805599453,substitution,0.0,6.4265513513513515,Negative,1,cedar,2.3125,REMEKGSPS,14.8614,REMEKGSPS,True,0.07434347877859461
REMEKGSPFL,HLA-B0702,2.3125,0,3,0.0086,0.794,2.3315,HLA-B*07:02,27198675,REMEKGSPF,EMEKGSPSL,0,1,691.0,682.0,True,Conserved,-2,REMEKGPFL,-7,REMEKGSPF,"0,1,2,3,4,5,6,7,8",2.8903717578961645,EMEKGSPSL,0.10223199999999999,REMEKGSPFL,REMEKGSPF,EMEKGSPSL,Negative,10,9,9,9,9,10,"1,8",0.897768,8,0.6931471805599453,substitution,0.0,1.0082162162162163,Negative,1,cedar,5.1875,REMEKGSPSL,2.8955,REMEKGSSL,True,0.07744346886545651
REVFLLKSL,HLA-B4002,0.016,1,3,0.0095,0.7936,0.0095,HLA-B*40:02,"34290406,34290406",REVFLLKSL,REVLLLKSL,0,0,458.0,450.0,False,Conserved,0,REVFLLKSL,0,REVFLLKSL,3,1.791759469228055,REVLLLKSL,0.05084500000000003,REVFLLKSL,REVFLLKSL,REVLLLKSL,Positive,9,9,9,9,9,9,"1,8",0.949155,3,1.791759469228055,substitution,1.0,0.59375,"Positive_all,Positive_all",2,cedar,0.016,REVLLLKSL,0.0095,REVLLLKSL,True,0.43831934047922844
RHRLGRDPL,HLA-B0702,2.2391,0,3,0.7534,0.3544,2.312,HLA-B*07:02,31511069,RHRLGRDPL,RHRMGRDPL,0,0,23.0,15.0,False,Conserved,2,RHRLGRDPL,2,RHRLGRDPL,3,0.6931471805599453,RHRMGRDPL,0.039351000000000025,RHRLGRDPL,RHRLGRDPL,RHRMGRDPL,Negative,9,9,9,9,9,9,"1,8",0.960649,3,0.6931471805599453,substitution,0.0,1.03255772408557,Negative,1,cedar,2.2391,RHRMGRDPL,2.312,RHRMGRDPL,True,0.08128298304499207
RIECIFFSV,HLA-A0201,3.0189,1,3,0.531,0.7923,43.4286,HLA-A*02:01,"35193931,35193931,35193931,35193931,35193931,35193931",RIECIFFSV,RIECIFFS,0,0,14.0,6.0,True,Conserved,-2,RIECIFFSV,-15,RIECIFFSV,"2,3,4,5,7,8",0.0,RI-ECIFFS,0.04971199999999998,RIECIFFSV,RIECIFFSV,RIECIFFS,Positive,9,9,8,9,8,9,"1,3,8",0.950288,8,0.6931471805599453,substitution,0.5,14.385570903309153,"Positive_all,Negative,Positive_all,Positive_all,Negative,Negative",6,cedar,3.0189,RIECIFFSE,51.3333,RIECIFFSE,True,0.1907699166836716
RILKVTEFK,HLA-A1101,0.0528,1,3,0.0466,0.7157,0.1118,HLA-A*11:01,"34244308,34244308",RILKVTEFK,RILKETEFK,0,0,713.0,705.0,False,Conserved,-2,RILKVTEFK,-2,RILKVTEFK,4,0.6931471805599453,RILKETEFK,0.07970999999999995,RILKVTEFK,RILKVTEFK,RILKETEFK,Positive,9,9,9,9,9,9,"0,1,8",0.92029,4,0.6931471805599453,substitution,0.5,2.117424242424242,"Positive_all,Negative",2,cedar,0.0528,RILKETEFK,0.1118,RILKETEFK,True,0.3620131511718913
RILKVTEFKK,HLA-A1101,0.0528,1,3,0.1189,0.6652,0.1118,HLA-A*11:01,"34244308,34244308",RILKVTEFK,RILKETEFK,0,0,714.0,705.0,False,Conserved,-2,RILKVTFKK,-2,RILKVTEFK,4,0.6931471805599453,RILKETEFK,0.07970999999999995,RILKVTEFKK,RILKVTEFK,RILKETEFK,Negative,10,9,9,9,9,10,"0,1,8",0.92029,4,0.6931471805599453,substitution,0.0,2.117424242424242,"Negative,Negative",2,cedar,0.4118,RILKETEFKK,0.3357,RILKETFKK,True,0.16468341734455055
RLDTSVIFEGL,HLA-A0201,1.1995,0,3,2.6793,0.5665,1.1823,HLA-A*02:01,31511069,RLDTSVIFEGL,RLDTSVIFEAL,0,0,112.0,102.0,False,Conserved,0,RLDTSVIFL,4,RLDTSVIFL,-1,,RLDTSVIFL,0.01973899999999995,RLDTSVIFEGL,RLDTSVIFEGL,RLDTSVIFEAL,Negative,11,11,11,11,11,11,"1,3,8",0.980261,9,1.3862943611198906,substitution,0.0,0.9856606919549812,Negative,1,cedar,1.1995,RLDTSVIFEAL,1.1823,RLDTSVIFL,True,0.14065344231748766
RLHSEAAYTL,HLA-A0201,0.6949,0,3,0.0161,0.59,21.1974,HLA-A*02:01,27198675,RLHSEAAYTL,RPHSEAAYTL,0,0,780.0,771.0,True,Improved,-3,RHSEAAYTL,-3,RLSEAAYTL,1,1.3862943611198906,RPSEAAYTL,0.04708199999999996,RLHSEAAYTL,RLHSEAAYTL,RPHSEAAYTL,Negative,10,10,10,10,10,10,"1,3,8",0.952918,1,1.3862943611198906,substitution,0.0,30.50424521513887,Negative,1,cedar,0.6949,RPHSEAAYTL,21.1974,RPSEAAYTL,True,0.08394474869016777
RLIELIRRA,HLA-A0201,0.1244,0,3,0.1619,0.8035,0.0783,HLA-A*02:01,31511069,RLIELIRRA,RLIELIRSA,0,0,119.0,111.0,False,Conserved,-1,RLIELIRRA,-1,RLIELIRRA,7,1.791759469228055,RLIELIRSA,0.037899000000000016,RLIELIRRA,RLIELIRRA,RLIELIRSA,Negative,9,9,9,9,9,9,"1,3,8",0.962101,7,1.791759469228055,substitution,0.0,0.6294212218649518,Negative,1,cedar,0.1244,RLIELIRSA,0.0783,RLIELIRSA,True,0.281797378465648
RLIELIRRAK,HLA-A0301,0.1391,0,3,0.1357,0.6706,0.0652,HLA-A*03:01,31511069,RLIELIRRAK,RLIELIRSAK,0,0,120.0,111.0,False,Conserved,-1,RLIELIRAK,1,RLIELIRAK,7,1.3862943611198906,RLIELIRSK,0.040490000000000026,RLIELIRRAK,RLIELIRRAK,RLIELIRSAK,Negative,10,10,10,10,10,10,"0,1,8",0.95951,7,1.791759469228055,substitution,0.0,0.46872753414809487,Negative,1,cedar,0.1391,RLIELIRSAK,0.0652,RLIELIRSK,True,0.2515972306209879
RLLKHIFST,HLA-A0201,0.2279,0,3,0.2582,0.7337,0.5811,HLA-A*02:01,27198675,RLLKHIFST,RLLKHIFPT,0,0,35.0,27.0,False,Conserved,-1,RLLKHIFST,-1,RLLKHIFST,7,1.3862943611198906,RLLKHIFPT,0.05347000000000002,RLLKHIFST,RLLKHIFST,RLLKHIFPT,Negative,9,9,9,9,9,9,"1,3,8",0.94653,7,1.3862943611198906,substitution,0.0,2.5498025449758663,Negative,1,cedar,0.2279,RLLKHIFPT,0.5811,RLLKHIFPT,True,0.21914921294130568
RMIDVQNWAYF,HLA-A2402,0.882,0,3,0.2054,0.664,0.8827,HLA-A*24:02,"34270940,34270940",RMIDVQNWAYF,RMIDVQNRAYF,0,0,158.0,148.0,False,Conserved,-3,RMIDVQNYF,6,RMIDVQNYF,-1,,RMIDVQNYF,0.09290399999999999,RMIDVQNWAYF,RMIDVQNWAYF,RMIDVQNRAYF,Negative,11,11,11,11,11,11,"1,8",0.907096,7,0.6931471805599453,substitution,0.0,1.0007936507936508,"Negative,Negative",2,cedar,0.882,RMIDVQNRAYF,0.8827,RMIDVQNYF,True,0.18168679246154712
RMQYSMECF,HLA-B1501,0.5357,1,3,0.1007,0.719,0.335,HLA-B*15:01,"29853601,29853601",RMQYSMECF,RMQYSMEYF,0,0,2010.0,2002.0,False,Conserved,-2,RMQYSMECF,-2,RMQYSMECF,7,0.6931471805599453,RMQYSMEYF,0.08208899999999997,RMQYSMECF,RMQYSMECF,RMQYSMEYF,Positive,9,9,9,9,9,9,"1,8",0.917911,7,0.6931471805599453,substitution,0.5,0.6253500093335823,"Positive_all,Negative",2,cedar,0.5357,RMQYSMEYF,0.335,RMQYSMEYF,True,0.1809674391375342
RPKTVEKATDV,HLA-B0702,0.4334,0,3,1.011,0.3941,0.6855,HLA-B*07:02,27198675,RPKTVEKAT,RPNTVEKAT,0,0,674.0,664.0,False,Conserved,0,RPKTVEKAV,0,RPKTVEKAT,2,1.3862943611198906,RPNTVEKAT,0.05655699999999997,RPKTVEKATDV,RPKTVEKAT,RPNTVEKAT,Negative,11,9,9,9,9,11,"1,8",0.943443,2,1.3862943611198906,substitution,0.0,1.5816797415782187,Negative,1,cedar,0.6596,RPNTVEKATDV,0.9407,RPNTVEKAV,True,0.14309376069801838
RRTQRYFMK,HLA-B2705,0.1429,0,3,0.01,0.7713,1.3463,HLA-B*27:05,34518289,RRTQRYFMK,RRTQRYFM,0,0,818.0,810.0,True,Improved,1,RRTQRYFMK,-6,RRTQRYFMK,"4,5,6,7,8",-1.0,RRTQ-RYFM,0.04972399999999999,RRTQRYFMK,RRTQRYFMK,RRTQRYFM,Negative,9,9,8,9,8,9,"1,8",0.950276,8,0.6931471805599453,substitution,0.0,9.421273617914625,Negative,1,cedar,0.1429,RRTQRYFME,1.6071,RRTQRYFME,True,0.22094431059715747
RSLRLHRFR,HLA-A3101,0.041,0,3,0.0096,0.8625,10.6772,HLA-A*31:01,33262196,RSLRLHRFR,RSLRLHRF,0,0,312.0,304.0,True,Improved,-1,RSLRLHRFR,-17,RSLRLHRFR,"3,4,5,6,7,8",1.6094379124341003,RSL-RLHRF,0.05101500000000003,RSLRLHRFR,RSLRLHRFR,RSLRLHRF,Negative,9,9,8,9,8,9,"0,1,8",0.948985,8,0.6931471805599453,substitution,0.0,260.4195121951219,Negative,1,cedar,0.041,RSLRLHRFT,14.1048,RSLRLHRFT,True,0.2497902444514951
RTAVYHEIHI,HLA-B5701,3.689,1,3,0.8046,0.3718,1.6039,HLA-B*57:01,"26631611,26631611",RTAVYHEI,RTAVYHEIL,0,0,1455.0,1446.0,True,Conserved,-3,RTAYHEIHI,-6,RTA-VYHEI,"3,4,5,6,7,8",1.0986122886681098,RTAVYHEIL,0.04868600000000001,RTAVYHEIHI,RTAVYHEI,RTAVYHEIL,Positive,10,8,9,8,9,10,"1,8",0.951314,8,0.6931471805599453,substitution,1.0,0.4347790729194904,"Positive_all,Positive_all",2,cedar,3.8225,RTAVYHEILI,3.4034,RTAVHEILI,True,0.18085066293201058
RTRARESPHF,HLA-B1501,1.7497,0,3,0.3337,0.5436,3.1963,HLA-B*15:01,27198675,RTRARESPHF,RTGARESPHF,0,0,204.0,195.0,True,Conserved,-2,RTARESPHF,-2,RTRAESPHF,"2,3",-1.0,RTARESPHF,0.06486400000000003,RTRARESPHF,RTRARESPHF,RTGARESPHF,Negative,10,10,10,10,10,10,"1,8",0.935136,2,1.791759469228055,substitution,0.0,1.8267703034805967,Negative,1,cedar,1.7497,RTGARESPHF,3.1963,RTARESPHF,True,0.06311824594173075
RTTIESPSRK,HLA-A1101,0.0141,0,3,0.3306,0.5894,0.6612,HLA-A*11:01,27198675,TTIESPSRK,RTTIESPSR,1,0,1317.0,1308.0,True,Improved,1,RTIESPSRK,-6,TTIESPSRK,"0,2,3,4,5,6,7,8",3.044522437723423,RTTIESPSR,0.07495600000000002,RTTIESPSRK,TTIESPSRK,RTTIESPSR,Negative,10,9,9,9,9,10,"0,1,8",0.925044,9,0.6931471805599453,substitution,0.0,46.8936170212766,Negative,1,cedar,0.0636,RTTIESPSRE,7.6771,RTTIESPSR,True,0.12527361507319626
RVYISYLDCI,HLA-A3001,4.1706,1,3,0.3087,0.5225,3.093,HLA-A*30:01,"26631611,26631611",RVYISYLDC,RVYISYLDS,0,0,1437.0,1428.0,True,Conserved,-1,RYISYLDCI,-1,RVYISYLDC,8,1.3862943611198906,RVYISYLDS,0.02963400000000005,RVYISYLDCI,RVYISYLDC,RVYISYLDS,Positive,10,9,9,9,9,10,"0,1,2,8",0.970366,8,1.3862943611198906,substitution,1.0,0.7416199108042008,"Positive_all,Positive_all",2,cedar,8.8245,RVYISYLDSI,3.202,RVYISYLSI,True,0.19239237225695488
RYLETNKYCRM,HLA-A2402,1.155,0,3,1.2178,0.3293,1.2302,HLA-A*24:02,31511069,RYLETNKYCRM,RYLETNKYCPM,0,0,55.0,45.0,False,Conserved,-2,RYLETNKYM,5,RYLETNKYM,-1,,RYLETNKYM,0.044174999999999964,RYLETNKYCRM,RYLETNKYCRM,RYLETNKYCPM,Negative,11,11,11,11,11,11,"1,8",0.955825,9,1.3862943611198906,substitution,0.0,1.0651082251082251,Negative,1,cedar,1.155,RYLETNKYCPM,1.2302,RYLETNKYM,True,0.10790778721179149
RYSVFFQLL,HLA-A2402,0.0176,0,3,0.0091,0.8007,0.0221,HLA-A*24:02,30880120,RYSVFFQLL,RYSVFFQSL,0,0,275.0,267.0,False,Conserved,-2,RYSVFFQLL,-2,RYSVFFQLL,7,0.6931471805599453,RYSVFFQSL,0.046234,RYSVFFQLL,RYSVFFQLL,RYSVFFQSL,Negative,9,9,9,9,9,9,"1,8",0.953766,7,0.6931471805599453,substitution,0.0,1.2556818181818181,Negative,1,cedar,0.0176,RYSVFFQSL,0.0221,RYSVFFQSL,True,0.4034462872760252
RYTEGAELM,HLA-A2402,0.213,0,3,0.1189,0.7225,2.0146,HLA-A*24:02,"34270940,34270940",RYTEGAELM,RYTEGAEL,0,0,113.0,105.0,True,Improved,-1,RYTEGAELM,-7,RYTEGAELM,"6,7,8",,RYTEGA-EL,0.047290000000000054,RYTEGAELM,RYTEGAELM,RYTEGAEL,Negative,9,9,8,9,8,9,"1,8",0.95271,8,0.0,substitution,0.0,9.458215962441315,"Negative,Negative",2,cedar,0.213,RYTEGAELT,4.6814,RYTEGAELT,True,0.1404377094362687
SASLHPATV,HLA-C1203,0.0474,0,3,0.0591,0.7391,0.0929,HLA-C*12:03,30556813,SASLHPATV,SASLRPATV,0,0,787.0,779.0,False,Conserved,0,SASLHPATV,0,SASLHPATV,4,0.6931471805599453,SASLRPATV,0.08704,SASLHPATV,SASLHPATV,SASLRPATV,Negative,9,9,9,9,9,9,"1,8",0.91296,4,0.6931471805599453,substitution,0.0,1.959915611814346,Negative,1,cedar,0.0474,SASLRPATV,0.0929,SASLRPATV,True,0.16495529232349213
SEIISFKSL,HLA-B4001,0.0436,1,3,0.0145,0.552,0.1626,HLA-B*40:01,33208106,SEIISFKSL,SEIISFKSM,0,0,59.0,51.0,True,Conserved,2,SEIISFKSL,2,SEIISFKSL,8,0.6931471805599453,SEIISFKSM,0.01034999999999997,SEIISFKSL,SEIISFKSL,SEIISFKSM,Positive,9,9,9,9,9,9,"1,8",0.98965,8,0.6931471805599453,substitution,1.0,3.7293577981651373,Positive_all,1,cedar,0.0436,SEIISFKSM,0.1626,SEIISFKSM,True,0.2112473116501098
SFPRSSEPF,HLA-A2402,0.2319,0,3,0.0643,0.7808,0.2903,HLA-A*24:02,"34270940,34270940",SFPRSSEPF,SFPLSSEPF,0,0,199.0,191.0,False,Conserved,-2,SFPRSSEPF,-2,SFPRSSEPF,3,1.3862943611198906,SFPLSSEPF,0.08505399999999996,SFPRSSEPF,SFPRSSEPF,SFPLSSEPF,Negative,9,9,9,9,9,9,"1,8",0.914946,3,1.3862943611198906,substitution,0.0,1.2518326865028029,"Negative,Negative",2,cedar,0.2319,SFPLSSEPF,0.2903,SFPLSSEPF,True,0.08400479499158334
SISDEIAKAV,HLA-A0201,0.5987,0,3,0.5862,0.6094,0.6924,HLA-A*02:01,27198675,SISDEIAKA,SISDEITKAV,0,0,573.0,564.0,True,Conserved,0,SISDEIAKV,-1,SISDEIAKA,"6,7,8",2.0794415416798357,SISDEITAV,0.06145800000000001,SISDEIAKAV,SISDEIAKA,SISDEITKAV,Negative,10,9,10,9,10,10,"1,3,8",0.938542,6,1.3862943611198906,substitution,0.0,1.156505762485385,Negative,1,cedar,0.7831,SISDEITKAV,0.6924,SISDEITAV,True,0.12901543688558031
SLEEINCTI,HLA-A0201,0.6438,0,3,1.0151,0.653,1.808,HLA-A*02:01,31511069,SLEEINCTI,SLEEINGTI,0,0,618.0,610.0,False,Conserved,-3,SLEEINCTI,-3,SLEEINCTI,6,0.6931471805599453,SLEEINGTI,0.10041,SLEEINCTI,SLEEINCTI,SLEEINGTI,Negative,9,9,9,9,9,9,"1,3,8",0.89959,6,0.6931471805599453,substitution,0.0,2.8083255669462566,Negative,1,cedar,0.6438,SLEEINGTI,1.808,SLEEINGTI,True,0.1497679974545708
SLEKMVCLVL,HLA-A0201,1.3332,0,3,0.3384,0.5689,0.7036,HLA-A*02:01,27198675,SLEKMVCLV,SLEKMVCSV,0,0,314.0,305.0,False,Conserved,-2,SEKMVCLVL,-2,SLEKMVCLV,7,0.6931471805599453,SLEKMVCSV,0.04933900000000002,SLEKMVCLVL,SLEKMVCLV,SLEKMVCSV,Negative,10,9,9,9,9,10,"1,3,8",0.950661,7,0.6931471805599453,substitution,0.0,0.5277527752775277,Negative,1,cedar,5.7496,SLEKMVCSVL,6.6101,SLEKMVSVL,True,0.1741447181900232
SLLQGSPHV,HLA-A0201,0.0158,1,3,0.1121,0.8912,0.0264,HLA-A*02:01,30418433,SLLQGSPHV,SLLQGSPHL,0,0,181.0,173.0,True,Conserved,1,SLLQGSPHV,1,SLLQGSPHV,8,1.791759469228055,SLLQGSPHL,0.014083999999999985,SLLQGSPHV,SLLQGSPHV,SLLQGSPHL,Positive,9,9,9,9,9,9,"1,3,8",0.985916,8,1.791759469228055,substitution,1.0,1.670886075949367,Positive_all,1,cedar,0.0158,SLLQGSPHL,0.0264,SLLQGSPHL,True,0.13778669456909995
SLLRAAFFGK,HLA-A0301,0.3638,0,3,0.0093,0.8054,0.2678,HLA-A*03:01,33479501,LLRAAFFGK,LLRAASFGK,1,1,407.0,398.0,False,Conserved,-2,SLLRAAFFK,-2,LLRAAFFGK,5,0.6931471805599453,LLRAASFGK,0.08096199999999998,SLLRAAFFGK,LLRAAFFGK,LLRAASFGK,Negative,10,9,9,9,9,10,"0,1,8",0.919038,6,0.6931471805599453,substitution,0.0,0.7361187465640461,Negative,1,cedar,0.5123,SLLRAASFGK,0.2845,SLLRAASFK,True,0.13759182395197403
SLLWMNLFVGF,HLA-A2402,0.3437,0,3,0.7326,0.4022,0.1297,HLA-A*24:02,27198675,LWMNLFVGF,LWMNPFVGF,2,2,290.0,280.0,False,Conserved,-3,SWMNLFVGF,-3,LWMNLFVGF,4,1.3862943611198906,LWMNPFVGF,0.12303200000000003,SLLWMNLFVGF,LWMNLFVGF,LWMNPFVGF,Negative,11,9,9,9,9,11,"1,8",0.876968,6,1.3862943611198906,substitution,0.0,0.37736398021530404,Negative,1,cedar,1.6865,SLLWMNPFVGF,0.5126,SWMNPFVGF,True,0.2931351726200325
SLNQEIASL,HLA-A0201,0.0531,0,3,0.2659,0.7728,0.1678,HLA-A*02:01,31511069,SLNQEIASL,SLNQEMASL,0,0,248.0,240.0,False,Conserved,1,SLNQEIASL,1,SLNQEIASL,5,1.0986122886681098,SLNQEMASL,0.043543,SLNQEIASL,SLNQEIASL,SLNQEMASL,Negative,9,9,9,9,9,9,"1,3,8",0.956457,5,1.0986122886681098,substitution,0.0,3.160075329566855,Negative,1,cedar,0.0531,SLNQEMASL,0.1678,SLNQEMASL,True,0.14037417758749576
SLSTIKDIISL,HLA-A0201,0.3108,0,3,1.6762,0.5097,0.1514,HLA-A*02:01,31511069,SLSTIKDIISL,SLSPIKDIISL,0,0,210.0,200.0,True,Conserved,-1,SLIKDIISL,-3,SLIKDIISL,"2,3",0.6931471805599453,SLSPDIISL,0.05388000000000004,SLSTIKDIISL,SLSTIKDIISL,SLSPIKDIISL,Negative,11,11,11,11,11,11,"1,3,8",0.94612,3,1.3862943611198906,substitution,0.0,0.4871299871299871,Negative,1,cedar,0.3108,SLSPIKDIISL,0.1514,SLSPDIISL,True,0.18724485009037084
SLYDLDIEA,HLA-A0201,0.0594,1,3,0.2264,0.7435,3.4565,HLA-A*02:01,"34236583,34236583,34236583,34236583,34236583,34236583,34236583,34236583,34236583",SLYDLDIEA,SSYDLDIEA,0,0,321.0,313.0,True,Improved,-2,SLYDLDIEA,-2,SLYDLDIEA,1,0.6931471805599453,SSYDLDIEA,0.04900700000000002,SLYDLDIEA,SLYDLDIEA,SSYDLDIEA,Positive,9,9,9,9,9,9,"1,3,8",0.950993,1,0.6931471805599453,substitution,1.0,58.19023569023569,"Positive_all,Positive_all,Positive_all,Positive_all,Positive_all,Positive_all,Positive_all,Positive_all,Positive_all",9,cedar,0.0594,SSYDLDIEA,3.4565,SSYDLDIEA,True,0.2634735625755344
SMAHVSVVPVF,HLA-B1501,1.0633,0,3,0.4126,0.3215,8.1042,HLA-B*15:01,27198675,SMAHVSVVPVF,SMAHVSVVP,0,0,292.0,282.0,True,Improved,-2,SHVSVVPVF,-4,SMAHVSVVF,8,-1.0,SMAHVSVVP,0.048036999999999996,SMAHVSVVPVF,SMAHVSVVPVF,SMAHVSVVP,Negative,11,11,9,11,9,11,"1,8",0.951963,10,0.6931471805599453,substitution,0.0,7.621743628326908,Negative,1,cedar,1.0633,SMAHVSVVPVS,33.5625,SMAHVSVVS,True,0.15463649616987257
SMIPKAIESF,HLA-C1403,1.1026,0,3,0.0154,0.7951,0.7328,HLA-C*14:03,24323902,MIPKAIESF,MIPKARESF,1,1,360.0,351.0,False,Conserved,-3,SMIPAIESF,-3,MIPKAIESF,5,0.0,MIPKARESF,0.092746,SMIPKAIESF,MIPKAIESF,MIPKARESF,Negative,10,9,9,9,9,10,"1,8",0.907254,6,0.0,substitution,0.0,0.6646109196444767,Negative,1,cedar,2.888,SMIPKARESF,2.2855,SMIPKARSF,True,0.11860170224597323
SMVPREAAFIL,HLA-A0201,3.7735,0,3,0.2433,0.5989,4.0513,HLA-A*02:01,31511069,SMVPREAAFIL,SMVRREAAFIL,0,0,1180.0,1170.0,False,Conserved,-2,SPREAAFIL,4,SMVEAAFIL,-1,,SMVEAAFIL,0.06697699999999995,SMVPREAAFIL,SMVPREAAFIL,SMVRREAAFIL,Negative,11,11,11,11,11,11,"1,3,8",0.933023,3,1.3862943611198906,substitution,0.0,1.0736186564197696,Negative,1,cedar,3.7735,SMVRREAAFIL,4.0513,SMVEAAFIL,True,0.10743179281931076
SPRDEKEEM,HLA-B0702,0.0312,0,3,0.2047,0.6206,0.1316,HLA-B*07:02,27198675,SPRDEKEEM,SPRDEEEEM,0,0,817.0,809.0,False,Conserved,1,SPRDEKEEM,1,SPRDEKEEM,5,0.6931471805599453,SPRDEEEEM,0.045552999999999955,SPRDEKEEM,SPRDEKEEM,SPRDEEEEM,Negative,9,9,9,9,9,9,"1,8",0.954447,5,0.6931471805599453,substitution,0.0,4.217948717948718,Negative,1,cedar,0.0312,SPRDEEEEM,0.1316,SPRDEEEEM,True,0.23657609421292092
SPRDEKEEMM,HLA-B0702,0.0312,0,3,0.6379,0.468,0.1316,HLA-B*07:02,27198675,SPRDEKEEM,SPRDEEEEM,0,0,818.0,809.0,False,Conserved,1,SPRDEKEEM,1,SPRDEKEEM,5,0.6931471805599453,SPRDEEEEM,0.045552999999999955,SPRDEKEEMM,SPRDEKEEM,SPRDEEEEM,Negative,10,9,9,9,9,10,"1,8",0.954447,5,0.6931471805599453,substitution,0.0,4.217948717948718,Negative,1,cedar,0.1702,SPRDEEEEMM,0.5361,SPRDEEEEM,True,0.23181144771411116
SPVTFPAAA,HLA-B5601,0.0061,0,3,0.0156,0.6434,0.009,HLA-B*56:01,33479501,SPVTFPAAA,SPVTSPAAA,0,0,504.0,496.0,False,Conserved,-2,SPVTFPAAA,-2,SPVTFPAAA,4,0.6931471805599453,SPVTSPAAA,0.08758600000000005,SPVTFPAAA,SPVTFPAAA,SPVTSPAAA,Negative,9,9,9,9,9,9,"1,8",0.912414,4,0.6931471805599453,substitution,0.0,1.4754098360655736,Negative,1,cedar,0.0061,SPVTSPAAA,0.009,SPVTSPAAA,True,0.25949976035866246
SQPPSDLSY,HLA-B1501,0.017,0,3,0.5568,0.5737,0.0887,HLA-B*15:01,27198675,SQPPSDLSY,SQPPSDLGY,0,0,577.0,569.0,False,Conserved,0,SQPPSDLSY,0,SQPPSDLSY,7,0.6931471805599453,SQPPSDLGY,0.041132999999999975,SQPPSDLSY,SQPPSDLSY,SQPPSDLGY,Negative,9,9,9,9,9,9,"1,8",0.958867,7,0.6931471805599453,substitution,0.0,5.2176470588235295,Negative,1,cedar,0.017,SQPPSDLGY,0.0887,SQPPSDLGY,True,0.17103823980640787
SREMEKGSPF,HLA-B0702,2.3125,0,3,0.0129,0.5394,14.8614,HLA-B*07:02,27198675,REMEKGSPF,REMEKGSPS,1,1,690.0,681.0,True,Conserved,-2,SEMEKGSPF,-2,REMEKGSPF,8,0.6931471805599453,REMEKGSPS,0.02864500000000003,SREMEKGSPF,REMEKGSPF,REMEKGSPS,Negative,10,9,9,9,9,10,"1,8",0.971355,9,0.6931471805599453,substitution,0.0,6.4265513513513515,Negative,1,cedar,6.8961,SREMEKGSPS,37.875,SEMEKGSPS,True,0.07145178399819975
SRVILFSPL,HLA-B2705,0.5215,0,3,0.0984,0.4951,0.4386,HLA-B*27:05,34518289,SRVILFSPL,SRVILFNPL,0,0,667.0,659.0,False,Conserved,1,SRVILFSPL,1,SRVILFSPL,6,0.6931471805599453,SRVILFNPL,0.047263000000000055,SRVILFSPL,SRVILFSPL,SRVILFNPL,Negative,9,9,9,9,9,9,"1,8",0.952737,6,0.6931471805599453,substitution,0.0,0.8410354745925216,Negative,1,cedar,0.5215,SRVILFNPL,0.4386,SRVILFNPL,True,0.2890408047252803
SSADHPGASK,HLA-A1101,0.0589,0,3,0.1922,0.6806,0.072,HLA-A*11:01,"34244308,34244308",SSADHPGASK,SSAEHPGASK,0,0,45.0,36.0,False,Conserved,2,SSADPGASK,2,SSADPGASK,3,1.3862943611198906,SSAEPGASK,0.04251000000000005,SSADHPGASK,SSADHPGASK,SSAEHPGASK,Negative,10,10,10,10,10,10,"0,1,8",0.95749,3,1.3862943611198906,substitution,0.0,1.2224108658743633,"Negative,Negative",2,cedar,0.0589,SSAEHPGASK,0.072,SSAEPGASK,True,0.13859720768626074
SSEIISFKSL,HLA-B4001,0.0436,1,3,0.2822,0.5883,0.1626,HLA-B*40:01,33208106,SEIISFKSL,SEIISFKSM,1,1,59.0,50.0,True,Conserved,2,SEIISFKSL,2,SEIISFKSL,8,0.6931471805599453,SEIISFKSM,0.01034999999999997,SSEIISFKSL,SEIISFKSL,SEIISFKSM,Positive,10,9,9,9,9,10,"1,8",0.98965,9,0.6931471805599453,substitution,1.0,3.7293577981651373,Positive_all,1,cedar,0.4902,SSEIISFKSM,1.1195,SEIISFKSM,True,0.13514998585559848
SSHRHLHVVY,HLA-B1501,0.8925,0,3,0.1988,0.6091,0.4405,HLA-B*15:01,27198675,SSHRHLHVVY,SSHRHPHVVY,0,0,1025.0,1016.0,False,Conserved,-3,SSHRHLHVY,-3,SSHHLHVVY,4,1.3862943611198906,SSHHPHVVY,0.09651500000000002,SSHRHLHVVY,SSHRHLHVVY,SSHRHPHVVY,Negative,10,10,10,10,10,10,"1,8",0.903485,5,1.3862943611198906,substitution,0.0,0.4935574229691877,Negative,1,cedar,0.8925,SSHRHPHVVY,0.4405,SSHHPHVVY,True,0.16059512515011287
SVIKALEQF,HLA-A2402,0.5533,0,3,0.0694,0.4146,0.9149,HLA-A*24:02,27198675,SVIKALEQF,SVNKALEQF,0,0,277.0,269.0,False,Conserved,-3,SVIKALEQF,-3,SVIKALEQF,2,0.6931471805599453,SVNKALEQF,0.07521599999999995,SVIKALEQF,SVIKALEQF,SVNKALEQF,Negative,9,9,9,9,9,9,"1,8",0.924784,2,0.6931471805599453,substitution,0.0,1.653533345382252,Negative,1,cedar,0.5533,SVNKALEQF,0.9149,SVNKALEQF,True,0.1310502724253438
SVLEYQTAVI,HLA-A0201,0.0653,0,3,1.3872,0.3969,0.0653,HLA-A*02:01,31511069,SVLEYQTAV,SVLEYQTAV,0,0,599.0,590.0,False,Conserved,1,SVLEYQTAI,4,SVLEYQTAV,-1,,SVLEYQTAV,0.0,SVLEYQTAVI,SVLEYQTAV,SVLEYQTAV,Negative,10,9,9,9,9,10,"1,3,8",1.0,9,1.0986122886681098,substitution,0.0,1.0,Negative,1,cedar,4.495,SVLEYQTAVM,7.0909,SVLEYQTAM,True,0.16039967915327813
SVSDISEYRV,HLA-A6802,0.0545,0,3,0.0576,0.795,0.0463,HLA-A*68:02,30556813,SVSDISEYRV,SVSDISQYRV,0,0,78.0,69.0,False,Conserved,2,SVSDISEYV,2,SVSDISEYV,6,0.6931471805599453,SVSDISQYV,0.034968,SVSDISEYRV,SVSDISEYRV,SVSDISQYRV,Negative,10,10,10,10,10,10,"0,1,8",0.965032,6,0.6931471805599453,substitution,0.0,0.8495412844036697,Negative,1,cedar,0.0545,SVSDISQYRV,0.0463,SVSDISQYV,True,0.22651466265142295
SVSENVLKILV,HLA-A0201,0.5241,0,3,1.8878,0.3546,0.5241,HLA-A*02:01,31511069,SVSENVLKI,SVSENVLKI,0,0,3648.0,3638.0,False,Conserved,-2,SVSENVILV,4,SVSENVLKI,-1,,SVSENVLKI,0.0,SVSENVLKILV,SVSENVLKI,SVSENVLKI,Negative,11,9,9,9,9,11,"1,3,8",1.0,9,0.6931471805599453,substitution,0.0,1.0,Negative,1,cedar,2.0659,SVSENVLKISV,1.3272,SVSENVISV,True,0.14586262600085698
TEDYMIHII,HLA-B4001,0.2299,1,3,0.1263,0.4688,0.2507,HLA-B*40:01,"33665637,33665637",TEDYMIHII,TEDYMSHII,0,0,408.0,400.0,False,Conserved,-2,TEDYMIHII,-2,TEDYMIHII,5,0.6931471805599453,TEDYMSHII,0.08090699999999995,TEDYMIHII,TEDYMIHII,TEDYMSHII,Positive,9,9,9,9,9,9,"1,8",0.919093,5,0.6931471805599453,substitution,1.0,1.0904741191822531,"Positive_all,Positive_all",2,cedar,0.2299,TEDYMSHII,0.2507,TEDYMSHII,True,0.5175092461982018
THNLIFVFYML,HLA-B3901,0.463,0,3,0.5126,0.2989,0.7654,HLA-B*39:01,24323902,THNLIFVF,THNLFFVF,0,0,37.0,27.0,False,Conserved,0,THNLVFYML,0,THN-LIFVF,5,0.6931471805599453,THN-LFFVF,0.07388300000000003,THNLIFVFYML,THNLIFVF,THNLFFVF,Negative,11,8,8,8,8,11,"1,8",0.926117,4,0.6931471805599453,substitution,0.0,1.653131749460043,Negative,1,cedar,1.7757,THNLFFVFYML,1.9369,THNLVFYML,True,0.34083807062830856
TISKLYIPK,HLA-A1102,0.1349,0,3,0.0221,0.7996,0.3637,HLA-A*11:02,"33262196,33262196",TISKLYIPK,IISKLYIPK,0,0,376.0,368.0,True,Conserved,-1,TISKLYIPK,-1,TISKLYIPK,0,1.0986122886681098,IISKLYIPK,0.01840699999999995,TISKLYIPK,TISKLYIPK,IISKLYIPK,Negative,9,9,9,9,9,9,"0,1,8",0.981593,0,1.0986122886681098,substitution,0.0,2.696071163825056,"Negative,Negative",2,cedar,0.1349,IISKLYIPK,0.3637,IISKLYIPK,True,0.22443255687065783
TLCIVCTVDL,HLA-A0201,6.8082,0,3,2.389,0.5344,6.8082,HLA-A*02:01,27198675,TLCIVCTV,TLCIVCTV,0,0,595.0,586.0,False,Conserved,-3,TLCIVTVDL,4,TLC-IVCTV,-1,,TLC-IVCTV,0.0,TLCIVCTVDL,TLCIVCTV,TLCIVCTV,Negative,10,8,8,8,8,10,"1,3,8",1.0,9,1.3862943611198906,substitution,0.0,1.0,Negative,1,cedar,8.9097,TLCIVCTVDP,35.1538,TLCIVCTVP,True,0.2693542848116723
TLDWSKNAV,HLA-A0201,0.5995,0,3,0.2224,0.411,0.5256,HLA-A*02:01,27198675,TLDWSKNAV,TLDWSENAV,0,0,174.0,166.0,False,Conserved,1,TLDWSKNAV,1,TLDWSKNAV,5,0.6931471805599453,TLDWSENAV,0.05590600000000001,TLDWSKNAV,TLDWSKNAV,TLDWSENAV,Negative,9,9,9,9,9,9,"1,3,8",0.944094,5,0.6931471805599453,substitution,0.0,0.8767306088407004,Negative,1,cedar,0.5995,TLDWSENAV,0.5256,TLDWSENAV,True,0.08245568640145372
TLFWAPPER,HLA-A1101,0.4071,0,3,0.3112,0.5616,1.1579,HLA-A*11:01,27198675,TLFWAPPER,TLSWAPPER,0,0,478.0,470.0,False,Conserved,-2,TLFWAPPER,-2,TLFWAPPER,2,0.6931471805599453,TLSWAPPER,0.08975299999999997,TLFWAPPER,TLFWAPPER,TLSWAPPER,Negative,9,9,9,9,9,9,"0,1,8",0.910247,2,0.6931471805599453,substitution,0.0,2.844264308523704,Negative,1,cedar,0.4071,TLSWAPPER,1.1579,TLSWAPPER,True,0.10703345197742938
TLHGFMMYL,HLA-A3002,1.1989,1,3,0.055,0.9129,1.441,HLA-A*30:02,31243155,TLHGFMMY,TLDGFMMY,0,0,320.0,312.0,False,Conserved,-1,TLHGFMMYL,-1,TLH-GFMMY,2,0.6931471805599453,TLD-GFMMY,0.10296899999999998,TLHGFMMYL,TLHGFMMY,TLDGFMMY,Positive,9,8,8,8,8,9,"1,8",0.897031,2,0.6931471805599453,substitution,1.0,1.2019351071815831,Positive_all,1,cedar,4.4959,TLDGFMMYL,4.5547,TLDGFMMYL,True,0.2923301784045402
TLVRCAKAK,HLA-A1101,2.7113,0,3,0.6026,0.5176,2.6673,HLA-A*11:01,"34270940,34270940",TLVRCAKAK,TLVRCGKAK,0,0,183.0,175.0,False,Conserved,0,TLVRCAKAK,0,TLVRCAKAK,5,1.3862943611198906,TLVRCGKAK,0.06096400000000002,TLVRCAKAK,TLVRCAKAK,TLVRCGKAK,Negative,9,9,9,9,9,9,"0,1,8",0.939036,5,1.3862943611198906,substitution,0.0,0.9837716224689264,"Negative,Negative",2,cedar,2.7113,TLVRCGKAK,2.6673,TLVRCGKAK,True,0.1326470698960792
TLYATVGKEAV,HLA-A0201,1.3965,0,3,1.3618,0.6102,1.2593,HLA-A*02:01,31511069,TLYATVGKEAV,TLYATLGKEAV,0,0,189.0,179.0,False,Conserved,1,TLYAGKEAV,4,TLYAGKEAV,-1,,TLYAGKEAV,0.030069000000000012,TLYATVGKEAV,TLYATVGKEAV,TLYATLGKEAV,Negative,11,11,11,11,11,11,"1,3,8",0.969931,5,1.791759469228055,substitution,0.0,0.9017543859649123,Negative,1,cedar,1.3965,TLYATLGKEAV,1.2593,TLYAGKEAV,True,0.11463703616880903
TMSLYDLDIEA,HLA-A0201,0.0594,1,3,2.3927,0.4521,1.4031,HLA-A*02:01,"34236583,34236583,34236583,34236583,34236583,34236583,34236583,34236583,34236583",SLYDLDIEA,TMSSYDLDIEA,2,0,321.0,311.0,True,Improved,-2,TLYDLDIEA,3,SLYDLDIEA,"0,1",2.0794415416798357,TMYDLDIEA,0.09044600000000003,TMSLYDLDIEA,SLYDLDIEA,TMSSYDLDIEA,Positive,11,9,11,9,11,11,"1,3,8",0.909554,3,0.6931471805599453,substitution,1.0,23.62121212121212,"Positive_all,Positive_all,Positive_all,Positive_all,Positive_all,Positive_all,Positive_all,Positive_all,Positive_all",9,cedar,0.7713,TMSSYDLDIEA,1.4031,TMYDLDIEA,True,0.16714382247883913
TPLNRAIESF,HLA-B0702,0.5556,0,3,0.8455,0.4059,2.4801,HLA-B*07:02,31511069,TPLNRAIESF,TPLNRAIES,0,0,602.0,593.0,True,Improved,-2,TPLNAIESF,-2,TPLNRAISF,"7,8",0.6931471805599453,TPLNRAIES,0.034941,TPLNRAIESF,TPLNRAIESF,TPLNRAIES,Negative,10,10,9,10,9,10,"1,8",0.965059,9,0.6931471805599453,substitution,0.0,4.463822894168467,Negative,1,cedar,0.5556,TPLNRAIESC,3.7916,TPLNRAISC,True,0.08702763180582743
TPSAAVKLI,HLA-B5101,0.093,0,3,0.2275,0.3403,0.2008,HLA-B*51:01,30556813,TPSAAVKLI,TPSAAMKLI,0,0,111.0,103.0,False,Conserved,1,TPSAAVKLI,1,TPSAAVKLI,5,0.0,TPSAAMKLI,0.04266700000000001,TPSAAVKLI,TPSAAVKLI,TPSAAMKLI,Negative,9,9,9,9,9,9,"1,8",0.957333,5,0.0,substitution,0.0,2.1591397849462366,Negative,1,cedar,0.093,TPSAAMKLI,0.2008,TPSAAMKLI,True,0.19672670986925242
TPYTRDQIMTI,HLA-B0702,0.2194,0,3,0.1309,0.3915,0.4832,HLA-B*07:02,27198675,TPYTRDQIM,TPYTRDQIVTI,0,0,441.0,431.0,True,Conserved,1,TPYDQIMTI,-7,TPYTRDQIM,"2,3,4,5,6,7,8",2.0794415416798357,TPRDQIVTI,0.07260299999999997,TPYTRDQIMTI,TPYTRDQIM,TPYTRDQIVTI,Negative,11,9,11,9,11,11,"1,8",0.927397,8,0.0,substitution,0.0,2.2023701002734732,Negative,1,cedar,0.4624,TPYTRDQIVTI,0.4832,TPRDQIVTI,True,0.17445773021603403
TQLMPFGSLL,HLA-A0201,0.2979,1,3,0.3366,0.2762,0.5522,HLA-A*02:01,"32391625,32391625",QLMPFGSLL,QLMPFGCLL,1,1,799.0,790.0,False,Conserved,-1,TQMPFGSLL,-1,QLMPFGSLL,6,1.3862943611198906,QLMPFGCLL,0.08637700000000004,TQLMPFGSLL,QLMPFGSLL,QLMPFGCLL,Positive,10,9,9,9,9,10,"1,3,8",0.913623,7,1.3862943611198906,substitution,1.0,1.8536421617992616,"Positive_all,Positive_all",2,cedar,1.6738,TQLMPFGCLL,3.0424,TLMPFGCLL,True,0.1342586443276935
TSNHESQVTF,HLA-B1501,0.9304,0,3,1.396,0.3506,1.4737,HLA-B*15:01,27198675,SNHESQVTF,TSDHESQVTF,1,0,114.0,105.0,True,Conserved,1,TSNHSQVTF,2,SNHESQVTF,"0,1",2.0794415416798357,TSHESQVTF,0.06101400000000001,TSNHESQVTF,SNHESQVTF,TSDHESQVTF,Negative,10,9,10,9,10,10,"1,8",0.938986,2,0.6931471805599453,substitution,0.0,1.5839423903697334,Negative,1,cedar,1.4155,TSDHESQVTF,1.4737,TSHESQVTF,True,0.08592795192562336
TTIESPSRK,HLA-A1101,0.0141,0,3,0.1679,0.6927,3.5151,HLA-A*11:01,27198675,TTIESPSRK,TTIESPSR,0,0,1317.0,1309.0,True,Improved,1,TTIESPSRK,-7,TTIESPSRK,"4,5,6,7,8",2.5649493574615367,TTIE-SPSR,0.044520000000000004,TTIESPSRK,TTIESPSRK,TTIESPSR,Negative,9,9,8,9,8,9,"0,1,8",0.95548,8,0.6931471805599453,substitution,0.0,249.29787234042553,Negative,1,cedar,0.0141,TTIESPSRE,8.612,TTIESPSRE,True,0.1690683037892279
TYLPSAWNF,HLA-A2402,0.0018,1,3,0.0091,0.8026,2.4128,HLA-A*24:02,"28423700,28423700",TYLPSAWNF,TYLPSAWNS,0,0,1050.0,1042.0,True,Improved,-2,TYLPSAWNF,-2,TYLPSAWNF,8,0.6931471805599453,TYLPSAWNS,0.033865000000000034,TYLPSAWNF,TYLPSAWNF,TYLPSAWNS,Positive,9,9,9,9,9,9,"1,8",0.966135,8,0.6931471805599453,substitution,1.0,1340.4444444444443,"Positive_all,Positive_all",2,cedar,0.0018,TYLPSAWNS,2.4128,TYLPSAWNS,True,0.2159218597453833
TYLPSAWNFF,HLA-A2402,0.0018,1,3,0.0079,0.8275,0.0067,HLA-A*24:02,28423700,TYLPSAWNF,TYLPSAWNSF,0,0,1051.0,1042.0,True,Conserved,-2,TYLPSANFF,-3,TYLPSAWNF,"6,7",0.6931471805599453,TYLPSANSF,0.06325099999999995,TYLPSAWNFF,TYLPSAWNF,TYLPSAWNSF,Positive,10,9,10,9,10,10,"1,8",0.936749,8,0.6931471805599453,substitution,1.0,3.7222222222222223,Positive_all,1,cedar,0.0086,TYLPSAWNSF,0.0067,TYLPSANSF,True,0.20487447735141787
VETDAAQPAV,HLA-B4001,0.9269,0,3,0.4821,0.351,1.0812,HLA-B*40:01,"34244308,34244308",VETDAAQPAV,VETDAAQAAV,0,0,1179.0,1170.0,True,Conserved,-1,VETDAAQAV,-2,VETDAQPAV,"5,6",0.6931471805599453,VETDAAQAV,0.047651,VETDAAQPAV,VETDAAQPAV,VETDAAQAAV,Negative,10,10,10,10,10,10,"1,8",0.952349,7,1.3862943611198906,substitution,0.0,1.1664688747437695,"Negative,Negative",2,cedar,0.9269,VETDAAQAAV,1.0812,VETDAAQAV,True,0.11321903940298911
VFLDCLELY,HLA-A2402,1.5076,0,3,0.0608,0.7579,0.7503,HLA-A*24:02,27198675,VFLDCLELY,VFLDRLELY,0,0,312.0,304.0,False,Conserved,-3,VFLDCLELY,-3,VFLDCLELY,4,0.6931471805599453,VFLDRLELY,0.13127599999999995,VFLDCLELY,VFLDCLELY,VFLDRLELY,Negative,9,9,9,9,9,9,"1,8",0.868724,4,0.6931471805599453,substitution,0.0,0.49767842929158923,Negative,1,cedar,1.5076,VFLDRLELY,0.7503,VFLDRLELY,True,0.22890354344192504
VLIESLEVL,HLA-A0201,0.0616,0,3,0.2689,0.7722,0.0886,HLA-A*02:01,27198675,VLIESLEVL,VLIESPEVL,0,0,574.0,566.0,False,Conserved,-3,VLIESLEVL,-3,VLIESLEVL,5,1.3862943611198906,VLIESPEVL,0.09523499999999996,VLIESLEVL,VLIESLEVL,VLIESPEVL,Negative,9,9,9,9,9,9,"1,3,8",0.904765,5,1.3862943611198906,substitution,0.0,1.4383116883116882,Negative,1,cedar,0.0616,VLIESPEVL,0.0886,VLIESPEVL,True,0.38995197419587385
VLLGVKLFGV,HLA-A0201,0.4522,1,3,0.1353,0.8836,0.5729,HLA-A*02:01,"27827318,30418433,26389673,26389673,26389673,26389673",LLGVKLFGV,VLLGVKLSGV,1,0,543.0,534.0,True,Conserved,-2,VLLGKLFGV,-10,LLGVKLFGV,"0,2,3,4,5,6,7",2.8903717578961645,VLLGVKLSV,0.088889,VLLGVKLFGV,LLGVKLFGV,VLLGVKLSGV,Positive,10,9,10,9,10,10,"1,3,8",0.911111,7,0.6931471805599453,substitution,1.0,1.2669172932330826,"Positive_all,Positive_all,Positive_all,Positive_all,Positive_all,Positive_all",6,cedar,0.4913,VLLGVKLSGV,0.5729,VLLGVKLSV,True,0.2943467211558791
VLQEATICV,HLA-A0201,0.0721,1,3,0.134,0.8841,0.0765,HLA-A*02:01,"31685621,31685621",VLQEATICV,VLQEATFCV,0,0,319.0,311.0,False,Conserved,0,VLQEATICV,0,VLQEATICV,6,0.6931471805599453,VLQEATFCV,0.05859800000000004,VLQEATICV,VLQEATICV,VLQEATFCV,Positive,9,9,9,9,9,9,"1,3,8",0.941402,6,0.6931471805599453,substitution,1.0,1.0610263522884882,"Positive_all,Positive_all",2,cedar,0.0721,VLQEATFCV,0.0765,VLQEATFCV,True,0.3144771671609872
VLVTFEDVAV,HLA-A0201,2.1958,0,3,0.9045,0.5973,1.7018,HLA-A*02:01,31511069,VLVTFEDVAV,GLVTFEDVAV,0,0,43.0,34.0,True,Conserved,-3,VLVTEDVAV,-4,VLVTEDVAV,"0,4,5",2.0794415416798357,GLVTFEVAV,0.020411999999999986,VLVTFEDVAV,VLVTFEDVAV,GLVTFEDVAV,Negative,10,10,10,10,10,10,"1,3,8",0.979588,0,1.3862943611198906,substitution,0.0,0.7750250478185626,Negative,1,cedar,2.1958,GLVTFEDVAV,1.7018,GLVTFEVAV,True,0.2013991447223465
VMLEEILKTL,HLA-A0201,0.1201,0,3,0.4743,0.6773,0.2332,HLA-A*02:01,31511069,MLEEILKTL,VMLEVILKT,1,0,895.0,886.0,True,Conserved,-2,VMLEEILTL,1,MLEEILKTL,"0,1,2,4,5,6,7,8",2.4849066497880004,VMLEVILKT,0.10927100000000001,VMLEEILKTL,MLEEILKTL,VMLEVILKT,Negative,10,9,9,9,9,10,"1,3,8",0.890729,4,0.6931471805599453,substitution,0.0,1.9417152373022482,Negative,1,cedar,0.2042,VMLEVILKTL,0.4945,VMLEVILKL,True,0.2491339020058123
VMSSLCTIA,HLA-A0201,5.4268,0,3,0.7846,0.6769,11.077,HLA-A*02:01,"35193931,35193931",VMSSLCTIA,VMSSLCTI,0,0,497.0,489.0,True,Conserved,0,VMSSLCTIA,-12,VMSSLCTIA,"3,4,5,6,7,8",0.6931471805599453,VMS-SLCTI,0.04326600000000003,VMSSLCTIA,VMSSLCTIA,VMSSLCTI,Negative,9,9,8,9,8,9,"1,3,8",0.956734,8,1.3862943611198906,substitution,0.0,2.0411660647158545,"Negative,Negative",2,cedar,5.4268,VMSSLCTIT,12.428,VMSSLCTIT,True,0.16487930586954083
VQLIMQLMPF,HLA-A0206,8.3851,0,3,0.0395,0.765,3.9669,HLA-A*02:06,"34244308,34244308",VQLIMQLM,QLITQLMPF,0,1,795.0,786.0,True,Conserved,-1,VQIMQLMPF,-12,VQL-IMQLM,"0,1,2,3,4,5,6,7,8",2.1972245773362196,QLITQLMPF,0.161173,VQLIMQLMPF,VQLIMQLM,QLITQLMPF,Negative,10,8,9,8,9,10,"1,3,8",0.838827,4,0.0,substitution,0.0,0.47308917007549106,"Negative,Negative",2,cedar,23.5147,VQLITQLMPF,13.2244,VQLITQLMF,True,0.43110075809043624
VTHYVRPQVRK,HLA-A0301,0.7091,0,3,1.3115,0.4616,0.7554,HLA-A*03:01,31511069,VTHYVRPQVRK,VTHYVLPQVRK,0,0,1210.0,1200.0,False,Conserved,-2,VTHYPQVRK,5,VTHYPQVRK,-1,,VTHYPQVRK,0.07173700000000005,VTHYVRPQVRK,VTHYVRPQVRK,VTHYVLPQVRK,Negative,11,11,11,11,11,11,"0,1,8",0.928263,5,1.3862943611198906,substitution,0.0,1.065294034691863,Negative,1,cedar,0.7091,VTHYVLPQVRK,0.7554,VTHYPQVRK,True,0.18243373761993592
VVQSVTSVAK,HLA-A0301,0.2782,0,3,0.1813,0.6336,13.1133,HLA-A*03:01,31511069,VVQSVTSVAK,VVQSVTSVA,0,0,57.0,48.0,True,Improved,1,VVQSVTVAK,-3,VVQSVTVAK,"6,7,8",1.3862943611198906,VVQSVTSVA,0.022857000000000016,VVQSVTSVAK,VVQSVTSVAK,VVQSVTSVA,Negative,10,10,9,10,9,10,"0,1,8",0.977143,9,0.6931471805599453,substitution,0.0,47.136232925952555,Negative,1,cedar,0.2782,VVQSVTSVAE,21.8974,VVQSVTVAE,True,0.1833288867194945
VVSHPHLVYW,HLA-A6802,4.9251,0,3,0.036,0.7402,10.0206,HLA-A*68:02,30556813,VVSHPHLV,VVSHPDLVY,0,0,545.0,536.0,True,Conserved,-1,VSHPHLVYW,-9,VVSHP-HLV,"5,6,7,8",1.6094379124341003,VVSHPDLVY,0.14506600000000003,VVSHPHLVYW,VVSHPHLV,VVSHPDLVY,Negative,10,8,9,8,9,10,"0,1,8",0.854934,5,0.6931471805599453,substitution,0.0,2.0345982822683806,Negative,1,cedar,9.4831,VVSHPDLVYW,11.8486,VVSPDLVYW,True,0.20267077937466793
VVTEVFLLA,HLA-A0206,0.6618,0,3,0.885,0.4541,0.5959,HLA-A*02:06,"34244308,34244308",VVTEVFLLA,GVTEVFLLA,0,0,116.0,108.0,False,Conserved,-3,VVTEVFLLA,-3,VVTEVFLLA,0,1.3862943611198906,GVTEVFLLA,0.026317000000000035,VVTEVFLLA,VVTEVFLLA,GVTEVFLLA,Negative,9,9,9,9,9,9,"1,3,8",0.973683,0,1.3862943611198906,substitution,0.0,0.9004230885463885,"Negative,Negative",2,cedar,0.6618,GVTEVFLLA,0.5959,GVTEVFLLA,True,0.3133883603210425
VYHEIHIGYL,HLA-B4001,0.3681,1,3,0.4109,0.4883,0.4056,HLA-B*40:01,26631611,HEIHIGYL,HEILIGYL,2,2,1458.0,1449.0,False,Conserved,-3,VYHEIHIYL,-3,HEIHIGY-L,3,0.6931471805599453,HEILIGY-L,0.12637900000000002,VYHEIHIGYL,HEIHIGYL,HEILIGYL,Positive,10,8,8,8,8,10,"1,8",0.873621,5,0.6931471805599453,substitution,1.0,1.101874490627547,Positive_all,1,cedar,17.6,VYHEILIGYL,26.25,VYHEIIGYL,True,0.3011169428852155
VYRPLHYPLL,HLA-C0702,0.0097,1,3,0.1354,0.6186,0.2859,HLA-C*07:02,"29545564,29545564,29643231,29643231,29643231",YRPLHYPLL,CRPLHYPLL,1,1,140.0,131.0,False,Conserved,-2,VYPLHYPLL,-2,YRPLHYPLL,0,0.6931471805599453,CRPLHYPLL,0.047381000000000006,VYRPLHYPLL,YRPLHYPLL,CRPLHYPLL,Positive,10,9,9,9,9,10,"1,8",0.952619,1,0.6931471805599453,substitution,0.8,29.47422680412371,"Positive_all,Negative,Positive_all,Positive_all,Positive_all",5,cedar,0.997,VCRPLHYPLL,2.4802,VRPLHYPLL,True,0.3569413554332002
WLIEGDLQV,HLA-A0201,0.0286,0,3,0.02,0.868,0.0957,HLA-A*02:01,33479501,WLIEGDLQV,WLIGGDLQV,0,0,383.0,375.0,True,Conserved,-2,WLIEGDLQV,-2,WLIEGDLQV,3,0.6931471805599453,WLIGGDLQV,0.09617900000000001,WLIEGDLQV,WLIEGDLQV,WLIGGDLQV,Negative,9,9,9,9,9,9,"1,3,8",0.903821,3,0.6931471805599453,substitution,0.0,3.346153846153846,Negative,1,cedar,0.0286,WLIGGDLQV,0.0957,WLIGGDLQV,True,0.4222377971754314
WLLMLLIGFL,HLA-A0201,2.7653,0,3,1.8239,0.6342,1.6829,HLA-A*02:01,27198675,LLMLLIGFL,WLLMLLIGL,1,0,67.0,58.0,True,Conserved,0,WLLMLLIFL,-3,LLMLLIGFL,"0,2,3,5,6,7",2.1972245773362196,WLLMLLIGL,0.07321999999999995,WLLMLLIGFL,LLMLLIGFL,WLLMLLIGL,Negative,10,9,9,9,9,10,"1,3,8",0.92678,8,1.791759469228055,substitution,0.0,0.6085777311684085,Negative,1,cedar,7.4326,WLLMLLIGLL,7.6764,WLLMLLIGL,True,0.5553986005883884
WMLAEKTVQV,HLA-A0201,0.0028,0,3,0.0535,0.8561,0.7792,HLA-A*02:01,33479501,MLAEKTVQV,WMPAEKTVQV,1,0,56.0,47.0,True,Improved,-3,WLAEKTVQV,1,MLAEKTVQV,"0,1",0.6931471805599453,WMAEKTVQV,0.08852400000000005,WMLAEKTVQV,MLAEKTVQV,WMPAEKTVQV,Negative,10,9,10,9,10,10,"1,3,8",0.911476,2,1.3862943611198906,substitution,0.0,278.2857142857143,Negative,1,cedar,0.3553,WMPAEKTVQV,0.7792,WMAEKTVQV,True,0.15561765972590902
WMNLFVGFRF,HLA-A2402,2.6085,0,3,0.8533,0.4604,1.0067,HLA-A*24:02,27198675,MNLFVGFRF,MNPFVGFRF,1,1,292.0,283.0,False,Conserved,-3,WMNFVGFRF,-3,MNLFVGFRF,2,1.3862943611198906,MNPFVGFRF,0.096746,WMNLFVGFRF,MNLFVGFRF,MNPFVGFRF,Negative,10,9,9,9,9,10,"1,8",0.903254,3,1.3862943611198906,substitution,0.0,0.38593061146252633,Negative,1,cedar,9.5676,WMNPFVGFRF,2.2256,WMNPVGFRF,True,0.22971145372185875
WTHDNIMSK,HLA-A0301,0.3746,0,3,0.3018,0.6394,0.4443,HLA-A*03:01,31511069,WTHDNIMSK,WTHDNIISK,0,0,1869.0,1861.0,False,Conserved,1,WTHDNIMSK,1,WTHDNIMSK,6,1.0986122886681098,WTHDNIISK,0.04088700000000001,WTHDNIMSK,WTHDNIMSK,WTHDNIISK,Negative,9,9,9,9,9,9,"0,1,8",0.959113,6,1.0986122886681098,substitution,0.0,1.1860651361452215,Negative,1,cedar,0.3746,WTHDNIISK,0.4443,WTHDNIISK,True,0.16258197059602797
WVVSHPHLV,HLA-A6802,0.1032,0,3,0.1231,0.6626,0.557,HLA-A*68:02,30556813,WVVSHPHLV,WVVSHPDLV,0,0,543.0,535.0,False,Improved,-1,WVVSHPHLV,-1,WVVSHPHLV,6,0.6931471805599453,WVVSHPDLV,0.08967499999999995,WVVSHPHLV,WVVSHPHLV,WVVSHPDLV,Negative,9,9,9,9,9,9,"0,1,8",0.910325,6,0.6931471805599453,substitution,0.0,5.397286821705427,Negative,1,cedar,0.1032,WVVSHPDLV,0.557,WVVSHPDLV,True,0.4165276910811587
YDEAMSVSLKK,HLA-A1101,0.2928,0,3,0.8193,0.5302,0.2928,HLA-A*11:01,"34270940,34270940",EAMSVSLKK,EAMSVSLKK,2,2,669.0,659.0,False,Conserved,2,YAMSVSLKK,5,EAMSVSLKK,-1,,EAMSVSLKK,0.0,YDEAMSVSLKK,EAMSVSLKK,EAMSVSLKK,Negative,11,9,9,9,9,11,"0,1,8",1.0,1,1.3862943611198906,substitution,0.0,1.0,"Negative,Negative",2,cedar,1.0024,YEEAMSVSLKK,1.0023,YAMSVSLKK,True,0.1026282240982564
YIASFFIETEF,HLA-B1501,0.4675,0,3,1.7977,0.3125,1.1592,HLA-B*15:01,27198675,ASFFIETEF,ASFFIETGF,2,2,308.0,298.0,False,Conserved,-2,YSFFIETEF,-2,ASFFIETEF,7,0.6931471805599453,ASFFIETGF,0.05630900000000005,YIASFFIETEF,ASFFIETEF,ASFFIETGF,Negative,11,9,9,9,9,11,"1,8",0.943691,9,0.6931471805599453,substitution,0.0,2.479572192513369,Negative,1,cedar,2.6662,YIASFFIETGF,5.2105,YIASIETGF,True,0.16031007409542886
YIIFFVLVIF,HLA-B1501,3.35,0,3,2.4911,0.3697,2.9866,HLA-B*15:01,27198675,IIFFVLVIF,MIFFVLVIF,1,1,408.0,399.0,False,Conserved,1,YIIFFVLVF,1,IIFFVLVIF,0,1.0986122886681098,MIFFVLVIF,0.011245999999999978,YIIFFVLVIF,IIFFVLVIF,MIFFVLVIF,Negative,10,9,9,9,9,10,"1,8",0.988754,1,1.0986122886681098,substitution,0.0,0.8915223880597015,Negative,1,cedar,6.5219,YMIFFVLVIF,3.4975,YMIFFVLVF,True,0.5583629777227094
YLCAGAVYF,HLA-C0401,2.7295,1,3,0.2985,0.6305,5.5397,HLA-C*04:01,32226429,YLCAGAVYF,YLCAGAVDF,0,0,220.0,212.0,False,Conserved,-3,YLCAGAVYF,-3,YLCAGAVYF,7,0.6931471805599453,YLCAGAVDF,0.06954899999999997,YLCAGAVYF,YLCAGAVYF,YLCAGAVDF,Positive,9,9,9,9,9,9,"1,2,8",0.930451,7,0.6931471805599453,substitution,1.0,2.029565854552116,Positive_all,1,cedar,2.7295,YLCAGAVDF,5.5397,YLCAGAVDF,True,0.24019585352693293
YLCLQNNFI,HLA-A0201,1.9269,0,3,0.5152,0.7223,0.2545,HLA-A*02:01,"31655052,31655052",YLCLQNNFI,YLYLQNNFI,0,0,114.0,106.0,False,Conserved,-2,YLCLQNNFI,-2,YLCLQNNFI,2,0.6931471805599453,YLYLQNNFI,0.10994800000000005,YLCLQNNFI,YLCLQNNFI,YLYLQNNFI,Negative,9,9,9,9,9,9,"1,3,8",0.890052,2,0.6931471805599453,substitution,0.0,0.13207743006902278,"Negative,Negative",2,cedar,1.9269,YLYLQNNFI,0.2545,YLYLQNNFI,True,0.3272501883182862
YLDELIRNT,HLA-A0201,0.1548,1,3,0.8471,0.6057,0.176,HLA-A*02:01,30418433,YLDELIRNT,YLDELIKNT,0,0,921.0,913.0,False,Conserved,2,YLDELIRNT,2,YLDELIRNT,6,0.6931471805599453,YLDELIKNT,0.03282099999999999,YLDELIRNT,YLDELIRNT,YLDELIKNT,Positive,9,9,9,9,9,9,"1,3,8",0.967179,6,0.6931471805599453,substitution,1.0,1.1369509043927648,Positive_all,1,cedar,0.1548,YLDELIKNT,0.176,YLDELIKNT,True,0.22684457395028923
YLFRGRINPEV,HLA-C1203,7.0733,0,3,0.2307,0.7422,5.7661,HLA-C*12:03,24323902,FRGRINPEV,FRGRINTEV,2,2,304.0,294.0,False,Conserved,-1,YLFRGNPEV,-1,FRGRINPEV,6,1.3862943611198906,FRGRINTEV,0.07950900000000005,YLFRGRINPEV,FRGRINPEV,FRGRINTEV,Negative,11,9,9,9,9,11,"1,8",0.920491,8,1.3862943611198906,substitution,0.0,0.8151923430364894,Negative,1,cedar,15.8333,YLFRGRINTEV,14.08,YLFRGRTEV,True,0.10608736946521019
YLHKHYNNL,HLA-A0201,0.1861,0,3,0.0131,0.7572,0.241,HLA-A*02:01,31511069,YLHKHYNNL,YLHKDYNNL,0,0,384.0,376.0,False,Conserved,-1,YLHKHYNNL,-1,YLHKHYNNL,4,0.6931471805599453,YLHKDYNNL,0.10086300000000004,YLHKHYNNL,YLHKHYNNL,YLHKDYNNL,Negative,9,9,9,9,9,9,"1,3,8",0.899137,4,0.6931471805599453,substitution,0.0,1.295002686727566,Negative,1,cedar,0.1861,YLHKDYNNL,0.241,YLHKDYNNL,True,0.2938614541549551
YLIPCYFHA,HLA-A0201,0.287,0,3,0.0125,0.7971,1.0274,HLA-A*02:01,31511069,YLIPCYFHA,YLIPCYFDA,0,0,992.0,984.0,False,Improved,-1,YLIPCYFHA,-1,YLIPCYFHA,7,0.6931471805599453,YLIPCYFDA,0.07184299999999999,YLIPCYFHA,YLIPCYFHA,YLIPCYFDA,Negative,9,9,9,9,9,9,"1,3,8",0.928157,7,0.6931471805599453,substitution,0.0,3.579790940766551,Negative,1,cedar,0.287,YLIPCYFDA,1.0274,YLIPCYFDA,True,0.407848949455624
YLNELVVFV,HLA-A0201,0.004,1,3,0.0054,0.973,0.0246,HLA-A*02:01,30418433,YLNELVVFV,YVNELVVFV,0,0,203.0,195.0,True,Conserved,1,YLNELVVFV,1,YLNELVVFV,1,1.791759469228055,YVNELVVFV,0.023194000000000048,YLNELVVFV,YLNELVVFV,YVNELVVFV,Positive,9,9,9,9,9,9,"1,3,8",0.976806,1,1.791759469228055,substitution,1.0,6.15,Positive_all,1,cedar,0.004,YVNELVVFV,0.0246,YVNELVVFV,True,0.48979369608484447
YLNWIVRNL,HLA-A0201,0.2434,0,3,0.0983,0.8323,0.4477,HLA-A*02:01,31511069,YLNWIVRNL,YLNWMVRNL,0,0,757.0,749.0,False,Conserved,1,YLNWIVRNL,1,YLNWIVRNL,4,1.0986122886681098,YLNWMVRNL,0.055423,YLNWIVRNL,YLNWIVRNL,YLNWMVRNL,Negative,9,9,9,9,9,9,"1,3,8",0.944577,4,1.0986122886681098,substitution,0.0,1.8393590797041905,Negative,1,cedar,0.2434,YLNWMVRNL,0.4477,YLNWMVRNL,True,0.35528737107582753
YLSELLQTV,HLA-A0201,0.0019,1,3,0.0074,0.9291,0.0027,HLA-A*02:01,"31921104,31921104",YLSELLQTV,YLPELLQTV,0,0,236.0,228.0,False,Conserved,-1,YLSELLQTV,-1,YLSELLQTV,2,1.3862943611198906,YLPELLQTV,0.06508499999999995,YLSELLQTV,YLSELLQTV,YLPELLQTV,Positive,9,9,9,9,9,9,"1,3,8",0.934915,2,1.3862943611198906,substitution,1.0,1.4210526315789473,"Positive_all,Positive_all",2,cedar,0.0019,YLPELLQTV,0.0027,YLPELLQTV,True,0.3531871972157653
YLYDRLLRV,HLA-A0201,0.0017,1,3,0.0053,0.9492,0.0076,HLA-A*02:01,"29720506,29720506,29720506,29720506,29720506",YLYDRLLRV,YLYDRLLRI,0,0,87.0,79.0,True,Conserved,3,YLYDRLLRV,3,YLYDRLLRV,8,1.0986122886681098,YLYDRLLRI,0.00534100000000004,YLYDRLLRV,YLYDRLLRV,YLYDRLLRI,Positive,9,9,9,9,9,9,"1,3,8",0.994659,8,1.0986122886681098,substitution,1.0,4.470588235294118,"Positive_all,Positive_all,Positive_all,Positive_all,Positive_all",5,cedar,0.0017,YLYDRLLRI,0.0076,YLYDRLLRI,True,0.5014184724739386
YMAPEVVEVFA,HLA-A0201,0.0011,0,3,0.463,0.7323,0.0011,HLA-A*02:01,31511069,YMAPEVVEV,YMAPEVVEV,0,0,260.0,250.0,False,Conserved,0,YMAPEVVEA,4,YMAPEVVEV,-1,,YMAPEVVEV,0.0,YMAPEVVEVFA,YMAPEVVEV,YMAPEVVEV,Negative,11,9,9,9,9,11,"1,3,8",1.0,10,1.3862943611198906,substitution,0.0,1.0,Negative,1,cedar,0.4028,YMAPEVVEVFT,1.4863,YMAPEVVET,True,0.18583617017948306
YMASEVVEVF,HLA-A0201,0.0052,0,3,0.0121,0.8097,0.0011,HLA-A*02:01,33479501,YMASEVVEV,YMAPEVVEV,0,0,271.0,262.0,True,Conserved,-1,YMASEVVVF,-1,YMASEVVEV,3,1.3862943611198906,YMAPEVVEV,0.07411800000000002,YMASEVVEVF,YMASEVVEV,YMAPEVVEV,Negative,10,9,9,9,9,10,"1,3,8",0.925882,3,1.3862943611198906,substitution,0.0,0.21153846153846156,Negative,1,cedar,1.415,YMAPEVVEVF,0.5683,YMAPEVVEV,True,0.19417867723915225
YNFEMLQQHAV,HLA-A0201,4.8152,0,3,0.5615,0.508,3.0453,HLA-A*02:01,27198675,FEMLQQHAV,FEMLQQHTV,2,2,717.0,707.0,False,Conserved,0,YEMLQQHAV,0,FEMLQQHAV,7,1.3862943611198906,FEMLQQHTV,0.033748,YNFEMLQQHAV,FEMLQQHAV,FEMLQQHTV,Negative,11,9,9,9,9,11,"1,3,8",0.966252,9,1.3862943611198906,substitution,0.0,0.632434789832198,Negative,1,cedar,10.6568,YNFEMLQQHTV,8.0109,YNFEQQHTV,True,0.11982422985887177
YPHSLSSKL,HLA-B3501,0.0481,0,3,0.0161,0.5993,0.0521,HLA-B*35:01,27198675,YPHSLSSKL,YPHGLSSKL,0,0,477.0,469.0,False,Conserved,0,YPHSLSSKL,0,YPHSLSSKL,3,0.6931471805599453,YPHGLSSKL,0.06585200000000002,YPHSLSSKL,YPHSLSSKL,YPHGLSSKL,Negative,9,9,9,9,9,9,"1,8",0.934148,3,0.6931471805599453,substitution,0.0,1.0831600831600832,Negative,1,cedar,0.0481,YPHGLSSKL,0.0521,YPHGLSSKL,True,0.13232789525856908
YPHSLSSKL,HLA-B0702,0.0219,0,3,0.0161,0.5993,0.0237,HLA-B*07:02,27198675,YPHSLSSKL,YPHGLSSKL,0,0,477.0,469.0,False,Conserved,0,YPHSLSSKL,0,YPHSLSSKL,3,0.6931471805599453,YPHGLSSKL,0.06585200000000002,YPHSLSSKL,YPHSLSSKL,YPHGLSSKL,Negative,9,9,9,9,9,9,"1,8",0.934148,3,0.6931471805599453,substitution,0.0,1.0821917808219177,Negative,1,cedar,0.0219,YPHGLSSKL,0.0237,YPHGLSSKL,True,0.13549244466385144
YSKNLNSFF,HLA-B1501,0.481,1,3,0.0545,0.6437,0.1122,HLA-B*15:01,28423700,YSKNLNSFF,YSKNLNSSF,0,0,437.0,429.0,False,Conserved,-2,YSKNLNSFF,-2,YSKNLNSFF,7,0.6931471805599453,YSKNLNSSF,0.050383999999999984,YSKNLNSFF,YSKNLNSFF,YSKNLNSSF,Positive,9,9,9,9,9,9,"1,8",0.949616,7,0.6931471805599453,substitution,1.0,0.23326403326403325,Positive_all,1,cedar,0.481,YSKNLNSSF,0.1122,YSKNLNSSF,True,0.10256498374242178
YSSHRHLHVVY,HLA-B1501,0.8925,0,3,0.2155,0.4624,0.4405,HLA-B*15:01,27198675,SSHRHLHVVY,SSHRHPHVVY,1,1,1025.0,1015.0,False,Conserved,-3,YSSHRHLHY,-3,SSHHLHVVY,4,1.3862943611198906,SSHHPHVVY,0.09651500000000002,YSSHRHLHVVY,SSHRHLHVVY,SSHRHPHVVY,Negative,11,10,10,10,10,11,"1,8",0.903485,6,1.3862943611198906,substitution,0.0,0.4935574229691877,Negative,1,cedar,2.6588,YSSHRHPHVVY,1.1099,YSRHPHVVY,True,0.17064351961837476
YTAPGIVEI,HLA-C0303,0.0533,0,3,0.0106,0.7136,2.0632,HLA-C*03:03,"34244308,34244308",YTAPGIVEI,TAPGIVEI,0,1,524.0,516.0,False,Improved,-3,YTAPGIVEI,-8,YTAPGIVEI,"0,1,2",0.0,TA-PGIVEI,0.05520999999999998,YTAPGIVEI,YTAPGIVEI,TAPGIVEI,Negative,9,9,8,9,8,9,"1,8",0.94479,0,0.6931471805599453,substitution,0.0,38.709193245778614,"Negative,Negative",2,cedar,0.0533,DTAPGIVEI,2.4396,DTAPGIVEI,True,0.3482019935380082
YTILRALEFHL,HLA-A0201,0.7269,0,3,1.6478,0.2941,0.7269,HLA-A*02:01,31511069,ILRALEFHL,ILRALEFHL,2,2,346.0,336.0,False,Conserved,-3,YTILRALEL,4,ILRALEFHL,-1,,ILRALEFHL,0.0,YTILRALEFHL,ILRALEFHL,ILRALEFHL,Negative,11,9,9,9,9,11,"1,3,8",1.0,0,0.6931471805599453,substitution,0.0,1.0,Negative,1,cedar,4.7463,DTILRALEFHL,27.0645,DLRALEFHL,True,0.17352592543213208
YTRDQIMTI,HLA-A0201,1.4211,0,3,0.0497,0.6269,1.1381,HLA-A*02:01,27198675,YTRDQIMTI,YTRDQIVTI,0,0,441.0,433.0,False,Conserved,1,YTRDQIMTI,1,YTRDQIMTI,6,0.0,YTRDQIVTI,0.04229499999999997,YTRDQIMTI,YTRDQIMTI,YTRDQIVTI,Negative,9,9,9,9,9,9,"1,3,8",0.957705,6,0.0,substitution,0.0,0.8008584899021883,Negative,1,cedar,1.4211,YTRDQIVTI,1.1381,YTRDQIVTI,True,0.20527073013048544
YTRDQIMTI,HLA-B0702,1.5343,0,3,0.0497,0.6269,1.5359,HLA-B*07:02,27198675,YTRDQIMTI,YTRDQIVTI,0,0,441.0,433.0,False,Conserved,1,YTRDQIMTI,1,YTRDQIMTI,6,0.0,YTRDQIVTI,0.04229499999999997,YTRDQIMTI,YTRDQIMTI,YTRDQIVTI,Negative,9,9,9,9,9,9,"1,8",0.957705,6,0.0,substitution,0.0,1.0010428208303461,Negative,1,cedar,1.5343,YTRDQIVTI,1.5359,YTRDQIVTI,True,0.2282349855248553
YTRDQIMTIL,HLA-B0702,1.5343,0,3,0.1569,0.4518,1.5359,HLA-B*07:02,27198675,YTRDQIMTI,YTRDQIVTI,0,0,442.0,433.0,False,Conserved,1,YTDQIMTIL,1,YTRDQIMTI,6,0.0,YTRDQIVTI,0.04229499999999997,YTRDQIMTIL,YTRDQIMTI,YTRDQIVTI,Negative,10,9,9,9,9,10,"1,8",0.957705,6,0.0,substitution,0.0,1.0010428208303461,Negative,1,cedar,2.2468,YTRDQIVTIL,2.3624,YTRDQIVTL,True,0.22155639736861804
YVMASVFVCPL,HLA-A0201,3.0785,0,3,0.4132,0.8151,0.5738,HLA-A*02:01,31511069,YVMASVFV,VMASVFVCL,0,1,107.0,97.0,True,Conserved,-3,YVMASVFPL,-9,YVMASVF-V,"0,1,2,3,4,5,6,7,8",2.4849066497880004,VMASVFVCL,0.13040300000000005,YVMASVFVCPL,YVMASVFV,VMASVFVCL,Negative,11,8,9,8,9,11,"1,3,8",0.869597,9,1.3862943611198906,substitution,0.0,0.18638947539386064,Negative,1,cedar,3.669,YVMASVFVCLL,3.3129,YVMASVFLL,True,0.27614528781685205
YVRRVFITDDL,HLA-B0702,7.0059,0,3,8.178,0.1202,15.9407,HLA-B*07:02,31511069,YVRRVFITDDL,YVRRVFITDDF,0,0,422.0,412.0,True,Conserved,0,YVRRVFITL,0,YVRRVFITL,8,1.791759469228055,YVRRVFITF,0.010342999999999991,YVRRVFITDDL,YVRRVFITDDL,YVRRVFITDDF,Negative,11,11,11,11,11,11,"1,8",0.989657,10,1.791759469228055,substitution,0.0,2.275325083144207,Negative,1,cedar,7.0059,YVRRVFITDDF,15.9407,YVRRVFITF,True,0.1789243159291674
YYADAFDFY,HLA-A2402,0.2948,0,3,0.0272,0.7989,0.2451,HLA-A*24:02,27198675,YYADAFDFY,YYADAFDSY,0,0,486.0,478.0,False,Conserved,-2,YYADAFDFY,-2,YYADAFDFY,7,0.6931471805599453,YYADAFDSY,0.057633000000000045,YYADAFDFY,YYADAFDFY,YYADAFDSY,Negative,9,9,9,9,9,9,"1,8",0.942367,7,0.6931471805599453,substitution,0.0,0.8314111261872457,Negative,1,cedar,0.2948,YYADAFDSY,0.2451,YYADAFDSY,True,0.26772792269239304
YYLEGWRFL,HLA-A2402,0.0266,0,3,0.0096,0.8713,0.0141,HLA-A*24:02,27198675,YYLEGWRFL,YYLEGWRLL,0,0,2601.0,2593.0,False,Conserved,0,YYLEGWRFL,0,YYLEGWRFL,7,1.791759469228055,YYLEGWRLL,0.04386000000000001,YYLEGWRFL,YYLEGWRFL,YYLEGWRLL,Negative,9,9,9,9,9,9,"1,8",0.95614,7,1.791759469228055,substitution,0.0,0.5300751879699248,Negative,1,cedar,0.0266,YYLEGWRLL,0.0141,YYLEGWRLL,True,0.2691066218571439
YYLEGWRFL,HLA-A0201,2.5719,0,3,0.0096,0.8713,2.7499,HLA-A*02:01,27198675,YLEGWRFL,YLEGWRLL,1,1,2601.0,2593.0,False,Conserved,0,YYLEGWRFL,0,YL-EGWRFL,7,1.791759469228055,YL-EGWRLL,0.056042000000000036,YYLEGWRFL,YLEGWRFL,YLEGWRLL,Negative,9,8,8,8,8,9,"1,3,8",0.943958,7,1.791759469228055,substitution,0.0,1.0692095338076908,Negative,1,cedar,7.2266,YYLEGWRLL,6.8968,YYLEGWRLL,True,0.18213632454903828
YYSKNLNSF,HLA-A2402,0.0033,1,3,0.0086,0.8124,4.686,HLA-A*24:02,28423700,YYSKNLNSF,YYSKNLNSS,0,0,437.0,429.0,True,Improved,-2,YYSKNLNSF,-2,YYSKNLNSF,8,0.6931471805599453,YYSKNLNSS,0.025614000000000026,YYSKNLNSF,YYSKNLNSF,YYSKNLNSS,Positive,9,9,9,9,9,9,"1,8",0.974386,8,0.6931471805599453,substitution,1.0,1420.0,Positive_all,1,cedar,0.0033,YYSKNLNSS,4.686,YYSKNLNSS,True,0.24916470178504227
YYSKNLNSFF,HLA-A2402,0.0033,1,3,0.0122,0.7758,0.035,HLA-A*24:02,"28423700,28423700",YYSKNLNSF,YYSKNLNSSF,0,0,438.0,429.0,False,Conserved,-2,YYSKNLNSF,6,YYSKNLNSF,-1,,YYSKNLNSF,0.04064400000000001,YYSKNLNSFF,YYSKNLNSF,YYSKNLNSSF,Positive,10,9,10,9,10,10,"1,8",0.959356,8,0.6931471805599453,substitution,1.0,10.606060606060607,"Positive_all,Positive_all",2,cedar,0.031,YYSKNLNSSF,0.035,YYSKNLNSF,True,0.1865046954806487
AAPAHSHAV,HLA-A0206,0.8023,0,4,0.0098,0.7027,35.6875,HLA-A*02:06,34193879,AAPAHSHAV,AAPAHSHA,0,0,192.0,184.0,True,Improved,-3,AAPAHSHAV,-12,AAPAHSHAV,"3,4,5,6,7,8",0.0,AAP-AHSHA,0.043955999999999995,AAPAHSHAV,AAPAHSHAV,AAPAHSHA,Negative,9,9,8,9,8,9,"1,3,8",0.956044,8,1.3862943611198906,substitution,0.0,44.48149071419668,Negative,1,cedar,0.8023,AAPAHSHAG,42.1176,AAPAHSHAG,True,0.1147091061975915
AAYQRLTSEK,HLA-A1101,0.2914,0,4,0.5502,0.5739,0.1449,HLA-A*11:01,24323902,AAYQRLTSEK,AAYQQLTSEK,0,0,621.0,612.0,True,Conserved,1,AAYQRLTSK,-2,AAYQLTSEK,"4,5,6,7",2.0794415416798357,AAYQQLTSK,0.047575000000000034,AAYQRLTSEK,AAYQRLTSEK,AAYQQLTSEK,Negative,10,10,10,10,10,10,"0,1,8",0.952425,4,0.6931471805599453,substitution,0.0,0.497254632807138,Negative,1,cedar,0.2914,AAYQQLTSEK,0.1449,AAYQQLTSK,True,0.0881448108205019
AFPVHSWYNF,HLA-A2402,0.1909,0,4,0.0778,0.6729,0.2302,HLA-A*24:02,31511069,AFPVHSWYNF,AFPVHNWYNF,0,0,146.0,137.0,False,Conserved,1,AFPHSWYNF,1,AFPHSWYNF,4,0.6931471805599453,AFPHNWYNF,0.06274000000000002,AFPVHSWYNF,AFPVHSWYNF,AFPVHNWYNF,Negative,10,10,10,10,10,10,"1,8",0.93726,5,0.6931471805599453,substitution,0.0,1.2058669460450497,Negative,1,cedar,0.1909,AFPVHNWYNF,0.2302,AFPHNWYNF,True,0.24971690986874517
ALAKETQFW,HLA-A2402,1.3863,0,4,0.2694,0.3537,7.5397,HLA-A*24:02,27198675,ALAKETQFW,ALAKETQF,0,0,253.0,245.0,True,Improved,-3,ALAKETQFW,-8,ALAKETQFW,"6,7,8",,ALAKET-QF,0.06201000000000001,ALAKETQFW,ALAKETQFW,ALAKETQF,Negative,9,9,8,9,8,9,"1,8",0.93799,8,0.6931471805599453,substitution,0.0,5.43872177739306,Negative,1,cedar,1.3863,ALAKETQFR,21.4545,ALAKETQFR,True,0.07015977939523371
ALDGYNGTV,HLA-A0201,0.4218,0,4,0.1446,0.4989,1.2571,HLA-A*02:01,33257508,ALDGYNGTV,ALDGYNGTI,0,0,89.0,81.0,True,Conserved,3,ALDGYNGTV,3,ALDGYNGTV,8,1.0986122886681098,ALDGYNGTI,0.005971999999999977,ALDGYNGTV,ALDGYNGTV,ALDGYNGTI,Negative,9,9,9,9,9,9,"1,3,8",0.994028,8,1.0986122886681098,substitution,0.0,2.980322427690849,Negative,1,cedar,0.4218,ALDGYNGTI,1.2571,ALDGYNGTI,True,0.14318247706948325
ALFAGSMQL,HLA-A0201,0.0169,0,4,0.0436,0.8598,0.2378,HLA-A*02:01,31511069,ALFAGSMQL,AVFAGSMQL,0,0,581.0,573.0,True,Conserved,1,ALFAGSMQL,1,ALFAGSMQL,1,1.791759469228055,AVFAGSMQL,0.02364999999999995,ALFAGSMQL,ALFAGSMQL,AVFAGSMQL,Negative,9,9,9,9,9,9,"1,3,8",0.97635,1,1.791759469228055,substitution,0.0,14.071005917159765,Negative,1,cedar,0.0169,AVFAGSMQL,0.2378,AVFAGSMQL,True,0.2118744735488577
ALGCSNNEK,HLA-A1101,1.8499,0,4,0.5744,0.5194,2.4059,HLA-A*11:01,31511069,ALGCSNNEK,ALECSNNEK,0,0,1337.0,1329.0,False,Conserved,-2,ALGCSNNEK,-2,ALGCSNNEK,2,0.6931471805599453,ALECSNNEK,0.07849600000000001,ALGCSNNEK,ALGCSNNEK,ALECSNNEK,Negative,9,9,9,9,9,9,"0,1,8",0.921504,2,0.6931471805599453,substitution,0.0,1.3005567868533434,Negative,1,cedar,1.8499,ALECSNNEK,2.4059,ALECSNNEK,True,0.08671345551936192
ALGGVFMML,HLA-A0201,0.2653,0,4,0.3252,0.834,8.1681,HLA-A*02:01,31511069,ALGGVFMML,AFGGVFMML,0,0,268.0,260.0,True,Improved,0,ALGGVFMML,0,ALGGVFMML,1,1.791759469228055,AFGGVFMML,0.03502899999999998,ALGGVFMML,ALGGVFMML,AFGGVFMML,Negative,9,9,9,9,9,9,"1,3,8",0.964971,1,1.791759469228055,substitution,0.0,30.788164342254056,Negative,1,cedar,0.2653,AFGGVFMML,8.1681,AFGGVFMML,True,0.4286153354072247
ALIEAYVDI,HLA-A0201,0.4445,0,4,0.2857,0.8427,0.6623,HLA-A*02:01,31511069,ALIEAYVDI,ALIEAYVDM,0,0,777.0,769.0,True,Conserved,1,ALIEAYVDI,1,ALIEAYVDI,8,1.0986122886681098,ALIEAYVDM,0.01477700000000004,ALIEAYVDI,ALIEAYVDI,ALIEAYVDM,Negative,9,9,9,9,9,9,"1,3,8",0.985223,8,1.0986122886681098,substitution,0.0,1.4899887514060741,Negative,1,cedar,0.4445,ALIEAYVDM,0.6623,ALIEAYVDM,True,0.21589352514636437
ALLGSSCAPPL,HLA-A0201,1.2142,0,4,0.9892,0.5868,7.4968,HLA-A*02:01,27198675,ALLGSSCAPPL,ALLGSSCAP,0,0,83.0,73.0,True,Improved,-3,ALLGSSPPL,-7,ALLGSSPPL,"6,7,8",2.0794415416798357,ALLGSSCAP,0.07529399999999997,ALLGSSCAPPL,ALLGSSCAPPL,ALLGSSCAP,Negative,11,11,9,11,9,11,"1,3,8",0.924706,10,1.3862943611198906,substitution,0.0,6.17427112502059,Negative,1,cedar,1.2142,ALLGSSCAPPP,13.4933,ALLGSSPPP,True,0.1035161023486121
ALPQHLIRV,HLA-A0201,0.0267,1,4,0.0703,0.8479,6.2487,HLA-A*02:01,"34696226,34696226,34696226,34696226",ALPQHLIRV,APPQHLIRV,0,0,197.0,189.0,True,Improved,-3,ALPQHLIRV,-3,ALPQHLIRV,1,1.3862943611198906,APPQHLIRV,0.071349,ALPQHLIRV,ALPQHLIRV,APPQHLIRV,Positive,9,9,9,9,9,9,"1,3,8",0.928651,1,1.3862943611198906,substitution,1.0,234.03370786516854,"Positive_all,Positive_all,Positive_all,Positive_all",4,cedar,0.0267,APPQHLIRV,6.2487,APPQHLIRV,True,0.2891892043852734
ALQSQSISL,HLA-A0201,0.1036,0,4,0.6934,0.6944,0.1187,HLA-A*02:01,33479501,ALQSQSISL,VLQSQSISL,0,0,203.0,195.0,False,Conserved,0,ALQSQSISL,0,ALQSQSISL,0,1.3862943611198906,VLQSQSISL,0.013575000000000004,ALQSQSISL,ALQSQSISL,VLQSQSISL,Negative,9,9,9,9,9,9,"1,3,8",0.986425,0,1.3862943611198906,substitution,0.0,1.1457528957528957,Negative,1,cedar,0.1036,VLQSQSISL,0.1187,VLQSQSISL,True,0.1002368438501478
ALVNKLYSL,HLA-A0201,0.0271,0,4,0.0809,0.8351,0.0395,HLA-A*02:01,31511069,ALVNKLYSL,ALVNELYSL,0,0,92.0,84.0,False,Conserved,1,ALVNKLYSL,1,ALVNKLYSL,4,0.6931471805599453,ALVNELYSL,0.05237000000000003,ALVNKLYSL,ALVNKLYSL,ALVNELYSL,Negative,9,9,9,9,9,9,"1,3,8",0.94763,4,0.6931471805599453,substitution,0.0,1.4575645756457565,Negative,1,cedar,0.0271,ALVNELYSL,0.0395,ALVNELYSL,True,0.2290579901367068
ALWDRVVDL,HLA-A0201,0.0165,1,4,0.1276,0.7884,6.6438,HLA-A*02:01,"31921104,31921104",ALWDRVVDL,APWDRVVDL,0,0,540.0,532.0,True,Improved,-3,ALWDRVVDL,-3,ALWDRVVDL,1,1.3862943611198906,APWDRVVDL,0.07882599999999995,ALWDRVVDL,ALWDRVVDL,APWDRVVDL,Positive,9,9,9,9,9,9,"1,3,8",0.921174,1,1.3862943611198906,substitution,1.0,402.6545454545454,"Positive_all,Positive_all",2,cedar,0.0165,APWDRVVDL,6.6438,APWDRVVDL,True,0.3581837611568502
APTWRALAR,HLA-B0702,2.3117,0,4,2.4662,0.284,1.4481,HLA-B*07:02,27198675,APTWRALA,APTWRALAG,0,0,106.0,98.0,True,Conserved,-2,APTWRALAR,-12,APT-WRALA,"3,4,5,6,7,8",1.0986122886681098,APTWRALAG,0.05305000000000004,APTWRALAR,APTWRALA,APTWRALAG,Negative,9,8,9,8,9,9,"1,8",0.94695,8,1.791759469228055,substitution,0.0,0.6264221135960548,Negative,1,cedar,2.684,APTWRALAG,1.4481,APTWRALAG,True,0.09871733239031334
ARVSFTRGL,HLA-B2705,0.0563,0,4,0.0504,0.558,0.0287,HLA-B*27:05,33479501,ARVSFTRGL,ARVPFTRGL,0,0,104.0,96.0,False,Conserved,-1,ARVSFTRGL,-1,ARVSFTRGL,3,1.3862943611198906,ARVPFTRGL,0.08504599999999995,ARVSFTRGL,ARVSFTRGL,ARVPFTRGL,Negative,9,9,9,9,9,9,"1,8",0.914954,3,1.3862943611198906,substitution,0.0,0.5097690941385434,Negative,1,cedar,0.0563,ARVPFTRGL,0.0287,ARVPFTRGL,True,0.20672304625161603
ASLAPECGFGR,HLA-A1101,0.9065,0,4,0.9464,0.556,2.1421,HLA-A*11:01,"34270940,34270940",ASLAPECGFGR,AALAPECGFGR,0,0,238.0,228.0,True,Conserved,1,ASLAPGFGR,1,ASLAPGFGR,1,1.3862943611198906,AALAPGFGR,0.01298100000000002,ASLAPECGFGR,ASLAPECGFGR,AALAPECGFGR,Negative,11,11,11,11,11,11,"0,1,8",0.987019,1,1.3862943611198906,substitution,0.0,2.3630446773303917,"Negative,Negative",2,cedar,0.9065,AALAPECGFGR,2.1421,AALAPGFGR,True,0.07059206522495026
ASVTHSVDK,HLA-A1101,0.1831,0,4,0.252,0.6589,0.3859,HLA-A*11:01,"34270940,34270940",ASVTHSVDK,ASVTRSVDK,0,0,160.0,152.0,False,Conserved,0,ASVTHSVDK,0,ASVTHSVDK,4,0.6931471805599453,ASVTRSVDK,0.08108800000000005,ASVTHSVDK,ASVTHSVDK,ASVTRSVDK,Negative,9,9,9,9,9,9,"0,1,8",0.918912,4,0.6931471805599453,substitution,0.0,2.1075914800655378,"Negative,Negative",2,cedar,0.1831,ASVTRSVDK,0.3859,ASVTRSVDK,True,0.1561949694137662
ATVQKLSRFSL,HLA-B0702,1.695,0,4,5.8502,0.1735,2.8345,HLA-B*07:02,27198675,VQKLSRFSL,VQKLSRFPL,2,2,414.0,404.0,False,Conserved,-1,ATVQKLFSL,-1,VQKLSRFSL,7,1.3862943611198906,VQKLSRFPL,0.050954000000000055,ATVQKLSRFSL,VQKLSRFSL,VQKLSRFPL,Negative,11,9,9,9,9,11,"1,8",0.949046,9,1.3862943611198906,substitution,0.0,1.6722713864306782,Negative,1,cedar,4.7411,ATVQKLSRFPL,8.9282,ATKLSRFPL,True,0.09992966635255136
AVIDAYTEI,HLA-A0201,0.514,0,4,0.0953,0.7539,1.954,HLA-A*02:01,"25837513,25837513",AVIDAYTEI,AVINAYTEI,0,0,520.0,512.0,True,Improved,1,AVIDAYTEI,1,AVIDAYTEI,3,0.6931471805599453,AVINAYTEI,0.05614600000000003,AVIDAYTEI,AVIDAYTEI,AVINAYTEI,Negative,9,9,9,9,9,9,"1,3,8",0.943854,3,0.6931471805599453,substitution,0.0,3.801556420233463,"Negative,Negative",2,cedar,0.514,AVINAYTEI,1.954,AVINAYTEI,True,0.18145376279422265
AVMRWGMPL,HLA-A0201,1.9361,1,4,0.2189,0.6334,15.0578,HLA-A*02:01,30340600,AVMRWGMPL,AVMRWGMPP,0,0,1431.0,1423.0,True,Improved,-3,AVMRWGMPL,-3,AVMRWGMPL,8,1.3862943611198906,AVMRWGMPP,0.041267000000000054,AVMRWGMPL,AVMRWGMPL,AVMRWGMPP,Positive,9,9,9,9,9,9,"1,3,8",0.958733,8,1.3862943611198906,substitution,1.0,7.777387531635763,Positive_all,1,cedar,1.9361,AVMRWGMPP,15.0578,AVMRWGMPP,True,0.15631117003530423
AVSKPGLDYEL,HLA-A6802,6.0498,0,4,4.8675,0.1128,5.7615,HLA-A*68:02,30556813,AVSKPGLDYEL,AVSKPGMDYEL,0,0,417.0,407.0,False,Conserved,2,AVPGLDYEL,-1,AVSKPGYEL,6,-1.0,AVSKPGMEL,0.030599000000000043,AVSKPGLDYEL,AVSKPGLDYEL,AVSKPGMDYEL,Negative,11,11,11,11,11,11,"0,1,8",0.969401,6,0.6931471805599453,substitution,0.0,0.9523455320837052,Negative,1,cedar,6.0498,AVSKPGMDYEL,5.7615,AVSKPGMEL,True,0.07567629391531674
AVSLGRLKL,HLA-B0702,0.5815,0,4,1.2612,0.3587,1.1326,HLA-B*07:02,27198675,AVSLGRLKL,AVSLGKLKL,0,0,268.0,260.0,False,Conserved,2,AVSLGRLKL,2,AVSLGRLKL,5,0.6931471805599453,AVSLGKLKL,0.035838000000000036,AVSLGRLKL,AVSLGRLKL,AVSLGKLKL,Negative,9,9,9,9,9,9,"1,8",0.964162,5,0.6931471805599453,substitution,0.0,1.9477214101461737,Negative,1,cedar,0.5815,AVSLGKLKL,1.1326,AVSLGKLKL,True,0.11884808764961233
CLSIRITSI,HLA-A0201,3.9408,0,4,0.0932,0.6206,30.0,HLA-A*02:01,27198675,CLSIRITSI,CPSIRITSI,0,0,121.0,113.0,True,Conserved,-3,CLSIRITSI,-3,CLSIRITSI,1,1.3862943611198906,CPSIRITSI,0.06349800000000005,CLSIRITSI,CLSIRITSI,CPSIRITSI,Negative,9,9,9,9,9,9,"1,3,8",0.936502,1,1.3862943611198906,substitution,0.0,7.612667478684531,Negative,1,cedar,3.9408,CPSIRITSI,30.0,CPSIRITSI,True,0.19136179646838364
CPGKPLNIF,HLA-B3501,0.4469,0,4,0.6484,0.4477,0.2291,HLA-B*35:01,27198675,CPGKPLNIF,CPGKPLNVF,0,0,1061.0,1053.0,False,Conserved,3,CPGKPLNIF,3,CPGKPLNIF,7,1.0986122886681098,CPGKPLNVF,0.012349000000000054,CPGKPLNIF,CPGKPLNIF,CPGKPLNVF,Negative,9,9,9,9,9,9,"1,8",0.987651,7,1.0986122886681098,substitution,0.0,0.5126426493622734,Negative,1,cedar,0.4469,CPGKPLNVF,0.2291,CPGKPLNVF,True,0.14952664454887415
CPGKPLNIF,HLA-B0702,0.8195,0,4,0.6484,0.4477,0.5063,HLA-B*07:02,27198675,CPGKPLNIF,CPGKPLNVF,0,0,1061.0,1053.0,False,Conserved,3,CPGKPLNIF,3,CPGKPLNIF,7,1.0986122886681098,CPGKPLNVF,0.012349000000000054,CPGKPLNIF,CPGKPLNIF,CPGKPLNVF,Negative,9,9,9,9,9,9,"1,8",0.987651,7,1.0986122886681098,substitution,0.0,0.6178157413056742,Negative,1,cedar,0.8195,CPGKPLNVF,0.5063,CPGKPLNVF,True,0.1551151698862794
CPGKPLNIFRI,HLA-B0702,0.8195,0,4,2.4295,0.1429,0.5063,HLA-B*07:02,27198675,CPGKPLNIF,CPGKPLNVF,0,0,1063.0,1053.0,False,Conserved,3,CPGKPLNII,3,CPGKPLNIF,7,1.0986122886681098,CPGKPLNVF,0.012349000000000054,CPGKPLNIFRI,CPGKPLNIF,CPGKPLNVF,Negative,11,9,9,9,9,11,"1,8",0.987651,7,1.0986122886681098,substitution,0.0,0.6178157413056742,Negative,1,cedar,10.1245,CPGKPLNVFRI,7.4795,CPGKPLNVI,True,0.14746370205401993
CSMCHVHPH,HLA-A1101,4.953,0,4,1.8966,0.4007,42.0,HLA-A*11:01,31511069,CSMCHVHPH,CSMCHVHPN,0,0,3576.0,3568.0,True,Conserved,1,CSMCHVHPH,1,CSMCHVHPH,8,0.6931471805599453,CSMCHVHPN,0.029336999999999946,CSMCHVHPH,CSMCHVHPH,CSMCHVHPN,Negative,9,9,9,9,9,9,"0,1,8",0.970663,8,0.6931471805599453,substitution,0.0,8.479709267110842,Negative,1,cedar,4.953,CSMCHVHPN,42.0,CSMCHVHPN,True,0.34056118355082016
CTYEYWPSA,HLA-A0201,3.0222,0,4,0.2148,0.6082,2.8211,HLA-A*02:01,31511069,CTYEYWPSA,CTYENWPSA,0,0,21.0,13.0,False,Conserved,-2,CTYEYWPSA,-2,CTYEYWPSA,4,0.6931471805599453,CTYENWPSA,0.12545399999999995,CTYEYWPSA,CTYEYWPSA,CTYENWPSA,Negative,9,9,9,9,9,9,"1,3,8",0.874546,4,0.6931471805599453,substitution,0.0,0.9334590695519819,Negative,1,cedar,3.0222,CTYENWPSA,2.8211,CTYENWPSA,True,0.20223451906787154
DPESDTLTL,HLA-B3501,0.4415,0,4,0.1742,0.3638,0.438,HLA-B*35:01,27198675,DPESDTLTL,DPESETLTL,0,0,330.0,322.0,False,Conserved,2,DPESDTLTL,2,DPESDTLTL,4,1.3862943611198906,DPESETLTL,0.04749700000000001,DPESDTLTL,DPESDTLTL,DPESETLTL,Negative,9,9,9,9,9,9,"1,8",0.952503,4,1.3862943611198906,substitution,0.0,0.9920724801812004,Negative,1,cedar,0.4415,DPESETLTL,0.438,DPESETLTL,True,0.098883645832972
DVAAHLQPL,HLA-A2501,0.0686,0,4,0.0138,0.5457,0.0372,HLA-A*25:01,29895573,DVAAHLQPL,DVAAHLQLL,0,0,531.0,523.0,False,Conserved,-3,DVAAHLQPL,-3,DVAAHLQPL,7,1.3862943611198906,DVAAHLQLL,0.06312600000000002,DVAAHLQPL,DVAAHLQPL,DVAAHLQLL,Negative,9,9,9,9,9,9,"0,1,8",0.936874,7,1.3862943611198906,substitution,0.0,0.5422740524781341,Negative,1,cedar,0.0686,DVAAHLQLL,0.0372,DVAAHLQLL,True,0.20240417021252824
EGSLGISHTR,HLA-A6801,0.0405,0,4,0.1886,0.7554,0.0378,HLA-A*68:01,30556813,EGSLGISHTR,EGSWGISHTR,0,0,89.0,80.0,False,Conserved,-2,ESLGISHTR,-2,ESLGISHTR,2,0.0,ESWGISHTR,0.09645800000000004,EGSLGISHTR,EGSLGISHTR,EGSWGISHTR,Negative,10,10,10,10,10,10,"0,1,8",0.903542,3,0.0,substitution,0.0,0.9333333333333333,Negative,1,cedar,0.0405,EGSWGISHTR,0.0378,ESWGISHTR,True,0.1214182484471995
ELFDPNQSPQV,HLA-A0201,0.5124,0,4,0.7369,0.4783,0.6364,HLA-A*02:01,31511069,ELFDPNQSPQV,ELFEPNQSPQV,0,0,1189.0,1179.0,True,Conserved,2,ELFDPSPQV,2,ELFDPSPQV,3,1.3862943611198906,ELFEPSPQV,0.03717599999999999,ELFDPNQSPQV,ELFDPNQSPQV,ELFEPNQSPQV,Negative,11,11,11,11,11,11,"1,3,8",0.962824,3,1.3862943611198906,substitution,0.0,1.2419984387197502,Negative,1,cedar,0.5124,ELFEPNQSPQV,0.6364,ELFEPSPQV,True,0.08638886770240706
ELSKEELPYYV,HLA-A0201,3.0285,0,4,2.3019,0.3287,2.2445,HLA-A*02:01,31511069,ELSKEELPYYV,ELSEEELPYYV,0,0,875.0,865.0,False,Conserved,1,ELSELPYYV,-3,ELSELPYYV,4,-1.0,ELSEEPYYV,0.03185800000000005,ELSKEELPYYV,ELSKEELPYYV,ELSEEELPYYV,Negative,11,11,11,11,11,11,"1,3,8",0.968142,3,0.6931471805599453,substitution,0.0,0.7411259699521214,Negative,1,cedar,3.0285,ELSEEELPYYV,2.2445,ELSEEPYYV,True,0.12819464799138536
ETMQCSELY,HLA-A2501,0.0985,1,4,0.0167,0.6731,0.2713,HLA-A*25:01,29895573,ETMQCSELY,EAMQCSELY,0,0,122.0,114.0,True,Conserved,0,ETMQCSELY,0,ETMQCSELY,1,1.3862943611198906,EAMQCSELY,0.03640600000000005,ETMQCSELY,ETMQCSELY,EAMQCSELY,Negative,9,9,9,9,9,9,"0,1,8",0.963594,1,1.3862943611198906,substitution,0.0,2.7543147208121823,Negative,1,cedar,0.0985,EAMQCSELY,0.2713,EAMQCSELY,True,0.13656447075532593
ETMQCSELYHM,HLA-A2501,0.0985,1,4,0.5805,0.3055,0.2713,HLA-A*25:01,29895573,ETMQCSELY,EAMQCSELY,0,0,124.0,114.0,True,Conserved,0,ETMSELYHM,0,ETMQCSELY,1,1.3862943611198906,EAMQCSELY,0.03640600000000005,ETMQCSELYHM,ETMQCSELY,EAMQCSELY,Positive,11,9,9,9,9,11,"0,1,8",0.963594,1,1.3862943611198906,substitution,1.0,2.7543147208121823,Positive_all,1,cedar,1.5631,EAMQCSELYHM,3.3207,EAMSELYHM,True,0.12358732214384685
EVLPFFLFF,HLA-A2902,0.5717,1,4,0.229,0.4104,1.0892,HLA-A*29:02,"27312342,27312342",EVLPFFLFF,EALPFFLFF,0,0,94.0,86.0,True,Conserved,0,EVLPFFLFF,0,EVLPFFLFF,1,1.3862943611198906,EALPFFLFF,0.029279000000000055,EVLPFFLFF,EVLPFFLFF,EALPFFLFF,Positive,9,9,9,9,9,9,"1,8",0.970721,1,1.3862943611198906,substitution,0.5,1.9051950323596292,"Positive_all,Negative",2,cedar,0.5717,EALPFFLFF,1.0892,EALPFFLFF,True,0.30049634734334324
FFARLFVFQV,HLA-A0201,4.3631,0,4,3.3811,0.2743,8.1157,HLA-A*02:01,31511069,FARLFVFQV,FARLFGFQV,1,1,38.0,29.0,False,Conserved,-3,FARLFVFQV,-3,FARLFVFQV,5,1.3862943611198906,FARLFGFQV,0.09599000000000002,FFARLFVFQV,FARLFVFQV,FARLFGFQV,Negative,10,9,9,9,9,10,"1,3,8",0.90401,6,1.3862943611198906,substitution,0.0,1.8600765510760697,Negative,1,cedar,14.2021,FFARLFGFQV,17.4452,FFARFGFQV,True,0.23139754664499643
FLAEHEYGL,HLA-A0201,0.0041,1,4,0.005,0.9527,0.0049,HLA-A*02:01,"34104546,34104546,34104546,34104546,34104546,34104546,34104546",FLAEHEYGL,FLAEHDYGL,0,0,1361.0,1353.0,False,Conserved,2,FLAEHEYGL,2,FLAEHEYGL,5,1.3862943611198906,FLAEHDYGL,0.05430800000000002,FLAEHEYGL,FLAEHEYGL,FLAEHDYGL,Positive,9,9,9,9,9,9,"1,3,8",0.945692,5,1.3862943611198906,substitution,1.0,1.1951219512195121,"Positive_all,Positive_all,Positive_all,Positive_all,Positive_all,Positive_all,Positive_all",7,cedar,0.0041,FLAEHDYGL,0.0049,FLAEHDYGL,True,0.43783771152411777
FLAYELLPAL,HLA-A0201,0.1942,0,4,0.0479,0.9171,0.3556,HLA-A*02:01,31511069,FLAYELLPAL,VLAYELLPAL,0,0,625.0,616.0,False,Conserved,-1,FLAELLPAL,-1,FLAELLPAL,0,0.6931471805599453,VLAELLPAL,0.01567200000000002,FLAYELLPAL,FLAYELLPAL,VLAYELLPAL,Negative,10,10,10,10,10,10,"1,3,8",0.984328,0,0.6931471805599453,substitution,0.0,1.831101956745623,Negative,1,cedar,0.1942,VLAYELLPAL,0.3556,VLAELLPAL,True,0.26136330849337
FLGIFNTGF,HLA-B1501,2.3946,0,4,1.3152,0.4612,11.6814,HLA-B*15:01,27198675,FLGIFNTGF,FLGIFNTGL,0,0,138.0,130.0,True,Conserved,0,FLGIFNTGF,0,FLGIFNTGF,8,1.791759469228055,FLGIFNTGL,0.01946099999999995,FLGIFNTGF,FLGIFNTGF,FLGIFNTGL,Negative,9,9,9,9,9,9,"1,8",0.980539,8,1.791759469228055,substitution,0.0,4.878226008519168,Negative,1,cedar,2.3946,FLGIFNTGL,11.6814,FLGIFNTGL,True,0.27658574432981275
FLGIFNTGFKM,HLA-A0201,1.7681,0,4,1.6015,0.6538,0.424,HLA-A*02:01,27198675,GIFNTGFKM,FLGIFNTGL,2,0,140.0,130.0,True,Conserved,0,FLFNTGFKM,-11,GIFNTGFKM,"0,1,2,3,4,5,6,7,8",2.0794415416798357,FLGIFNTGL,0.17712499999999998,FLGIFNTGFKM,GIFNTGFKM,FLGIFNTGL,Negative,11,9,9,9,9,11,"1,3,8",0.822875,8,1.791759469228055,substitution,0.0,0.23980544086872913,Negative,1,cedar,1.9528,FLGIFNTGLKM,1.7757,FLFNTGLKM,True,0.1668981699117694
FLLDSCTKL,HLA-A0201,0.0296,1,4,0.087,0.8093,0.0835,HLA-A*02:01,"31921104,31921104,31921104",FLLDSCTKL,SLLDSCTKL,0,0,123.0,115.0,False,Conserved,-2,FLLDSCTKL,-2,FLLDSCTKL,0,0.6931471805599453,SLLDSCTKL,0.02784500000000001,FLLDSCTKL,FLLDSCTKL,SLLDSCTKL,Positive,9,9,9,9,9,9,"1,3,8",0.972155,0,0.6931471805599453,substitution,1.0,2.820945945945946,"Positive_all,Positive_all,Positive_all",3,cedar,0.0296,SLLDSCTKL,0.0835,SLLDSCTKL,True,0.23686647167685818
FLLLVAAMI,HLA-A0201,2.047,0,4,0.4643,0.8048,1.635,HLA-A*02:01,24323902,FLLLVAAMI,FLLLVVAMI,0,0,148.0,140.0,False,Conserved,0,FLLLVAAMI,0,FLLLVAAMI,5,1.3862943611198906,FLLLVVAMI,0.034586000000000006,FLLLVAAMI,FLLLVAAMI,FLLLVVAMI,Negative,9,9,9,9,9,9,"1,3,8",0.965414,5,1.3862943611198906,substitution,0.0,0.7987298485588665,Negative,1,cedar,2.047,FLLLVVAMI,1.635,FLLLVVAMI,True,0.38038775698269994
FLNVLFPLL,HLA-A0201,0.1949,1,4,0.0576,0.9113,0.2237,HLA-A*02:01,30418433,FLNVLFPLL,FLNVFFPLL,0,0,15.0,7.0,False,Conserved,0,FLNVLFPLL,0,FLNVLFPLL,4,1.791759469228055,FLNVFFPLL,0.05999500000000002,FLNVLFPLL,FLNVLFPLL,FLNVFFPLL,Positive,9,9,9,9,9,9,"1,3,8",0.940005,4,1.791759469228055,substitution,1.0,1.1477680861980504,Positive_all,1,cedar,0.1949,FLNVFFPLL,0.2237,FLNVFFPLL,True,0.4078915460285619
FLSQRVAFL,HLA-A0201,0.069,0,4,0.0096,0.9082,0.5944,HLA-A*02:01,"27198675,27198675,27198675,27198675",FLSQRVAFL,FLRQRVAFL,0,0,32.0,24.0,False,Improved,-1,FLSQRVAFL,-1,FLSQRVAFL,2,1.791759469228055,FLRQRVAFL,0.056804999999999994,FLSQRVAFL,FLSQRVAFL,FLRQRVAFL,Negative,9,9,9,9,9,9,"1,3,8",0.943195,2,1.791759469228055,substitution,0.0,8.614492753623189,"Negative,Negative,Negative,Negative",4,cedar,0.069,FLRQRVAFL,0.5944,FLRQRVAFL,True,0.25504835640912993
FLSQRVAFLGL,HLA-A0201,0.069,0,4,0.7352,0.6883,0.5944,HLA-A*02:01,27198675,FLSQRVAFL,FLRQRVAFL,0,0,34.0,24.0,False,Improved,-1,FLSQRVAFL,-1,FLSQRVAFL,2,1.791759469228055,FLRQRVAFL,0.056804999999999994,FLSQRVAFLGL,FLSQRVAFL,FLRQRVAFL,Negative,11,9,9,9,9,11,"1,3,8",0.943195,2,1.791759469228055,substitution,0.0,8.614492753623189,Negative,1,cedar,2.2638,FLRQRVAFLGL,7.6164,FLRQRVLGL,True,0.14828654598882884
FLSTVMDRV,HLA-A0201,0.0614,0,4,0.0074,0.9294,0.2654,HLA-A*02:01,31511069,FLSTVMDRV,VLSTVMDRV,0,0,1894.0,1886.0,False,Conserved,-1,FLSTVMDRV,-1,FLSTVMDRV,0,0.6931471805599453,VLSTVMDRV,0.02050099999999999,FLSTVMDRV,FLSTVMDRV,VLSTVMDRV,Negative,9,9,9,9,9,9,"1,3,8",0.979499,0,0.6931471805599453,substitution,0.0,4.322475570032574,Negative,1,cedar,0.0614,VLSTVMDRV,0.2654,VLSTVMDRV,True,0.2732486031030683
FLVGKPGSSM,HLA-A0201,2.3011,0,4,0.5041,0.5176,4.2695,HLA-A*02:01,31511069,FLVGKPGSSM,FLVGKPGSS,0,0,2489.0,2480.0,True,Conserved,-1,FLVGPGSSM,-1,FLVGKPSSM,"6,8",0.6931471805599453,FLVGKPGSS,0.03517099999999995,FLVGKPGSSM,FLVGKPGSSM,FLVGKPGSS,Negative,10,10,9,10,9,10,"1,3,8",0.964829,9,0.0,substitution,0.0,1.8554169744904612,Negative,1,cedar,2.3011,FLVGKPGSSK,11.7902,FLVGPGSSK,True,0.06255727525930538
FLVNKFSTL,HLA-A0201,0.0621,0,4,0.0118,0.7623,0.0251,HLA-A*02:01,31511069,FLVNKFSTL,FLVNKFSTV,0,0,240.0,232.0,True,Conserved,1,FLVNKFSTL,1,FLVNKFSTL,8,1.791759469228055,FLVNKFSTV,0.011804999999999954,FLVNKFSTL,FLVNKFSTL,FLVNKFSTV,Negative,9,9,9,9,9,9,"1,3,8",0.988195,8,1.791759469228055,substitution,0.0,0.40418679549114334,Negative,1,cedar,0.0621,FLVNKFSTV,0.0251,FLVNKFSTV,True,0.2797701944557384
FLWSVFMLI,HLA-A0201,0.4358,1,4,0.0649,0.9072,0.4905,HLA-A*02:01,30418433,FLWSVFMLI,FLWSVFWLI,0,0,160.0,152.0,False,Conserved,-1,FLWSVFMLI,-1,FLWSVFMLI,6,-1.0,FLWSVFWLI,0.09998300000000004,FLWSVFMLI,FLWSVFMLI,FLWSVFWLI,Positive,9,9,9,9,9,9,"1,3,8",0.900017,6,-1.0,substitution,1.0,1.1255162918770076,Positive_all,1,cedar,0.4358,FLWSVFWLI,0.4905,FLWSVFWLI,True,0.5329586957895559
FMLLTQARI,HLA-A0201,1.1444,1,4,0.3763,0.8229,0.4577,HLA-A*02:01,30418433,FMLLTQARI,FMLLTQARL,0,0,189.0,181.0,True,Conserved,2,FMLLTQARI,2,FMLLTQARI,8,1.3862943611198906,FMLLTQARL,0.008758000000000044,FMLLTQARI,FMLLTQARI,FMLLTQARL,Positive,9,9,9,9,9,9,"1,3,8",0.991242,8,1.3862943611198906,substitution,1.0,0.3999475707794477,Positive_all,1,cedar,1.1444,FMLLTQARL,0.4577,FMLLTQARL,True,0.188279790093184
FMSTMDVLV,HLA-A0203,0.354,0,4,0.0072,0.9318,0.4311,HLA-A*02:03,33262196,FMSTMDVLV,FMSTMDALV,0,0,158.0,150.0,False,Conserved,0,FMSTMDVLV,0,FMSTMDVLV,6,1.3862943611198906,FMSTMDALV,0.04092899999999999,FMSTMDVLV,FMSTMDVLV,FMSTMDALV,Negative,9,9,9,9,9,9,"1,8",0.959071,6,1.3862943611198906,substitution,0.0,1.2177966101694915,Negative,1,cedar,0.354,FMSTMDALV,0.4311,FMSTMDALV,True,0.3098352214851982
FPGNQWNPV,HLA-B5601,0.3767,0,4,0.052,0.7071,0.4119,HLA-B*56:01,33479501,FPGNQWNPV,FPGNRWNPV,0,0,494.0,486.0,False,Conserved,1,FPGNQWNPV,1,FPGNQWNPV,4,0.6931471805599453,FPGNRWNPV,0.07545400000000002,FPGNQWNPV,FPGNQWNPV,FPGNRWNPV,Negative,9,9,9,9,9,9,"1,8",0.924546,4,0.6931471805599453,substitution,0.0,1.093443058136448,Negative,1,cedar,0.3767,FPGNRWNPV,0.4119,FPGNRWNPV,True,0.19208203217189565
FPVHSWYNF,HLA-B0702,0.9562,0,4,0.0108,0.8689,1.1422,HLA-B*07:02,31511069,FPVHSWYNF,FPVHNWYNF,0,0,146.0,138.0,False,Conserved,1,FPVHSWYNF,1,FPVHSWYNF,4,0.6931471805599453,FPVHNWYNF,0.07054099999999996,FPVHSWYNF,FPVHSWYNF,FPVHNWYNF,Negative,9,9,9,9,9,9,"1,8",0.929459,4,0.6931471805599453,substitution,0.0,1.1945199749006485,Negative,1,cedar,0.9562,FPVHNWYNF,1.1422,FPVHNWYNF,True,0.32671818445655065
FQHPYDQAHLL,HLA-A0201,0.5564,0,4,0.1193,0.4069,0.5564,HLA-A*02:01,31511069,FQHPYDQAHLL,FQQPYDQAHLL,0,0,41.0,31.0,False,Conserved,0,FPYDQAHLL,4,FQYDQAHLL,-1,,FQYDQAHLL,0.04786100000000004,FQHPYDQAHLL,FQHPYDQAHLL,FQQPYDQAHLL,Negative,11,11,11,11,11,11,"1,3,8",0.952139,2,1.3862943611198906,substitution,0.0,1.0,Negative,1,cedar,0.5564,FQQPYDQAHLL,0.5564,FQYDQAHLL,True,0.16226580928887235
FQQEIQILK,HLA-A1102,0.3161,0,4,0.6895,0.5521,0.7122,HLA-A*11:02,"34244308,34244308",FQQEIQILK,FQREIQILK,0,0,876.0,868.0,False,Conserved,1,FQQEIQILK,1,FQQEIQILK,2,0.6931471805599453,FQREIQILK,0.04646899999999998,FQQEIQILK,FQQEIQILK,FQREIQILK,Negative,9,9,9,9,9,9,"0,1,8",0.953531,2,0.6931471805599453,substitution,0.0,2.253084466940842,"Negative,Negative",2,cedar,0.3161,FQREIQILK,0.7122,FQREIQILK,True,0.3172097063886569
FRHSLVVPY,HLA-C0702,0.03,0,4,0.0091,0.6966,0.0162,HLA-C*07:02,"34244308,34244308",FRHSLVVPY,FRHSVVVPY,0,0,220.0,212.0,False,Conserved,1,FRHSLVVPY,1,FRHSLVVPY,4,1.791759469228055,FRHSVVVPY,0.040742999999999974,FRHSLVVPY,FRHSLVVPY,FRHSVVVPY,Negative,9,9,9,9,9,9,"1,8",0.959257,4,1.791759469228055,substitution,0.0,0.54,"Negative,Negative",2,cedar,0.03,FRHSVVVPY,0.0162,FRHSVVVPY,True,0.3979925414922916
FRQKTNLIL,HLA-C0702,0.0743,1,4,0.0099,0.6645,0.5517,HLA-C*07:02,32226429,FRQKTNLIL,FRQKTNLIV,0,0,606.0,598.0,True,Improved,1,FRQKTNLIL,1,FRQKTNLIL,8,1.791759469228055,FRQKTNLIV,0.010942000000000007,FRQKTNLIL,FRQKTNLIL,FRQKTNLIV,Positive,9,9,9,9,9,9,"1,8",0.989058,8,1.791759469228055,substitution,1.0,7.425302826379541,Positive_all,1,cedar,0.0743,FRQKTNLIV,0.5517,FRQKTNLIV,True,0.3018227437300845
FRSGLDSYV,HLA-C0602,0.0999,0,4,0.0162,0.6452,0.1515,HLA-C*06:02,32314731,FRSGLDSYV,FRSRLDSYV,0,0,134.0,126.0,False,Conserved,-2,FRSGLDSYV,-2,FRSGLDSYV,3,1.791759469228055,FRSRLDSYV,0.096827,FRSGLDSYV,FRSGLDSYV,FRSRLDSYV,Negative,9,9,9,9,9,9,"1,8",0.903173,3,1.791759469228055,substitution,0.0,1.5165165165165164,Negative,1,cedar,0.0999,FRSRLDSYV,0.1515,FRSRLDSYV,True,0.2791996858468629
FSEFFIGPLM,HLA-B3501,3.3277,0,4,0.3122,0.5457,3.6568,HLA-B*35:01,27198675,SEFFIGPLM,SEFIIGPLM,1,1,423.0,414.0,False,Conserved,0,FEFFIGPLM,0,SEFFIGPLM,3,0.6931471805599453,SEFIIGPLM,0.06728800000000001,FSEFFIGPLM,SEFFIGPLM,SEFIIGPLM,Negative,10,9,9,9,9,10,"1,8",0.932712,4,0.6931471805599453,substitution,0.0,1.0988971361601105,Negative,1,cedar,10.8043,FSEFIIGPLM,10.3498,FEFIIGPLM,True,0.2197145423764858
FSFPETQFIAV,HLA-A0201,0.8552,0,4,1.0002,0.5251,0.2577,HLA-A*02:01,31511069,FSFPETQFI,FTFPETQFI,0,0,369.0,359.0,True,Conserved,1,FSFPETIAV,1,FSFPETQFI,1,1.791759469228055,FTFPETQFI,0.026092000000000004,FSFPETQFIAV,FSFPETQFI,FTFPETQFI,Negative,11,9,9,9,9,11,"1,3,8",0.973908,1,1.791759469228055,substitution,0.0,0.301333021515435,Negative,1,cedar,2.2628,FTFPETQFIAV,0.863,FTFPETIAV,True,0.11623000182138944
FSYLIWSNPRY,HLA-C1203,1.42,0,4,0.7189,0.3034,6.4461,HLA-C*12:03,29895573,YLIWSNPRY,FSDLIWSNPRY,2,0,335.0,325.0,True,Improved,-3,FSYLSNPRY,1,YLIWSNPRY,"0,1",1.3862943611198906,FSIWSNPRY,0.09797500000000003,FSYLIWSNPRY,YLIWSNPRY,FSDLIWSNPRY,Negative,11,9,11,9,11,11,"1,8",0.902025,2,0.6931471805599453,substitution,0.0,4.539507042253522,Negative,1,cedar,4.7097,FSDLIWSNPRY,6.4461,FSIWSNPRY,True,0.14498885952129031
FTDEKVKAY,HLA-A0101,0.0033,0,4,0.0143,0.7468,0.0061,HLA-A*01:01,30556813,FTDEKVKAY,LTDEKVKAY,0,0,22.0,14.0,False,Conserved,0,FTDEKVKAY,0,FTDEKVKAY,0,1.791759469228055,LTDEKVKAY,0.017438999999999982,FTDEKVKAY,FTDEKVKAY,LTDEKVKAY,Negative,9,9,9,9,9,9,"1,2,8",0.982561,0,1.791759469228055,substitution,0.0,1.8484848484848486,Negative,1,cedar,0.0033,LTDEKVKAY,0.0061,LTDEKVKAY,True,0.3324343363327909
FTDLSGFQV,HLA-A0201,0.7978,0,4,0.0117,0.7338,0.599,HLA-A*02:01,31511069,FTDLSGFQV,FTDLNGFQV,0,0,486.0,478.0,False,Conserved,1,FTDLSGFQV,1,FTDLSGFQV,4,0.6931471805599453,FTDLNGFQV,0.06102200000000002,FTDLSGFQV,FTDLSGFQV,FTDLNGFQV,Negative,9,9,9,9,9,9,"1,3,8",0.938978,4,0.6931471805599453,substitution,0.0,0.7508147405364753,Negative,1,cedar,0.7978,FTDLNGFQV,0.599,FTDLNGFQV,True,0.1399170177657226
FWYTHNLIF,HLA-C1403,0.1226,1,4,0.0749,0.7655,0.1497,HLA-C*14:03,"29296522,29296522,29296522,24323902",FWYTHNLIF,FWYTHNLFF,0,0,32.0,24.0,False,Conserved,0,FWYTHNLIF,0,FWYTHNLIF,7,0.6931471805599453,FWYTHNLFF,0.044320000000000026,FWYTHNLIF,FWYTHNLIF,FWYTHNLFF,Positive,9,9,9,9,9,9,"1,8",0.95568,7,0.6931471805599453,substitution,0.25,1.2210440456769984,"Positive_all,Negative,Negative,Negative",4,cedar,0.1226,FWYTHNLFF,0.1497,FWYTHNLFF,True,0.4012949959342625
FWYTHNLIFV,HLA-C1403,0.1226,1,4,1.3244,0.3177,0.1497,HLA-C*14:03,24323902,FWYTHNLIF,FWYTHNLFF,0,0,33.0,24.0,False,Conserved,0,FWYTHNLIF,0,FWYTHNLIF,7,0.6931471805599453,FWYTHNLFF,0.044320000000000026,FWYTHNLIF,FWYTHNLIF,FWYTHNLFF,Negative,10,9,9,9,9,10,"1,8",0.95568,7,0.6931471805599453,substitution,0.0,1.2210440456769984,Negative,1,cedar,4.0369,FWYTHNLFFV,5.0848,FWYTHNLFF,True,0.3090886317644102
FWYTHNLIFVF,HLA-C1403,0.1226,1,4,0.4857,0.4631,0.1497,HLA-C*14:03,24323902,FWYTHNLIF,FWYTHNLFF,0,0,34.0,24.0,False,Conserved,0,FWYTHNLVF,0,FWYTHNLIF,7,0.6931471805599453,FWYTHNLFF,0.044320000000000026,FWYTHNLIFVF,FWYTHNLIF,FWYTHNLFF,Negative,11,9,9,9,9,11,"1,8",0.95568,7,0.6931471805599453,substitution,0.0,1.2210440456769984,Negative,1,cedar,2.5435,FWYTHNLFFVF,2.5052,FWYTHNLVF,True,0.36235356596455204
GIKFVKHLGK,HLA-A0301,0.603,1,4,0.3058,0.5972,0.6908,HLA-A*03:01,31511069,GIKFVKHLGK,GIKFVKRLGK,0,0,736.0,727.0,False,Conserved,0,GIFVKHLGK,0,GIFVKHLGK,5,0.6931471805599453,GIFVKRLGK,0.07171000000000005,GIKFVKHLGK,GIKFVKHLGK,GIKFVKRLGK,Positive,10,10,10,10,10,10,"0,1,8",0.92829,6,0.6931471805599453,substitution,1.0,1.1456053067993366,Positive_all,1,cedar,0.603,GIKFVKRLGK,0.6908,GIFVKRLGK,True,0.1687980545108829
GLIPFFMVV,HLA-A0201,0.0705,1,4,0.0728,0.9033,0.3638,HLA-A*02:01,31511069,GLIPFFMVV,GLIPFFMVA,0,0,241.0,233.0,True,Conserved,0,GLIPFFMVV,0,GLIPFFMVV,8,1.3862943611198906,GLIPFFMVA,0.015422999999999965,GLIPFFMVV,GLIPFFMVV,GLIPFFMVA,Positive,9,9,9,9,9,9,"1,3,8",0.984577,8,1.3862943611198906,substitution,1.0,5.160283687943263,Positive_all,1,cedar,0.0705,GLIPFFMVA,0.3638,GLIPFFMVA,True,0.5860004414887804
GLPSGPAPRK,HLA-A0301,0.2142,0,4,0.4609,0.5513,5.6675,HLA-A*03:01,31511069,GLPSGPAPRK,GPPSGPAPRK,0,0,412.0,403.0,True,Improved,-3,GLSGPAPRK,-3,GLSGPAPRK,1,1.3862943611198906,GPSGPAPRK,0.04631200000000002,GLPSGPAPRK,GLPSGPAPRK,GPPSGPAPRK,Negative,10,10,10,10,10,10,"0,1,8",0.953688,1,1.3862943611198906,substitution,0.0,26.45891690009337,Negative,1,cedar,0.2142,GPPSGPAPRK,5.6675,GPSGPAPRK,True,0.09233180146264225
GLSLYTTEM,HLA-A0201,1.0336,0,4,0.6808,0.6962,11.3492,HLA-A*02:01,31511069,GLSLYTTEM,GLSLYTTER,0,0,133.0,125.0,True,Improved,-1,GLSLYTTEM,-1,GLSLYTTEM,8,0.0,GLSLYTTER,0.025428000000000006,GLSLYTTEM,GLSLYTTEM,GLSLYTTER,Negative,9,9,9,9,9,9,"1,3,8",0.974572,8,0.0,substitution,0.0,10.980263157894736,Negative,1,cedar,1.0336,GLSLYTTER,11.3492,GLSLYTTER,True,0.11744712920870029
GMPKVLYST,HLA-A0201,1.6778,0,4,1.2334,0.3959,1.7374,HLA-A*02:01,31511069,GMPKVLYST,GMQKVLYST,0,0,306.0,298.0,False,Conserved,-1,GMPKVLYST,-1,GMPKVLYST,2,0.6931471805599453,GMQKVLYST,0.08317300000000005,GMPKVLYST,GMPKVLYST,GMQKVLYST,Negative,9,9,9,9,9,9,"1,3,8",0.916827,2,0.6931471805599453,substitution,0.0,1.0355227083084992,Negative,1,cedar,1.6778,GMQKVLYST,1.7374,GMQKVLYST,True,0.10664201231156037
GQKGNIGPPGF,HLA-B1501,0.4017,0,4,0.9454,0.5104,0.3903,HLA-B*15:01,27198675,GQKGNIGPPGF,GQKGDIGPPGF,0,0,340.0,330.0,False,Conserved,1,GQKGGPPGF,6,GQKGGPPGF,-1,,GQKGGPPGF,0.04751099999999997,GQKGNIGPPGF,GQKGNIGPPGF,GQKGDIGPPGF,Negative,11,11,11,11,11,11,"1,8",0.952489,4,0.6931471805599453,substitution,0.0,0.9716206123973113,Negative,1,cedar,0.4017,GQKGDIGPPGF,0.3903,GQKGGPPGF,True,0.12633457323286001
GVRLSFSGPAL,HLA-B0702,0.773,0,4,1.5034,0.3339,0.5851,HLA-B*07:02,27198675,RLSFSGPAL,RLSSSGPAL,2,2,445.0,435.0,False,Conserved,-2,GVRLSGPAL,-2,RLSFSGPAL,3,0.6931471805599453,RLSSSGPAL,0.08701999999999999,GVRLSFSGPAL,RLSFSGPAL,RLSSSGPAL,Negative,11,9,9,9,9,11,"1,8",0.91298,5,0.6931471805599453,substitution,0.0,0.756921086675291,Negative,1,cedar,1.8148,GVRLSSSGPAL,0.9817,GVRSSGPAL,True,0.06625534409704421
GVSVFTLTADR,HLA-A1101,0.6712,0,4,2.3312,0.3623,8.3855,HLA-A*11:01,27198675,SVFTLTADR,SVFTLTALS,2,2,138.0,128.0,True,Improved,-5,GVSVFTLTR,-5,SVFTLTADR,"7,8",1.791759469228055,SVFTLTALS,0.06784400000000002,GVSVFTLTADR,SVFTLTADR,SVFTLTALS,Negative,11,9,9,9,9,11,"0,1,8",0.932156,"9,10",1.791759469228055,substitution,0.0,12.493295589988081,Negative,1,cedar,2.8792,GVSVFTLTALS,53.75,GVSVFTLLS,True,0.15722821142614307
HIDDSDSITV,HLA-A0201,1.2951,0,4,0.4611,0.3565,0.4237,HLA-A*02:01,31511069,HIDDSDSITV,HMDDSDSITV,0,0,627.0,618.0,True,Conserved,1,HIDDSSITV,1,HIDDSSITV,1,1.0986122886681098,HMDDSSITV,0.020015000000000005,HIDDSDSITV,HIDDSDSITV,HMDDSDSITV,Negative,10,10,10,10,10,10,"1,3,8",0.979985,1,1.0986122886681098,substitution,0.0,0.3271562041541194,Negative,1,cedar,1.2951,HMDDSDSITV,0.4237,HMDDSSITV,True,0.13250631958762862
HIKIEPVAI,HLA-B0801,0.1693,0,4,0.9785,0.3758,0.2311,HLA-B*08:01,30556813,HIKIEPVAI,HIKTEPVAI,0,0,168.0,160.0,False,Conserved,-1,HIKIEPVAI,-1,HIKIEPVAI,3,1.0986122886681098,HIKTEPVAI,0.06281700000000001,HIKIEPVAI,HIKIEPVAI,HIKTEPVAI,Negative,9,9,9,9,9,9,"1,4,8",0.937183,3,1.0986122886681098,substitution,0.0,1.3650324867099823,Negative,1,cedar,0.1693,HIKTEPVAI,0.2311,HIKTEPVAI,True,0.17444150395929525
HIVEISTPV,HLA-A0201,0.485,1,4,0.0177,0.8017,0.2368,HLA-A*02:01,30418433,HIVEISTPV,HMVEISTPV,0,0,327.0,319.0,True,Conserved,1,HIVEISTPV,1,HIVEISTPV,1,1.0986122886681098,HMVEISTPV,0.027878999999999987,HIVEISTPV,HIVEISTPV,HMVEISTPV,Positive,9,9,9,9,9,9,"1,3,8",0.972121,1,1.0986122886681098,substitution,1.0,0.4882474226804124,Positive_all,1,cedar,0.485,HMVEISTPV,0.2368,HMVEISTPV,True,0.13926649182809622
HLIDSNTLQV,HLA-A0201,0.1066,1,4,0.2561,0.7762,0.0398,HLA-A*02:01,"34290406,33479501",HLIDSNTLQV,LIDPNTLQV,0,1,291.0,282.0,True,Conserved,-1,HLIDSTLQV,-4,HLIDSTLQV,"0,1,2,3,4",2.0794415416798357,LIDPNTLQV,0.10831999999999997,HLIDSNTLQV,HLIDSNTLQV,LIDPNTLQV,Positive,10,10,9,10,9,10,"1,3,8",0.89168,4,1.3862943611198906,substitution,0.5,0.3733583489681051,"Positive_all,Negative",2,cedar,0.1066,HLIDPNTLQV,0.0739,HLIDPTLQV,True,0.19232517124423976
HLKILFLPL,HLA-B0702,3.8789,0,4,0.0107,0.7666,2.3892,HLA-B*07:02,27198675,HLKILFLPL,HLKTLFLPL,0,0,,,False,Conserved,-1,HLKILFLPL,-1,HLKILFLPL,3,1.0986122886681098,HLKTLFLPL,0.05859199999999998,HLKILFLPL,HLKILFLPL,HLKTLFLPL,Negative,9,9,9,9,9,9,"1,8",0.941408,3,1.0986122886681098,substitution,0.0,0.6159478202583207,Negative,1,cedar,3.8789,HLKTLFLPL,2.3892,HLKTLFLPL,True,0.28227454106926175
HLKILFLPL,HLA-A0201,5.1414,0,4,0.0107,0.7666,2.6602,HLA-A*02:01,27198675,HLKILFLPL,HLKTLFLPL,0,0,,,True,Conserved,-1,HLKILFLPL,-1,HLKILFLPL,3,1.0986122886681098,HLKTLFLPL,0.05859199999999998,HLKILFLPL,HLKILFLPL,HLKTLFLPL,Negative,9,9,9,9,9,9,"1,3,8",0.941408,3,1.0986122886681098,substitution,0.0,0.5174077099622671,Negative,1,cedar,5.1414,HLKTLFLPL,2.6602,HLKTLFLPL,True,0.2494638424095763
HLLSVEYQI,HLA-A0201,0.1088,1,4,0.1039,0.3736,0.2456,HLA-A*02:01,"29296522,29296522",HLLSVEYQI,HLLSVGYQI,0,0,112.0,104.0,False,Conserved,-2,HLLSVEYQI,-2,HLLSVEYQI,5,0.6931471805599453,HLLSVGYQI,0.08957700000000002,HLLSVEYQI,HLLSVEYQI,HLLSVGYQI,Positive,9,9,9,9,9,9,"1,3,8",0.910423,5,0.6931471805599453,substitution,0.5,2.257352941176471,"Positive_all,Negative",2,cedar,0.1088,HLLSVGYQI,0.2456,HLLSVGYQI,True,0.29192970211081987
HLMDGDLGL,HLA-A0201,0.0345,1,4,0.0621,0.8457,0.078,HLA-A*02:01,30418433,HLMDGDLGL,NLMDGDLGL,0,0,566.0,558.0,False,Conserved,1,HLMDGDLGL,1,HLMDGDLGL,0,0.6931471805599453,NLMDGDLGL,0.026034,HLMDGDLGL,HLMDGDLGL,NLMDGDLGL,Positive,9,9,9,9,9,9,"1,3,8",0.973966,0,0.6931471805599453,substitution,1.0,2.260869565217391,Positive_all,1,cedar,0.0345,NLMDGDLGL,0.078,NLMDGDLGL,True,0.31351524065962844
HLYAYHEEL,HLA-A0201,0.0881,0,4,0.0714,0.8406,4.5418,HLA-A*02:01,33479501,HLYAYHEEL,HLYAYHEEP,0,0,1205.0,1197.0,True,Improved,-3,HLYAYHEEL,-3,HLYAYHEEL,8,1.3862943611198906,HLYAYHEEP,0.03211200000000003,HLYAYHEEL,HLYAYHEEL,HLYAYHEEP,Negative,9,9,9,9,9,9,"1,3,8",0.967888,8,1.3862943611198906,substitution,0.0,51.552780930760505,Negative,1,cedar,0.0881,HLYAYHEEP,4.5418,HLYAYHEEP,True,0.2717996533850643
HPYDQAHLL,HLA-B0702,0.0695,0,4,0.0107,0.6169,0.1302,HLA-B*07:02,31511069,HPYDQAHLL,QPYDQAHLL,0,0,41.0,33.0,False,Conserved,0,HPYDQAHLL,0,HPYDQAHLL,0,1.3862943611198906,QPYDQAHLL,0.02942900000000004,HPYDQAHLL,HPYDQAHLL,QPYDQAHLL,Negative,9,9,9,9,9,9,"1,8",0.970571,0,1.3862943611198906,substitution,0.0,1.8733812949640287,Negative,1,cedar,0.0695,QPYDQAHLL,0.1302,QPYDQAHLL,True,0.29675467488898133
HQNPVTGLLL,HLA-B3801,0.1582,1,4,0.3529,0.2946,0.1582,HLA-B*38:01,27827318,HQNPVTGLL,HQNPVTGLL,0,0,34.0,25.0,False,Conserved,-3,HQNPVTLLL,4,HQNPVTGLL,-1,,HQNPVTGLL,0.0,HQNPVTGLLL,HQNPVTGLL,HQNPVTGLL,Positive,10,9,9,9,9,10,"1,8",1.0,9,1.3862943611198906,substitution,1.0,1.0,Positive_all,1,cedar,0.4505,HQNPVTGLLP,8.3554,HQNPVTGLL,True,0.1318751946847706
HSHFWDNSK,HLA-A3101,2.8573,0,4,0.4586,0.592,1.398,HLA-A*31:01,"34244308,34244308",HSHFWDNSK,RSHFWDNSK,0,0,603.0,595.0,True,Conserved,0,HSHFWDNSK,0,HSHFWDNSK,0,0.6931471805599453,RSHFWDNSK,0.032699000000000034,HSHFWDNSK,HSHFWDNSK,RSHFWDNSK,Negative,9,9,9,9,9,9,"0,1,8",0.967301,0,0.6931471805599453,substitution,0.0,0.4892730899800511,"Negative,Negative",2,cedar,2.8573,RSHFWDNSK,1.398,RSHFWDNSK,True,0.18144715810762524
IFWYTHNLIF,HLA-C1403,0.1226,1,4,0.0882,0.6597,0.1497,HLA-C*14:03,24323902,FWYTHNLIF,FWYTHNLFF,1,1,32.0,23.0,False,Conserved,0,IWYTHNLIF,0,FWYTHNLIF,7,0.6931471805599453,FWYTHNLFF,0.044320000000000026,IFWYTHNLIF,FWYTHNLIF,FWYTHNLFF,Negative,10,9,9,9,9,10,"1,8",0.95568,8,0.6931471805599453,substitution,0.0,1.2210440456769984,Negative,1,cedar,1.0056,IFWYTHNLFF,1.0617,IFYTHNLFF,True,0.4395570696760742
IILDVCSSGL,HLA-A0201,1.034,0,4,1.8668,0.3455,3.2053,HLA-A*02:01,27198675,ILDVCSSGL,ILGVCSSGL,1,1,420.0,411.0,False,Improved,-1,IILDVSSGL,-1,ILDVCSSGL,2,0.6931471805599453,ILGVCSSGL,0.07410000000000005,IILDVCSSGL,ILDVCSSGL,ILGVCSSGL,Negative,10,9,9,9,9,10,"1,3,8",0.9259,3,0.6931471805599453,substitution,0.0,3.09990328820116,Negative,1,cedar,2.9154,IILGVCSSGL,6.0064,IILGVSSGL,True,0.14878775347069834
IILVAVPHV,HLA-A0201,0.2689,1,4,0.2058,0.7465,0.5395,HLA-A*02:01,"25837513,25837513,25837513,25837513,25837513,25837513,25837513",IILVAVPHV,IILVAVQHV,0,0,658.0,650.0,False,Conserved,-1,IILVAVPHV,-1,IILVAVPHV,6,0.6931471805599453,IILVAVQHV,0.07274099999999994,IILVAVPHV,IILVAVPHV,IILVAVQHV,Positive,9,9,9,9,9,9,"1,3,8",0.927259,6,0.6931471805599453,substitution,1.0,2.0063220528077355,"Positive_all,Positive_all,Positive_all,Positive_all,Positive_all,Positive_all,Positive_all",7,cedar,0.2689,IILVAVQHV,0.5395,IILVAVQHV,True,0.2844288068803536
IINEPIDLK,HLA-A0301,0.1942,0,4,0.2387,0.6636,0.1568,HLA-A*03:01,31511069,IINEPIDLK,IIKEPIDLK,0,0,249.0,241.0,False,Conserved,0,IINEPIDLK,0,IINEPIDLK,2,1.3862943611198906,IIKEPIDLK,0.060487999999999986,IINEPIDLK,IINEPIDLK,IIKEPIDLK,Negative,9,9,9,9,9,9,"0,1,8",0.939512,2,1.3862943611198906,substitution,0.0,0.8074150360453141,Negative,1,cedar,0.1942,IIKEPIDLK,0.1568,IIKEPIDLK,True,0.18846802754971512
IKLIPGVSTT,HLA-A0201,0.1703,0,4,1.8829,0.5648,0.8695,HLA-A*02:01,"34244308,34244308",KLIPGVSTT,KLIPGVSIT,1,1,829.0,820.0,False,Improved,-1,ILIPGVSTT,-1,KLIPGVSTT,7,1.0986122886681098,KLIPGVSIT,0.039210999999999996,IKLIPGVSTT,KLIPGVSTT,KLIPGVSIT,Negative,10,9,9,9,9,10,"1,3,8",0.960789,8,1.0986122886681098,substitution,0.0,5.1056958308866704,"Negative,Negative",2,cedar,1.9883,IKLIPGVSIT,5.5583,ILIPGVSIT,True,0.13872284831666326
ILALAKETQFW,HLA-A2402,1.3863,0,4,0.4685,0.4961,2.4959,HLA-A*24:02,27198675,ALAKETQFW,ILALAKETQF,2,0,253.0,243.0,True,Conserved,-3,ILAKETQFW,-4,ALAKETQFW,"0,3,4,5,6,7,8",1.791759469228055,ILALAKETF,0.10524299999999998,ILALAKETQFW,ALAKETQFW,ILALAKETQF,Negative,11,9,10,9,10,11,"1,8",0.894757,10,0.6931471805599453,substitution,0.0,1.8004039529683327,Negative,1,cedar,3.9892,ILALAKETQFR,24.5,ILLAKETQF,True,0.12527750462095388
ILDVCSSGL,HLA-A0201,1.034,0,4,0.053,0.6194,3.2053,HLA-A*02:01,"27198675,27198675,27198675,27198675",ILDVCSSGL,ILGVCSSGL,0,0,420.0,412.0,False,Improved,-1,ILDVCSSGL,-1,ILDVCSSGL,2,0.6931471805599453,ILGVCSSGL,0.07410000000000005,ILDVCSSGL,ILDVCSSGL,ILGVCSSGL,Negative,9,9,9,9,9,9,"1,3,8",0.9259,2,0.6931471805599453,substitution,0.0,3.09990328820116,"Negative,Negative,Negative,Negative",4,cedar,1.034,ILGVCSSGL,3.2053,ILGVCSSGL,True,0.15248294860654998
ILGIFNEFV,HLA-A0201,0.5314,1,4,0.1908,0.7556,0.858,HLA-A*02:01,"31685621,31685621",ILGIFNEFV,ILGISNEFV,0,0,897.0,889.0,False,Conserved,-2,ILGIFNEFV,-2,ILGIFNEFV,4,0.6931471805599453,ILGISNEFV,0.09682000000000002,ILGIFNEFV,ILGIFNEFV,ILGISNEFV,Positive,9,9,9,9,9,9,"1,3,8",0.90318,4,0.6931471805599453,substitution,1.0,1.614602935641701,"Positive_all,Positive_all",2,cedar,0.5314,ILGISNEFV,0.858,ILGISNEFV,True,0.27633795562546404
ILIVMFPFL,HLA-A0201,0.888,1,4,0.411,0.8156,0.3859,HLA-A*02:01,30418433,ILIVMFPFL,ILIVMVPFL,0,0,145.0,137.0,False,Conserved,-1,ILIVMFPFL,-1,ILIVMFPFL,5,0.6931471805599453,ILIVMVPFL,0.06245500000000004,ILIVMFPFL,ILIVMFPFL,ILIVMVPFL,Positive,9,9,9,9,9,9,"1,3,8",0.937545,5,0.6931471805599453,substitution,1.0,0.4345720720720721,Positive_all,1,cedar,0.888,ILIVMVPFL,0.3859,ILIVMVPFL,True,0.4711828063304602
ILKNLCLELYL,HLA-A0201,0.8679,0,4,2.794,0.5098,0.8679,HLA-A*02:01,27198675,ILKNLCLEL,ILKNLCLEL,0,0,416.0,406.0,False,Conserved,-3,ILKNLELYL,4,ILKNLCLEL,-1,,ILKNLCLEL,0.0,ILKNLCLELYL,ILKNLCLEL,ILKNLCLEL,Negative,11,9,9,9,9,11,"1,3,8",1.0,10,1.3862943611198906,substitution,0.0,1.0,Negative,1,cedar,2.9858,ILKNLCLELYP,17.729,ILKNLELYP,True,0.1904147816841477
ILSPLQDGTK,HLA-A0301,0.6683,0,4,0.4727,0.5433,0.3875,HLA-A*03:01,31511069,ILSPLQDGTK,ILSPVQDGTK,0,0,1167.0,1158.0,False,Conserved,1,ILSPLQDTK,1,ILSPLQGTK,4,1.791759469228055,ILSPVQGTK,0.03790099999999996,ILSPLQDGTK,ILSPLQDGTK,ILSPVQDGTK,Negative,10,10,10,10,10,10,"0,1,8",0.962099,4,1.791759469228055,substitution,0.0,0.5798294179260811,Negative,1,cedar,0.6683,ILSPVQDGTK,0.3875,ILSPVQGTK,True,0.09138276312097474
ILTGLNYEV,HLA-A0201,0.0666,1,4,0.0254,0.9327,0.7061,HLA-A*02:01,"30418433,30418433,26389673,26389673",ILTGLNYEV,ILTGLNYEA,0,0,290.0,282.0,True,Improved,0,ILTGLNYEV,0,ILTGLNYEV,8,1.3862943611198906,ILTGLNYEA,0.01722800000000002,ILTGLNYEV,ILTGLNYEV,ILTGLNYEA,Positive,9,9,9,9,9,9,"1,3,8",0.982772,8,1.3862943611198906,substitution,1.0,10.6021021021021,"Positive_all,Positive_all,Positive_all,Positive_all",4,cedar,0.0666,ILTGLNYEA,0.7061,ILTGLNYEA,True,0.3440756055763727
IPDSIALIQQL,HLA-B0702,0.7846,1,4,0.5294,0.2504,0.7692,HLA-B*07:02,32226429,IPDSIALIQQL,IPDSIAVIQQL,0,0,857.0,847.0,False,Conserved,1,IPDSIAQQL,4,IPDSIAQQL,-1,,IPDSIAQQL,0.027058000000000026,IPDSIALIQQL,IPDSIALIQQL,IPDSIAVIQQL,Positive,11,11,11,11,11,11,"1,8",0.972942,6,1.791759469228055,substitution,1.0,0.9803721641600817,Positive_all,1,cedar,0.7846,IPDSIAVIQQL,0.7692,IPDSIAQQL,True,0.11963160452941203
IQDQIQNCI,HLA-B3801,0.5485,0,4,0.2158,0.4536,0.3583,HLA-B*38:01,30556813,IQDQIQNCI,IQDEIQNCI,0,0,498.0,490.0,False,Conserved,2,IQDQIQNCI,2,IQDQIQNCI,3,0.6931471805599453,IQDEIQNCI,0.04460299999999995,IQDQIQNCI,IQDQIQNCI,IQDEIQNCI,Negative,9,9,9,9,9,9,"1,8",0.955397,3,0.6931471805599453,substitution,0.0,0.653236098450319,Negative,1,cedar,0.5485,IQDEIQNCI,0.3583,IQDEIQNCI,True,0.24927924739513577
IQVFWIAPPV,HLA-A0201,1.9976,0,4,0.1827,0.7552,5.18,HLA-A*02:01,31511069,QVFWIAPPV,QVFWIAPPA,1,1,152.0,143.0,True,Conserved,0,IQVFWIPPV,0,QVFWIAPPV,8,1.3862943611198906,QVFWIAPPA,0.018549000000000038,IQVFWIAPPV,QVFWIAPPV,QVFWIAPPA,Negative,10,9,9,9,9,10,"1,3,8",0.981451,9,1.3862943611198906,substitution,0.0,2.593111734080897,Negative,1,cedar,6.191,IQVFWIAPPA,12.8624,IQVFWIPPA,True,0.3310622339546264
IQVWEALLTL,HLA-A0201,0.1595,0,4,0.3736,0.5347,0.1595,HLA-A*02:01,27198675,QVWEALLTL,QVWEALLTL,1,1,233.0,224.0,False,Conserved,3,IQWEALLTL,4,QVWEALLTL,-1,,QVWEALLTL,0.0,IQVWEALLTL,QVWEALLTL,QVWEALLTL,Negative,10,9,9,9,9,10,"1,3,8",1.0,0,1.0986122886681098,substitution,0.0,1.0,Negative,1,cedar,1.0193,VQVWEALLTL,1.1052,VQWEALLTL,True,0.22776636278814447
IRMKHCVMV,HLA-C0702,1.0821,0,4,0.0487,0.561,1.9061,HLA-C*07:02,31243155,IRMKHCVM,IRMKRCVM,0,0,787.0,779.0,False,Conserved,0,IRMKHCVMV,0,IRM-KHCVM,5,0.6931471805599453,IRM-KRCVM,0.10739900000000002,IRMKHCVMV,IRMKHCVM,IRMKRCVM,Negative,9,8,8,8,8,9,"1,8",0.892601,4,0.6931471805599453,substitution,0.0,1.7614823029294888,Negative,1,cedar,1.191,IRMKRCVMV,1.982,IRMKRCVMV,True,0.38908939830946604
ISNEINWPEK,HLA-A1101,0.7561,0,4,0.221,0.6697,1.3059,HLA-A*11:01,"34270940,34270940",ISNEINWPEK,ISDEINWPEK,0,0,805.0,796.0,False,Conserved,1,ISNEINPEK,1,ISNEINPEK,2,0.6931471805599453,ISDEINPEK,0.044201000000000046,ISNEINWPEK,ISNEINWPEK,ISDEINWPEK,Negative,10,10,10,10,10,10,"0,1,8",0.955799,2,0.6931471805599453,substitution,0.0,1.7271524930564741,"Negative,Negative",2,cedar,0.7561,ISDEINWPEK,1.3059,ISDEINPEK,True,0.10337057449144768
ITNLLFAIPY,HLA-A1101,4.7124,0,4,0.3176,0.4092,3.8638,HLA-A*11:01,"34270940,34270940",ITNLLFAIPY,ITNLLSAIPY,0,0,155.0,146.0,True,Conserved,-2,ITNLLFAIY,-4,ITNLLFIPY,"4,5",0.6931471805599453,ITNLSAIPY,0.07518100000000005,ITNLLFAIPY,ITNLLFAIPY,ITNLLSAIPY,Negative,10,10,10,10,10,10,"0,1,8",0.924819,5,0.6931471805599453,substitution,0.0,0.8199219081572023,"Negative,Negative",2,cedar,4.7124,ITNLLSAIPY,3.8638,ITNLSAIPY,True,0.1983857827088977
ITRKNSRTPL,HLA-B0702,1.6577,0,4,0.5479,0.4928,0.9638,HLA-B*07:02,27198675,ITRKNSRTPL,ITRKNPRTPL,0,0,778.0,769.0,False,Conserved,-1,ITRNSRTPL,-1,ITRNSRTPL,4,1.3862943611198906,ITRNPRTPL,0.07077299999999997,ITRKNSRTPL,ITRKNSRTPL,ITRKNPRTPL,Negative,10,10,10,10,10,10,"1,8",0.929227,5,1.3862943611198906,substitution,0.0,0.5814079749049889,Negative,1,cedar,1.6577,ITRKNPRTPL,0.9638,ITRNPRTPL,True,0.06489642663094602
IYFPAAQTM,HLA-C1203,0.3591,0,4,0.0074,0.9017,1.0039,HLA-C*12:03,29895573,IYFPAAQTM,IYLPAAQTM,0,0,644.0,636.0,False,Conserved,0,IYFPAAQTM,0,IYFPAAQTM,2,1.791759469228055,IYLPAAQTM,0.05105700000000002,IYFPAAQTM,IYFPAAQTM,IYLPAAQTM,Negative,9,9,9,9,9,9,"1,8",0.948943,2,1.791759469228055,substitution,0.0,2.7956001113895854,Negative,1,cedar,0.3591,IYLPAAQTM,1.0039,IYLPAAQTM,True,0.16037896042471844
KADAKALLHIL,HLA-C0501,0.1071,0,4,0.5775,0.3292,0.0778,HLA-C*05:01,24323902,KADAKALL,KADAKPLL,0,0,160.0,150.0,False,Conserved,-1,KADAKALLL,-1,KADAKAL-L,5,1.3862943611198906,KADAKPL-L,0.07715700000000003,KADAKALLHIL,KADAKALL,KADAKPLL,Negative,11,8,8,8,8,11,"1,2,8",0.922843,5,1.3862943611198906,substitution,0.0,0.7264239028944911,Negative,1,cedar,0.5842,KADAKPLLHIL,0.339,KADAKPLLL,True,0.13173447576635045
KAEDLGMLLK,HLA-A1101,0.5592,0,4,0.7802,0.537,0.6163,HLA-A*11:01,"34244308,34244308",KAEDLGMLLK,KAEDRGMLLK,0,0,1140.0,1131.0,False,Conserved,-2,KAEDGMLLK,5,KAEDGMLLK,-1,,KAEDGMLLK,0.07519100000000001,KAEDLGMLLK,KAEDLGMLLK,KAEDRGMLLK,Negative,10,10,10,10,10,10,"0,1,8",0.924809,4,1.3862943611198906,substitution,0.0,1.102110157367668,"Negative,Negative",2,cedar,0.5592,KAEDRGMLLK,0.6163,KAEDGMLLK,True,0.1830512727524991
KELEGILLL,HLA-B4402,0.1453,0,4,0.0088,0.8081,1.402,HLA-B*44:02,32314731,KELEGILLL,KELEGILLP,0,0,446.0,438.0,True,Improved,-3,KELEGILLL,-3,KELEGILLL,8,1.3862943611198906,KELEGILLP,0.029988000000000015,KELEGILLL,KELEGILLL,KELEGILLP,Negative,9,9,9,9,9,9,"1,8",0.970012,8,1.3862943611198906,substitution,0.0,9.649002064693736,Negative,1,cedar,0.1453,KELEGILLP,1.402,KELEGILLP,True,0.38209822707778207
KFHPQRLQL,HLA-A2402,0.3517,0,4,0.1187,0.7228,0.2085,HLA-A*24:02,27198675,KFHPQRLQL,KFYPQRLQL,0,0,285.0,277.0,False,Conserved,2,KFHPQRLQL,2,KFHPQRLQL,2,0.6931471805599453,KFYPQRLQL,0.06687699999999996,KFHPQRLQL,KFHPQRLQL,KFYPQRLQL,Negative,9,9,9,9,9,9,"1,8",0.933123,2,0.6931471805599453,substitution,0.0,0.5928348023883991,Negative,1,cedar,0.3517,KFYPQRLQL,0.2085,KFYPQRLQL,True,0.1230293847387695
KFHPQRLQL,HLA-B0702,1.2531,0,4,0.1187,0.7228,1.1917,HLA-B*07:02,27198675,KFHPQRLQL,KFYPQRLQL,0,0,285.0,277.0,False,Conserved,2,KFHPQRLQL,2,KFHPQRLQL,2,0.6931471805599453,KFYPQRLQL,0.06687699999999996,KFHPQRLQL,KFHPQRLQL,KFYPQRLQL,Negative,9,9,9,9,9,9,"1,8",0.933123,2,0.6931471805599453,substitution,0.0,0.9510015162397254,Negative,1,cedar,1.2531,KFYPQRLQL,1.1917,KFYPQRLQL,True,0.1170277710449335
KFHPQRLQLTW,HLA-A2402,0.261,0,4,0.8002,0.3892,0.0724,HLA-A*24:02,27198675,KFHPQRLQLTW,FYPQRLQLTW,0,1,287.0,277.0,True,Conserved,2,KFHPLQLTW,-3,KFHPLQLTW,"0,1,2,3",1.791759469228055,FYPQLQLTW,0.06094699999999997,KFHPQRLQLTW,KFHPQRLQLTW,FYPQRLQLTW,Negative,11,11,10,11,10,11,"1,8",0.939053,2,0.6931471805599453,substitution,0.0,0.27739463601532566,Negative,1,cedar,0.261,KFYPQRLQLTW,0.1893,KFYPQQLTW,True,0.12019874533055591
KFLESCDEVI,HLA-A2402,4.0726,1,4,1.9061,0.2653,6.9673,HLA-A*24:02,32226429,KFLESCDEV,QFLESCDEV,0,0,672.0,663.0,False,Conserved,1,KFLESDEVI,1,KFLESCDEV,0,0.6931471805599453,QFLESCDEV,0.015793999999999975,KFLESCDEVI,KFLESCDEV,QFLESCDEV,Positive,10,9,9,9,9,10,"1,8",0.984206,0,0.6931471805599453,substitution,1.0,1.710774443844227,Positive_all,1,cedar,4.4354,QFLESCDEVI,7.6742,QFLESDEVI,True,0.15757880035944016
KFRSSVYLL,HLA-A2402,0.3216,0,4,0.0516,0.7556,0.3589,HLA-A*24:02,"34270940,34270940",KFRSSVYLL,KFRSSLYLL,0,0,635.0,627.0,False,Conserved,1,KFRSSVYLL,1,KFRSSVYLL,5,1.791759469228055,KFRSSLYLL,0.03653899999999999,KFRSSVYLL,KFRSSVYLL,KFRSSLYLL,Negative,9,9,9,9,9,9,"1,8",0.963461,5,1.791759469228055,substitution,0.0,1.1159825870646767,"Negative,Negative",2,cedar,0.3216,KFRSSLYLL,0.3589,KFRSSLYLL,True,0.1580824046428281
KINDLEVQI,HLA-A0201,0.1901,0,4,0.5213,0.2681,0.5948,HLA-A*02:01,27198675,KINDLEVQI,KINGLEVQI,0,0,440.0,432.0,True,Conserved,-1,KINDLEVQI,-1,KINDLEVQI,3,0.6931471805599453,KINGLEVQI,0.08598700000000004,KINDLEVQI,KINDLEVQI,KINGLEVQI,Negative,9,9,9,9,9,9,"1,3,8",0.914013,3,0.6931471805599453,substitution,0.0,3.1288795370857443,Negative,1,cedar,0.1901,KINGLEVQI,0.5948,KINGLEVQI,True,0.14865711675417578
KIPRPVLWV,HLA-A0201,0.8471,0,4,0.3626,0.3348,1.2181,HLA-A*02:01,27198675,KIPRPVLWV,KIPRPVSWV,0,0,1060.0,1052.0,False,Conserved,-2,KIPRPVLWV,-2,KIPRPVLWV,6,0.6931471805599453,KIPRPVSWV,0.07750100000000004,KIPRPVLWV,KIPRPVLWV,KIPRPVSWV,Negative,9,9,9,9,9,9,"1,3,8",0.922499,6,0.6931471805599453,substitution,0.0,1.4379648211545273,Negative,1,cedar,0.8471,KIPRPVSWV,1.2181,KIPRPVSWV,True,0.21491387891670563
KIQTNRNTVK,HLA-A0301,0.537,0,4,0.5547,0.573,0.6364,HLA-A*03:01,31511069,KIQTNRNTVK,KIQTNRYTVK,0,0,2440.0,2431.0,False,Conserved,-2,KIQTNRNTK,-2,KIQNRNTVK,5,0.6931471805599453,KIQNRYTVK,0.07861200000000002,KIQTNRNTVK,KIQTNRNTVK,KIQTNRYTVK,Negative,10,10,10,10,10,10,"0,1,8",0.921388,6,0.6931471805599453,substitution,0.0,1.1851024208566108,Negative,1,cedar,0.537,KIQTNRYTVK,0.6364,KIQNRYTVK,True,0.15987436766804866
KIWEELLKI,HLA-A0201,0.0273,0,4,0.135,0.776,0.9999,HLA-A*02:01,31511069,KIWEELLKI,KIREELLKI,0,0,640.0,632.0,False,Improved,-3,KIWEELLKI,-3,KIWEELLKI,2,0.6931471805599453,KIREELLKI,0.10348400000000002,KIWEELLKI,KIWEELLKI,KIREELLKI,Negative,9,9,9,9,9,9,"1,3,8",0.896516,2,0.6931471805599453,substitution,0.0,36.62637362637363,Negative,1,cedar,0.0273,KIREELLKI,0.9999,KIREELLKI,True,0.320943199154677
KKKVKGSPSF,HLA-B0702,2.9381,0,4,6.8936,0.2258,5.5668,HLA-B*07:02,27198675,KVKGSPSF,KEVKGSPSF,2,1,767.0,758.0,True,Conserved,1,KKKKGSPSF,-10,KVK-GSPSF,"1,2,3",,KEVKGSPSF,0.05953299999999995,KKKVKGSPSF,KVKGSPSF,KEVKGSPSF,Negative,10,8,9,8,9,10,"1,8",0.940467,2,0.6931471805599453,substitution,0.0,1.8946938497668562,Negative,1,cedar,11.6657,KKEVKGSPSF,15.3407,KEVKGSPSF,True,0.06342982452232475
KLAFGQKPPL,HLA-A0201,0.9215,0,4,1.4204,0.6739,13.9839,HLA-A*02:01,27198675,KLAFGQKPPL,KPAFGQKPPL,0,0,204.0,195.0,True,Improved,-3,KLFGQKPPL,-1,KLFGQKPPL,1,-1.0,KAFGQKPPL,0.04874500000000004,KLAFGQKPPL,KLAFGQKPPL,KPAFGQKPPL,Negative,10,10,10,10,10,10,"1,3,8",0.951255,1,1.3862943611198906,substitution,0.0,15.175149213239285,Negative,1,cedar,0.9215,KPAFGQKPPL,13.9839,KAFGQKPPL,True,0.06338140121818034
KLIPGVSTT,HLA-A0201,0.1703,0,4,0.3676,0.7489,0.8695,HLA-A*02:01,"34244308,34244308",KLIPGVSTT,KLIPGVSIT,0,0,829.0,821.0,False,Improved,-1,KLIPGVSTT,-1,KLIPGVSTT,7,1.0986122886681098,KLIPGVSIT,0.039210999999999996,KLIPGVSTT,KLIPGVSTT,KLIPGVSIT,Negative,9,9,9,9,9,9,"1,3,8",0.960789,7,1.0986122886681098,substitution,0.0,5.1056958308866704,"Negative,Negative",2,cedar,0.1703,KLIPGVSIT,0.8695,KLIPGVSIT,True,0.14978190690316484
KLNFRLFVIR,HLA-A0301,1.9466,0,4,0.1283,0.7397,1.1763,HLA-A*03:01,33479501,KLNFRLFVIR,KLNSRLFVIR,0,0,77.0,68.0,True,Conserved,-2,KLNFRFVIR,-6,KLFRLFVIR,"2,3,4,5",2.772588722239781,KLNSRLVIR,0.07273600000000002,KLNFRLFVIR,KLNFRLFVIR,KLNSRLFVIR,Negative,10,10,10,10,10,10,"0,1,8",0.927264,3,0.6931471805599453,substitution,0.0,0.6042843933011404,Negative,1,cedar,1.9466,KLNSRLFVIR,1.1763,KLNSRLVIR,True,0.18163753679971859
KLPLDIDPV,HLA-A0201,0.5108,1,4,0.1818,0.6052,0.2742,HLA-A*02:01,30418433,KLPLDIDPV,KLPLDINPV,0,0,297.0,289.0,False,Conserved,1,KLPLDIDPV,1,KLPLDIDPV,6,0.6931471805599453,KLPLDINPV,0.05281400000000003,KLPLDIDPV,KLPLDIDPV,KLPLDINPV,Positive,9,9,9,9,9,9,"1,3,8",0.947186,6,0.6931471805599453,substitution,1.0,0.5368050117462803,Positive_all,1,cedar,0.5108,KLPLDINPV,0.2742,KLPLDINPV,True,0.14565628934088207
KLSPQQDAGV,HLA-A0201,0.8536,0,4,0.7895,0.6761,20.0575,HLA-A*02:01,"35211402,35211402",KLSPQQDAGV,KLSPQQDA,0,0,344.0,335.0,True,Improved,-3,KLSPQQAGV,-10,KLSPQQAGV,"2,3,4,6,7,8",2.1972245773362196,KL-SPQQDA,0.08498499999999998,KLSPQQDAGV,KLSPQQDAGV,KLSPQQDA,Negative,10,10,8,10,8,10,"1,3,8",0.915015,9,1.3862943611198906,substitution,0.0,23.497539831302717,"Negative,Negative",2,cedar,0.8536,KLSPQQDAGG,33.4375,KLSPQQAGG,True,0.053674872121143066
KLVRGATLY,HLA-A0301,0.356,0,4,0.1052,0.653,22.8857,HLA-A*03:01,31511069,KLVRGATLY,KLVRGATL,0,0,168.0,160.0,True,Improved,-3,KLVRGATLY,-10,KLVRGATLY,"3,4,5,6,7,8",2.3978952727983707,KLV-RGATL,0.05020899999999995,KLVRGATLY,KLVRGATLY,KLVRGATL,Negative,9,9,8,9,8,9,"0,1,8",0.949791,8,0.6931471805599453,substitution,0.0,64.28567415730338,Negative,1,cedar,0.356,KLVRGATLD,46.0,KLVRGATLD,True,0.15394746124514833
KLWASPLHV,HLA-A0201,0.0081,1,4,0.0255,0.8622,0.1095,HLA-A*02:01,30418433,KLWASPLHV,KLGASPLHV,0,0,159.0,151.0,False,Conserved,-2,KLWASPLHV,-2,KLWASPLHV,2,0.0,KLGASPLHV,0.11524999999999996,KLWASPLHV,KLWASPLHV,KLGASPLHV,Positive,9,9,9,9,9,9,"1,3,8",0.88475,2,0.0,substitution,1.0,13.518518518518519,Positive_all,1,cedar,0.0081,KLGASPLHV,0.1095,KLGASPLHV,True,0.2048239880844931
KMIENESPL,HLA-A0202,0.3258,0,4,0.2413,0.853,7.245,HLA-A*02:02,33479501,KMIENESPL,KMIENESPS,0,0,477.0,469.0,True,Improved,-2,KMIENESPL,-2,KMIENESPL,8,0.6931471805599453,KMIENESPS,0.024128999999999956,KMIENESPL,KMIENESPL,KMIENESPS,Negative,9,9,9,9,9,9,"1,3,8",0.975871,8,0.6931471805599453,substitution,0.0,22.23756906077348,Negative,1,cedar,0.3258,KMIENESPS,7.245,KMIENESPS,True,0.09275786101801685
KMWAGKKLA,HLA-A0201,1.4849,0,4,1.2497,0.4875,6.0781,HLA-A*02:01,27198675,KMWAGKKLA,EMWAGKKLA,0,0,818.0,810.0,False,Improved,1,KMWAGKKLA,1,KMWAGKKLA,0,0.6931471805599453,EMWAGKKLA,0.018406000000000033,KMWAGKKLA,KMWAGKKLA,EMWAGKKLA,Negative,9,9,9,9,9,9,"1,3,8",0.981594,0,0.6931471805599453,substitution,0.0,4.09327227422722,Negative,1,cedar,1.4849,EMWAGKKLA,6.0781,EMWAGKKLA,True,0.09969043178219328
KMYHHCPWV,HLA-A0201,0.453,0,4,0.1,0.831,0.4456,HLA-A*02:01,31511069,KMYHHCPWV,KMDHHCPWV,0,0,162.0,154.0,False,Conserved,-3,KMYHHCPWV,-3,KMYHHCPWV,2,0.6931471805599453,KMDHHCPWV,0.12224999999999997,KMYHHCPWV,KMYHHCPWV,KMDHHCPWV,Negative,9,9,9,9,9,9,"1,3,8",0.87775,2,0.6931471805599453,substitution,0.0,0.9836644591611479,Negative,1,cedar,0.453,KMDHHCPWV,0.4456,KMDHHCPWV,True,0.32561471615162735
KPKKENLWRM,HLA-B0702,0.459,1,4,0.7167,0.45,0.4129,HLA-B*07:02,27198675,KPKKENLWRM,KPKKENLRRM,0,0,927.0,918.0,False,Conserved,-3,KPKKENLRM,5,KPKKENLRM,-1,,KPKKENLRM,0.08447099999999996,KPKKENLWRM,KPKKENLWRM,KPKKENLRRM,Positive,10,10,10,10,10,10,"1,8",0.915529,7,0.6931471805599453,substitution,1.0,0.8995642701525054,Positive_all,1,cedar,0.459,KPKKENLRRM,0.4129,KPKKENLRM,True,0.08682055291792222
KRRLLILGR,HLA-B2705,0.1585,0,4,0.0835,0.6707,1.8358,HLA-B*27:05,34518289,KRRLLILGR,KRRLLILGG,0,0,123.0,115.0,True,Improved,-2,KRRLLILGR,-2,KRRLLILGR,8,1.791759469228055,KRRLLILGG,0.025496999999999992,KRRLLILGR,KRRLLILGR,KRRLLILGG,Negative,9,9,9,9,9,9,"1,8",0.974503,8,1.791759469228055,substitution,0.0,11.582334384858045,Negative,1,cedar,0.1585,KRRLLILGG,1.8358,KRRLLILGG,True,0.3289765411605058
KTNRIALILA,HLA-A3001,0.4666,0,4,0.03,0.7946,0.361,HLA-A*30:01,24323902,KTNRIALIL,KTNRIARILA,0,0,687.0,678.0,True,Conserved,-2,KTRIALILA,-2,KTNRIALIL,"2,3,4,5,6,7,8",2.1972245773362196,KTRIARILA,0.07429200000000002,KTNRIALILA,KTNRIALIL,KTNRIARILA,Negative,10,9,10,9,10,10,"0,1,2,8",0.925708,6,1.3862943611198906,substitution,0.0,0.7736819545649378,Negative,1,cedar,0.5639,KTNRIARILA,0.361,KTRIARILA,True,0.187835013684409
KVFEHVGSR,HLA-A1101,0.115,1,4,0.0368,0.8056,0.3187,HLA-A*11:01,"31685621,31685621",KVFEHVGSR,KVSEHVGSR,0,0,630.0,622.0,False,Conserved,-2,KVFEHVGSR,-2,KVFEHVGSR,2,0.6931471805599453,KVSEHVGSR,0.08013099999999995,KVFEHVGSR,KVFEHVGSR,KVSEHVGSR,Positive,9,9,9,9,9,9,"0,1,8",0.919869,2,0.6931471805599453,substitution,1.0,2.771304347826087,"Positive_all,Positive_all",2,cedar,0.115,KVSEHVGSR,0.3187,KVSEHVGSR,True,0.21741701967191104
KVIQFVANYA,HLA-A0201,5.4215,0,4,0.6579,0.634,5.1145,HLA-A*02:01,27198675,KVIQFVANYA,VIQSVANYA,0,1,404.0,395.0,True,Conserved,-2,KVIQFVNYA,-5,KVIQFVAYA,"0,1,2,3,4,5,6",2.1972245773362196,VIQSVANYA,0.09930399999999995,KVIQFVANYA,KVIQFVANYA,VIQSVANYA,Negative,10,10,9,10,9,10,"1,3,8",0.900696,4,0.6931471805599453,substitution,0.0,0.9433736050908419,Negative,1,cedar,5.4215,KVIQSVANYA,5.4654,KVIQSVAYA,True,0.1734061125367094
KVTGHRWLK,HLA-A0301,0.1006,0,4,0.0997,0.7145,1.9691,HLA-A*03:01,30556813,KVTGHRWLK,EVTGHRWLK,0,0,57.0,49.0,True,Improved,1,KVTGHRWLK,1,KVTGHRWLK,0,0.6931471805599453,EVTGHRWLK,0.017689999999999984,KVTGHRWLK,KVTGHRWLK,EVTGHRWLK,Negative,9,9,9,9,9,9,"0,1,8",0.98231,0,0.6931471805599453,substitution,0.0,19.573558648111334,Negative,1,cedar,0.1006,EVTGHRWLK,1.9691,EVTGHRWLK,True,0.21234321347373228
KYLQCPLKF,HLA-A2402,0.0082,0,4,0.0326,0.7392,0.0122,HLA-A*24:02,30880120,KYLQCPLKF,KYLQCPLEF,0,0,669.0,661.0,False,Conserved,1,KYLQCPLKF,1,KYLQCPLKF,7,0.6931471805599453,KYLQCPLEF,0.03767799999999999,KYLQCPLKF,KYLQCPLKF,KYLQCPLEF,Negative,9,9,9,9,9,9,"1,8",0.962322,7,0.6931471805599453,substitution,0.0,1.4878048780487805,Negative,1,cedar,0.0082,KYLQCPLEF,0.0122,KYLQCPLEF,True,0.3406856475591613
KYVYDFGVSV,HLA-A0201,0.0179,1,4,0.2381,0.7338,0.0353,HLA-A*02:01,"35193931,35193931,35193931,35193931,35193931,35193931,35193931,35193931,35193931",YVYDFGVSV,YVDDFGVSV,1,1,122.0,113.0,False,Conserved,-3,KVYDFGVSV,-3,YVYDFGVSV,2,0.6931471805599453,YVDDFGVSV,0.10263100000000003,KYVYDFGVSV,YVYDFGVSV,YVDDFGVSV,Positive,10,9,9,9,9,10,"1,3,8",0.897369,3,0.6931471805599453,substitution,0.5555555555555556,1.9720670391061452,"Positive_all,Negative,Positive_all,Positive_all,Negative,Negative,Negative,Positive_all,Positive_all",9,cedar,0.3342,KYVDDFGVSV,0.8385,KVDDFGVSV,True,0.26102733642620146
LASVTHSVDK,HLA-A1101,0.1831,0,4,2.0161,0.3881,0.3859,HLA-A*11:01,"34270940,34270940",ASVTHSVDK,ASVTRSVDK,1,1,160.0,151.0,False,Conserved,0,LSVTHSVDK,0,ASVTHSVDK,4,0.6931471805599453,ASVTRSVDK,0.08108800000000005,LASVTHSVDK,ASVTHSVDK,ASVTRSVDK,Negative,10,9,9,9,9,10,"0,1,8",0.918912,5,0.6931471805599453,substitution,0.0,2.1075914800655378,"Negative,Negative",2,cedar,3.5938,LASVTRSVDK,5.1809,LSVTRSVDK,True,0.1297372404846334
LIDAVDSTGV,HLA-A0201,4.0097,0,4,0.8168,0.2897,4.0997,HLA-A*02:01,31511069,LIDAVDSTGV,LIDAVYSTGV,0,0,1583.0,1574.0,False,Conserved,-3,LIDAVDSTV,4,LIDAVSTGV,-1,,LIDAVSTGV,0.09258599999999995,LIDAVDSTGV,LIDAVDSTGV,LIDAVYSTGV,Negative,10,10,10,10,10,10,"1,3,8",0.907414,5,0.6931471805599453,substitution,0.0,1.0224455694939774,Negative,1,cedar,4.0097,LIDAVYSTGV,4.0997,LIDAVSTGV,True,0.13462895330832325
LLAIKVPNV,HLA-A0201,0.0589,1,4,0.0404,0.8671,0.0589,HLA-A*02:01,30418433,LLAIKVPNV,LLAMKVPNV,0,0,454.0,446.0,True,Conserved,1,LLAIKVPNV,1,LLAIKVPNV,3,1.0986122886681098,LLAMKVPNV,0.04389900000000002,LLAIKVPNV,LLAIKVPNV,LLAMKVPNV,Positive,9,9,9,9,9,9,"1,3,8",0.956101,3,1.0986122886681098,substitution,1.0,1.0,Positive_all,1,cedar,0.0589,LLAMKVPNV,0.0589,LLAMKVPNV,True,0.2452154600512238
LLAMTVPNV,HLA-A0201,0.1075,1,4,0.0557,0.9124,0.0589,HLA-A*02:01,30418433,LLAMTVPNV,LLAMKVPNV,0,0,454.0,446.0,False,Conserved,-1,LLAMTVPNV,-1,LLAMTVPNV,4,0.6931471805599453,LLAMKVPNV,0.06645699999999999,LLAMTVPNV,LLAMTVPNV,LLAMKVPNV,Positive,9,9,9,9,9,9,"1,3,8",0.933543,4,0.6931471805599453,substitution,1.0,0.5479069767441861,Positive_all,1,cedar,0.1075,LLAMKVPNV,0.0589,LLAMKVPNV,True,0.2580029465485232
LLDDQILQL,HLA-A0201,0.0025,0,4,0.0094,0.759,0.004,HLA-A*02:01,31511069,LLDDQILQL,HLDDQILQL,0,0,127.0,119.0,False,Conserved,-3,LLDDQILQL,-3,LLDDQILQL,0,0.6931471805599453,HLDDQILQL,0.031735999999999986,LLDDQILQL,LLDDQILQL,HLDDQILQL,Negative,9,9,9,9,9,9,"1,3,8",0.968264,0,0.6931471805599453,substitution,0.0,1.6,Negative,1,cedar,0.0025,HLDDQILQL,0.004,HLDDQILQL,True,0.43493281537715645
LLFALHFSA,HLA-A0201,1.0696,1,4,0.2476,0.8512,1.8431,HLA-A*02:01,30418433,LLFALHFSA,LLFALYFSA,0,0,30.0,22.0,False,Conserved,2,LLFALHFSA,2,LLFALHFSA,5,0.6931471805599453,LLFALYFSA,0.06457999999999997,LLFALHFSA,LLFALHFSA,LLFALYFSA,Positive,9,9,9,9,9,9,"1,3,8",0.93542,5,0.6931471805599453,substitution,1.0,1.7231675392670156,Positive_all,1,cedar,1.0696,LLFALYFSA,1.8431,LLFALYFSA,True,0.23396223090853244
LLGCVMYTLL,HLA-A0211,1.2311,1,4,0.872,0.6689,0.6592,HLA-A*02:11,"29643231,29643231,29643231,29643231",LLGCVMYTL,SLGCVMYTL,0,0,254.0,245.0,False,Conserved,-2,LLGCVMTLL,-2,LLGCVMYTL,0,0.6931471805599453,SLGCVMYTL,0.02539800000000003,LLGCVMYTLL,LLGCVMYTL,SLGCVMYTL,Positive,10,9,9,9,9,10,"1,8",0.974602,0,0.6931471805599453,substitution,0.5,0.5354560961741531,"Negative,Positive_all,Negative,Positive_all",4,cedar,8.2948,SLGCVMYTLL,5.2707,SLGCVMYTL,True,0.3704969205065691
LLGSSCAPPL,HLA-A0201,5.2569,0,4,1.45,0.6709,16.805,HLA-A*02:01,"27198675,27198675,27198675,27198675",LLGSSCAPPL,LLGSSCAPP,0,0,83.0,74.0,True,Conserved,-3,LLGSSAPPL,-4,LLGSSAPPL,"5,6,8",2.0794415416798357,LLGSSCAPP,0.03889600000000004,LLGSSCAPPL,LLGSSCAPPL,LLGSSCAPP,Negative,10,10,9,10,9,10,"1,3,8",0.961104,9,1.3862943611198906,substitution,0.0,3.196750936863931,"Negative,Negative,Negative,Negative",4,cedar,5.2569,LLGSSCAPPP,29.96,LLGSSAPPP,True,0.11451197257176407
LLLPHYASAK,HLA-A1101,2.3345,0,4,0.1295,0.674,3.0498,HLA-A*11:01,"34270940,34270940",LLLPHYASAK,FLPHYASAK,0,1,836.0,827.0,True,Conserved,0,LLLPHASAK,-3,LLLPHASAK,"0,2,3,4",2.6390573296152584,FLPHYASAK,0.05562,LLLPHYASAK,LLLPHYASAK,FLPHYASAK,Negative,10,10,9,10,9,10,"0,1,8",0.94438,1,1.791759469228055,substitution,0.0,1.3064039408866996,"Negative,Negative",2,cedar,2.3345,LFLPHYASAK,5.4475,LLPHYASAK,True,0.13417136049268358
LLPHYASAK,HLA-A1101,2.4554,0,4,0.6008,0.518,3.0498,HLA-A*11:01,"34270940,34270940",LLPHYASAK,FLPHYASAK,0,0,836.0,828.0,True,Conserved,0,LLPHYASAK,0,LLPHYASAK,0,1.791759469228055,FLPHYASAK,0.019650999999999974,LLPHYASAK,LLPHYASAK,FLPHYASAK,Negative,9,9,9,9,9,9,"0,1,8",0.980349,0,1.791759469228055,substitution,0.0,1.2420786837175204,"Negative,Negative",2,cedar,2.4554,FLPHYASAK,3.0498,FLPHYASAK,True,0.126377188028271
LLRPTLDQSTM,HLA-B1501,1.4269,0,4,0.5622,0.2442,9.9128,HLA-B*15:01,27198675,LLRPTLDQSTM,LLRPTLDQS,0,0,265.0,255.0,True,Improved,1,LPTLDQSTM,-5,LLRPDQSTM,"4,5,6,7,8",0.6931471805599453,LLRPTLDQS,0.05803199999999997,LLRPTLDQSTM,LLRPTLDQSTM,LLRPTLDQS,Negative,11,11,9,11,9,11,"1,8",0.941968,10,0.0,substitution,0.0,6.947088093068891,Negative,1,cedar,1.4269,LLRPTLDQSTV,10.1098,LLRPDQSTV,True,0.08886385714965443
LLYPHSLSSK,HLA-A1101,0.3758,0,4,0.0081,0.8495,0.4108,HLA-A*11:01,27198675,LLYPHSLSSK,LLYPHGLSSK,0,0,476.0,467.0,False,Conserved,0,LLYPHSLSK,0,LLYPHSLSK,5,0.6931471805599453,LLYPHGLSK,0.06225899999999995,LLYPHSLSSK,LLYPHSLSSK,LLYPHGLSSK,Negative,10,10,10,10,10,10,"0,1,8",0.937741,5,0.6931471805599453,substitution,0.0,1.0931346460883449,Negative,1,cedar,0.3758,LLYPHGLSSK,0.4108,LLYPHGLSK,True,0.12099190469156713
LLYPHSLSSKL,HLA-A0201,0.4545,0,4,1.2387,0.6225,0.6734,HLA-A*02:01,27198675,LLYPHSLSSKL,LLYPHGLSSKL,0,0,477.0,467.0,False,Conserved,0,LLYPHSLSL,0,LLYPHSLSL,5,0.6931471805599453,LLYPHGLSL,0.054471999999999965,LLYPHSLSSKL,LLYPHSLSSKL,LLYPHGLSSKL,Negative,11,11,11,11,11,11,"1,3,8",0.945528,5,0.6931471805599453,substitution,0.0,1.4816281628162815,Negative,1,cedar,0.4545,LLYPHGLSSKL,0.6734,LLYPHGLSL,True,0.09780456061712378
LLYQELLPL,HLA-A0201,0.1975,1,4,0.1842,0.8698,0.4053,HLA-A*02:01,26048577,LLYQELLPL,LLYQEFLPL,0,0,496.0,488.0,False,Conserved,0,LLYQELLPL,0,LLYQELLPL,5,1.791759469228055,LLYQEFLPL,0.05825999999999998,LLYQELLPL,LLYQELLPL,LLYQEFLPL,Positive,9,9,9,9,9,9,"1,3,8",0.94174,5,1.791759469228055,substitution,1.0,2.052151898734177,Positive_all,1,cedar,0.1975,LLYQEFLPL,0.4053,LLYQEFLPL,True,0.27744608196668274
LMILSANWAY,HLA-B1501,0.6942,0,4,0.0347,0.77,0.83,HLA-B*15:01,27198675,LMILSANWAY,MVLSANWAY,0,1,241.0,232.0,True,Conserved,3,LMILSANAY,-2,LMILSANAY,"0,1,2,3,4,5,6",2.5649493574615367,MVLSANWAY,0.039686,LMILSANWAY,LMILSANWAY,MVLSANWAY,Negative,10,10,9,10,9,10,"1,8",0.960314,2,1.0986122886681098,substitution,0.0,1.1956208585422068,Negative,1,cedar,0.6942,LMVLSANWAY,0.968,LMVLSANAY,True,0.19531226398709348
LMILSANWAYV,HLA-A0201,0.5716,0,4,0.8271,0.7448,0.7174,HLA-A*02:01,27198675,ILSANWAYV,VLSANWAYV,2,2,242.0,232.0,False,Conserved,3,LLSANWAYV,3,ILSANWAYV,0,1.0986122886681098,VLSANWAYV,0.005458999999999992,LMILSANWAYV,ILSANWAYV,VLSANWAYV,Negative,11,9,9,9,9,11,"1,3,8",0.994541,2,1.0986122886681098,substitution,0.0,1.255073477956613,Negative,1,cedar,7.4794,LMVLSANWAYV,8.8418,LLSANWAYV,True,0.17818740133072944
LMTDTQFVL,HLA-A0201,0.3002,0,4,0.0816,0.8348,4.2101,HLA-A*02:01,27198675,LMTDTQFVL,LMTDTQFV,0,0,356.0,348.0,True,Improved,-2,LMTDTQFVL,-10,LMTDTQFVL,"4,5,6,7,8",1.6094379124341003,LMTD-TQFV,0.046725000000000017,LMTDTQFVL,LMTDTQFVL,LMTDTQFV,Negative,9,9,8,9,8,9,"1,3,8",0.953275,8,0.6931471805599453,substitution,0.0,14.024317121918719,Negative,1,cedar,0.3002,LMTDTQFVS,8.1523,LMTDTQFVS,True,0.2728724264469208
LMTDTQFVLAV,HLA-A0201,0.3002,0,4,0.6828,0.7673,2.4079,HLA-A*02:01,27198675,LMTDTQFVL,LMTDTQFVSAV,0,0,358.0,348.0,True,Improved,-2,LMTDTVLAV,1,LMTDTQFVL,"7,8",2.302585092994046,LMTDTQFAV,0.06961099999999998,LMTDTQFVLAV,LMTDTQFVL,LMTDTQFVSAV,Negative,11,9,11,9,11,11,"1,3,8",0.930389,8,0.6931471805599453,substitution,0.0,8.020986009327116,Negative,1,cedar,1.793,LMTDTQFVSAV,2.4079,LMTDTQFAV,True,0.20924561824219776
LQEEAHVPL,HLA-B1501,2.0475,0,4,0.0139,0.7094,2.2732,HLA-B*15:01,27198675,LQEEAHVPL,LQEGAHVPL,0,0,915.0,907.0,False,Conserved,-2,LQEEAHVPL,-2,LQEEAHVPL,3,0.6931471805599453,LQEGAHVPL,0.09161200000000003,LQEEAHVPL,LQEEAHVPL,LQEGAHVPL,Negative,9,9,9,9,9,9,"1,8",0.908388,3,0.6931471805599453,substitution,0.0,1.1102319902319904,Negative,1,cedar,2.0475,LQEGAHVPL,2.2732,LQEGAHVPL,True,0.13794259166706926
LQEEAHVPLQF,HLA-B1501,0.6903,0,4,1.0511,0.2899,0.6901,HLA-B*15:01,27198675,LQEEAHVPLQF,LQEGAHVPLQF,0,0,917.0,907.0,False,Conserved,-2,LEAHVPLQF,6,LQAHVPLQF,-1,,LQAHVPLQF,0.06408100000000005,LQEEAHVPLQF,LQEEAHVPLQF,LQEGAHVPLQF,Negative,11,11,11,11,11,11,"1,8",0.935919,3,0.6931471805599453,substitution,0.0,0.9997102708967116,Negative,1,cedar,0.6903,LQEGAHVPLQF,0.6901,LQAHVPLQF,True,0.11544491614112183
LSPLSWVSV,HLA-C0501,4.2716,0,4,0.0763,0.522,3.5681,HLA-C*05:01,"31351799,31351799",LSPLSWVSV,LSPLSRVSV,0,0,363.0,355.0,False,Conserved,-3,LSPLSWVSV,-3,LSPLSWVSV,5,0.6931471805599453,LSPLSRVSV,0.12100999999999995,LSPLSWVSV,LSPLSWVSV,LSPLSRVSV,Negative,9,9,9,9,9,9,"1,2,8",0.87899,5,0.6931471805599453,substitution,0.0,0.835307613072385,"Negative,Negative",2,cedar,4.2716,LSPLSRVSV,3.5681,LSPLSRVSV,True,0.19203776955381516
LSSSGAPSLK,HLA-A1101,0.0677,0,4,0.4919,0.5899,0.065,HLA-A*11:01,27198675,SSSGAPSLK,SSSGAPSPK,1,1,1468.0,1459.0,False,Conserved,-3,LSSSGPSLK,-3,SSSGAPSLK,7,1.3862943611198906,SSSGAPSPK,0.05597399999999997,LSSSGAPSLK,SSSGAPSLK,SSSGAPSPK,Negative,10,9,9,9,9,10,"0,1,8",0.944026,8,1.3862943611198906,substitution,0.0,0.9601181683899558,Negative,1,cedar,0.7558,LSSSGAPSPK,0.8027,LSSSGPSPK,True,0.06626099525174618
LSVTHMTSR,HLA-A1101,1.6102,0,4,0.5559,0.6181,6.04,HLA-A*11:01,"34270940,34270940",LSVTHMTSR,LGVTHMTSR,0,0,398.0,390.0,True,Improved,0,LSVTHMTSR,0,LSVTHMTSR,1,0.6931471805599453,LGVTHMTSR,0.03818699999999997,LSVTHMTSR,LSVTHMTSR,LGVTHMTSR,Negative,9,9,9,9,9,9,"0,1,8",0.961813,1,0.6931471805599453,substitution,0.0,3.7510868215128554,"Negative,Negative",2,cedar,1.6102,LGVTHMTSR,6.04,LGVTHMTSR,True,0.16361463504712137
LTHEVIVPL,HLA-C1203,0.5314,0,4,0.1129,0.6701,2.4653,HLA-C*12:03,29895573,LTHEVIVPL,LTHEVIVPH,0,0,19.0,11.0,True,Improved,-3,LTHEVIVPL,-3,LTHEVIVPL,8,0.6931471805599453,LTHEVIVPH,0.03286500000000003,LTHEVIVPL,LTHEVIVPL,LTHEVIVPH,Negative,9,9,9,9,9,9,"1,8",0.967135,8,0.6931471805599453,substitution,0.0,4.639254798645089,Negative,1,cedar,0.5314,LTHEVIVPH,2.4653,LTHEVIVPH,True,0.18299154319447875
LTHKQELQAVK,HLA-A1101,1.9123,0,4,2.4792,0.3501,1.4325,HLA-A*11:01,27198675,LTHKQELQAVK,LTHKQGLQAVK,0,0,686.0,676.0,False,Conserved,-2,LTHKQELQK,-2,LTHKQELQK,5,0.6931471805599453,LTHKQGLQK,0.06883600000000001,LTHKQELQAVK,LTHKQELQAVK,LTHKQGLQAVK,Negative,11,11,11,11,11,11,"0,1,8",0.931164,5,0.6931471805599453,substitution,0.0,0.7490979448831251,Negative,1,cedar,1.9123,LTHKQGLQAVK,1.4325,LTHKQGLQK,True,0.1330575171101067
LVRGATLYI,HLA-B0702,1.9181,0,4,0.0834,0.7256,2.4907,HLA-B*07:02,31511069,LVRGATLYI,LVRGATLDI,0,0,169.0,161.0,False,Conserved,-3,LVRGATLYI,-3,LVRGATLYI,7,0.6931471805599453,LVRGATLDI,0.06819299999999995,LVRGATLYI,LVRGATLYI,LVRGATLDI,Negative,9,9,9,9,9,9,"1,8",0.931807,7,0.6931471805599453,substitution,0.0,1.2985245816172253,Negative,1,cedar,1.9181,LVRGATLDI,2.4907,LVRGATLDI,True,0.2072103394234288
LVRRSRTYSL,HLA-B0702,0.8574,0,4,0.0198,0.7333,0.8522,HLA-B*07:02,"34244308,34244308",LVRRSRTYSL,LVRRSRTDSL,0,0,347.0,338.0,False,Conserved,-3,LVRSRTYSL,4,LVRRSRTSL,-1,,LVRRSRTSL,0.06674400000000003,LVRRSRTYSL,LVRRSRTYSL,LVRRSRTDSL,Negative,10,10,10,10,10,10,"1,8",0.933256,7,0.6931471805599453,substitution,0.0,0.993935152787497,"Negative,Negative",2,cedar,0.8574,LVRRSRTDSL,0.8522,LVRRSRTSL,True,0.1111916302855174
LYIVDGMAQLM,HLA-A2402,0.5153,0,4,0.2629,0.2175,6.7565,HLA-A*24:02,31511069,LYIVDGMAQL,IVDGMAQLM,0,2,177.0,167.0,True,Improved,-3,LYDGMAQLM,-8,LYIDGMAQL,"0,1,2,3,4,5,6,7,8",2.302585092994046,IVDGMAQLM,0.10952200000000001,LYIVDGMAQLM,LYIVDGMAQL,IVDGMAQLM,Negative,11,10,9,10,9,11,"1,8",0.890478,1,0.6931471805599453,substitution,0.0,13.111779545895596,Negative,1,cedar,1.398,LDIVDGMAQLM,35.5,LVDGMAQLM,True,0.18390203897473434
LYLDYQIQATV,HLA-A2402,1.8822,0,4,1.8487,0.2695,0.9177,HLA-A*24:02,27198675,LYLDYQIQATV,LYPDYQIQATV,0,0,177.0,167.0,False,Conserved,-3,LYLDIQATV,-3,LYLDIQATV,2,1.3862943611198906,LYPDIQATV,0.058620000000000005,LYLDYQIQATV,LYLDYQIQATV,LYPDYQIQATV,Negative,11,11,11,11,11,11,"1,8",0.94138,2,1.3862943611198906,substitution,0.0,0.4875677398788651,Negative,1,cedar,1.8822,LYPDYQIQATV,0.9177,LYPDIQATV,True,0.1598551473851368
MAVGISHLK,HLA-A1101,0.1922,0,4,0.0079,0.9026,0.8187,HLA-A*11:01,31511069,MAVGISHLK,MAVGISDLK,0,0,593.0,585.0,False,Improved,-1,MAVGISHLK,-1,MAVGISHLK,6,0.6931471805599453,MAVGISDLK,0.07865999999999995,MAVGISHLK,MAVGISHLK,MAVGISDLK,Negative,9,9,9,9,9,9,"0,1,8",0.92134,6,0.6931471805599453,substitution,0.0,4.259625390218522,Negative,1,cedar,0.1922,MAVGISDLK,0.8187,MAVGISDLK,True,0.2412983515394023
MTDTQFVLAV,HLA-A0201,4.4707,0,4,0.1069,0.6745,3.6787,HLA-A*02:01,27198675,MTDTQFVLA,MTDTQFVSA,0,0,358.0,349.0,False,Conserved,-2,MTDTQFVAV,-2,MTDTQFVLA,7,0.6931471805599453,MTDTQFVSA,0.046474000000000015,MTDTQFVLAV,MTDTQFVLA,MTDTQFVSA,Negative,10,9,9,9,9,10,"1,3,8",0.953526,7,0.6931471805599453,substitution,0.0,0.8228465340998055,Negative,1,cedar,5.9148,MTDTQFVSAV,5.7256,MTDTQFVSV,True,0.18957547633256258
NFLNNSGIL,HLA-A2402,3.959,0,4,0.1709,0.6892,30.3333,HLA-A*24:02,27198675,NFLNNSGIL,NILNNSGIL,0,0,855.0,847.0,True,Conserved,0,NFLNNSGIL,0,NFLNNSGIL,1,0.6931471805599453,NILNNSGIL,0.04036300000000004,NFLNNSGIL,NFLNNSGIL,NILNNSGIL,Negative,9,9,9,9,9,9,"1,8",0.959637,1,0.6931471805599453,substitution,0.0,7.661859055317,Negative,1,cedar,3.959,NILNNSGIL,30.3333,NILNNSGIL,True,0.1266735518461353
NISEDVIFF,HLA-A2501,0.2942,1,4,0.9041,0.1919,8.4263,HLA-A*25:01,"32582212,32582212",NISEDVIFF,NISEDVIF,0,0,357.0,349.0,True,Improved,-2,NISEDVIFF,-6,NISEDVIFF,7,,NISEDVI-F,0.047494999999999954,NISEDVIFF,NISEDVIFF,NISEDVIF,Positive,9,9,8,9,8,9,"0,1,8",0.952505,8,0.6931471805599453,substitution,0.5,28.64140040788579,"Negative,Positive_all",2,cedar,0.2942,NISEDVIFS,29.6667,NISEDVIFS,True,0.25687214641363937
NLKRVVEDSEY,HLA-B1501,1.0961,0,4,3.6357,0.3146,1.0961,HLA-B*15:01,27198675,RVVEDSEY,RVVEDSEY,3,3,360.0,350.0,False,Conserved,-3,NLKRVDSEY,7,RVVED-SEY,-1,,RVVED-SEY,0.0,NLKRVVEDSEY,RVVEDSEY,RVVEDSEY,Negative,11,8,8,8,8,11,"1,8",1.0,1,1.3862943611198906,substitution,0.0,1.0,Negative,1,cedar,1.4107,NPKRVVEDSEY,8.0785,NPKVEDSEY,True,0.11715450287253397
NLLNHSWLV,HLA-A0201,0.0522,0,4,0.0138,0.8783,0.0309,HLA-A*02:01,31511069,NLLNHSWLV,NLLNHPWLV,0,0,359.0,351.0,False,Conserved,-1,NLLNHSWLV,-1,NLLNHSWLV,5,1.3862943611198906,NLLNHPWLV,0.09607500000000002,NLLNHSWLV,NLLNHSWLV,NLLNHPWLV,Negative,9,9,9,9,9,9,"1,3,8",0.903925,5,1.3862943611198906,substitution,0.0,0.5919540229885057,Negative,1,cedar,0.0522,NLLNHPWLV,0.0309,NLLNHPWLV,True,0.3493518021481965
NLQNQMSSL,HLA-A0201,1.2427,0,4,0.5807,0.435,1.5524,HLA-A*02:01,27198675,NLQNQMSSL,NLQNQMCSL,0,0,272.0,264.0,False,Conserved,-1,NLQNQMSSL,-1,NLQNQMSSL,6,1.3862943611198906,NLQNQMCSL,0.07512700000000005,NLQNQMSSL,NLQNQMSSL,NLQNQMCSL,Negative,9,9,9,9,9,9,"1,3,8",0.924873,6,1.3862943611198906,substitution,0.0,1.2492154180413617,Negative,1,cedar,1.2427,NLQNQMCSL,1.5524,NLQNQMCSL,True,0.08789874279863147
NLQNQMSSL,HLA-B0702,3.1221,0,4,0.5807,0.435,6.349,HLA-B*07:02,27198675,NLQNQMSSL,NLQNQMCSL,0,0,272.0,264.0,False,Conserved,-1,NLQNQMSSL,-1,NLQNQMSSL,6,1.3862943611198906,NLQNQMCSL,0.07512700000000005,NLQNQMSSL,NLQNQMSSL,NLQNQMCSL,Negative,9,9,9,9,9,9,"1,8",0.924873,6,1.3862943611198906,substitution,0.0,2.0335671503154926,Negative,1,cedar,3.1221,NLQNQMCSL,6.349,NLQNQMCSL,True,0.09380889568470982
NLQREEYTV,HLA-A0201,0.6725,1,4,1.9843,0.4813,2.0937,HLA-A*02:01,"31655052,31655052",NLQREEYTV,NLEREEYTV,0,0,1272.0,1264.0,False,Improved,2,NLQREEYTV,2,NLQREEYTV,2,0.6931471805599453,NLEREEYTV,0.03508699999999998,NLQREEYTV,NLQREEYTV,NLEREEYTV,Positive,9,9,9,9,9,9,"1,3,8",0.964913,2,0.6931471805599453,substitution,0.5,3.1133085501858737,"Negative,Positive_all",2,cedar,0.6725,NLEREEYTV,2.0937,NLEREEYTV,True,0.12628050015249195
NPKSDELKL,HLA-B0702,0.3442,0,4,0.5779,0.2412,7.5954,HLA-B*07:02,27198675,NPKSDELKL,NPKSDELKS,0,0,119.0,111.0,True,Improved,-2,NPKSDELKL,-2,NPKSDELKL,8,0.6931471805599453,NPKSDELKS,0.022016999999999953,NPKSDELKL,NPKSDELKL,NPKSDELKS,Negative,9,9,9,9,9,9,"1,8",0.977983,8,0.6931471805599453,substitution,0.0,22.06682161533992,Negative,1,cedar,0.3442,NPKSDELKS,7.5954,NPKSDELKS,True,0.0791551352027293
NTLPNYQSF,HLA-A2402,0.2731,0,4,0.2472,0.2974,26.7,HLA-A*24:02,27198675,NTLPNYQSF,NTLPNYQSS,0,0,436.0,428.0,True,Improved,-2,NTLPNYQSF,-2,NTLPNYQSF,8,0.6931471805599453,NTLPNYQSS,0.02973300000000001,NTLPNYQSF,NTLPNYQSF,NTLPNYQSS,Negative,9,9,9,9,9,9,"1,8",0.970267,8,0.6931471805599453,substitution,0.0,97.76638593921639,Negative,1,cedar,0.2731,NTLPNYQSS,26.7,NTLPNYQSS,True,0.14109993704485888
PPNFLNNSGIL,HLA-B0702,6.0633,0,4,6.5726,0.1445,6.5,HLA-B*07:02,27198675,PPNFLNNSGIL,PPNILNNSGIL,0,0,855.0,845.0,False,Conserved,0,PPNFLNNSL,0,PPNFLNNSL,3,0.6931471805599453,PPNILNNSL,0.04647900000000005,PPNFLNNSGIL,PPNFLNNSGIL,PPNILNNSGIL,Negative,11,11,11,11,11,11,"1,8",0.953521,3,0.6931471805599453,substitution,0.0,1.0720234855606683,Negative,1,cedar,6.0633,PPNILNNSGIL,6.5,PPNILNNSL,True,0.1118790602609986
QATEAERSF,HLA-C0303,0.4673,1,4,0.6502,0.4473,17.32,HLA-C*03:03,"30256815,30256815,30256815",QATEAERSF,QATEAERSS,0,0,246.0,238.0,True,Improved,-2,QATEAERSF,-2,QATEAERSF,8,0.6931471805599453,QATEAERSS,0.02410800000000002,QATEAERSF,QATEAERSF,QATEAERSS,Positive,9,9,9,9,9,9,"1,8",0.975892,8,0.6931471805599453,substitution,0.6666666666666666,37.06398459233897,"Positive_all,Negative,Positive_all",3,cedar,0.4673,QATEAERSS,17.32,QATEAERSS,True,0.07321335854279551
QEFAPLGTV,HLA-B4901,0.0173,0,4,0.0187,0.5735,1.2305,HLA-B*49:01,30556813,QEFAPLGTV,QEFAPLGTG,0,0,92.0,84.0,True,Improved,-3,QEFAPLGTV,-3,QEFAPLGTV,8,1.3862943611198906,QEFAPLGTG,0.03122899999999995,QEFAPLGTV,QEFAPLGTV,QEFAPLGTG,Negative,9,9,9,9,9,9,"1,8",0.968771,8,1.3862943611198906,substitution,0.0,71.1271676300578,Negative,1,cedar,0.0173,QEFAPLGTG,1.2305,QEFAPLGTG,True,0.2747564389129457
QLQKANVLL,HLA-A0201,0.5758,1,4,1.1802,0.6324,0.6402,HLA-A*02:01,"35211402,35211402",QLQKANVLL,QLQKANVRL,0,0,253.0,245.0,False,Conserved,-2,QLQKANVLL,-2,QLQKANVLL,7,1.3862943611198906,QLQKANVRL,0.04922300000000002,QLQKANVLL,QLQKANVLL,QLQKANVRL,Positive,9,9,9,9,9,9,"1,3,8",0.950777,7,1.3862943611198906,substitution,0.5,1.111844390413338,"Positive_all,Negative",2,cedar,0.5758,QLQKANVRL,0.6402,QLQKANVRL,True,0.15151763343673413
QLRLFQYNYSY,HLA-B1501,0.0363,0,4,0.8443,0.4623,0.1961,HLA-B*15:01,27198675,RLFQYNYSY,RLFQYNYPY,2,2,572.0,562.0,False,Conserved,-1,QLFQYNYSY,-1,RLFQYNYSY,7,1.3862943611198906,RLFQYNYPY,0.05415000000000003,QLRLFQYNYSY,RLFQYNYSY,RLFQYNYPY,Negative,11,9,9,9,9,11,"1,8",0.94585,9,1.3862943611198906,substitution,0.0,5.402203856749312,Negative,1,cedar,2.3203,QLRLFQYNYPY,4.9209,QLRQYNYPY,True,0.13193493499995423
QPYGSSFHAL,HLA-B3501,0.4057,0,4,0.0894,0.7078,0.2571,HLA-B*35:01,27198675,QPYGSSFHAL,QPYGSSFY,0,0,542.0,533.0,True,Conserved,2,QPYGSSHAL,-8,QPYGSSHAL,"6,7,8",,QPYGSSF-Y,0.10873999999999995,QPYGSSFHAL,QPYGSSFHAL,QPYGSSFY,Negative,10,10,8,10,8,10,"1,8",0.89126,7,0.6931471805599453,substitution,0.0,0.6337194971653931,Negative,1,cedar,0.4057,QPYGSSFYAL,0.5953,QPYGSSYAL,True,0.10002053408561534
QPYGSSFHAL,HLA-B0702,0.0468,0,4,0.0894,0.7078,0.177,HLA-B*07:02,27198675,QPYGSSFHAL,QPYGSSFYAL,0,0,542.0,533.0,False,Conserved,2,QPYGSSHAL,2,QPYGSSHAL,6,0.6931471805599453,QPYGSSYAL,0.04800400000000005,QPYGSSFHAL,QPYGSSFHAL,QPYGSSFYAL,Negative,10,10,10,10,10,10,"1,8",0.951996,7,0.6931471805599453,substitution,0.0,3.782051282051282,Negative,1,cedar,0.0468,QPYGSSFYAL,0.177,QPYGSSYAL,True,0.17768739242787868
QVMPIACGNK,HLA-A0301,0.6174,0,4,0.1676,0.6929,2.1339,HLA-A*03:01,31511069,QVMPIACGNK,EVMPIACGNK,0,0,184.0,175.0,True,Improved,2,QVMPIACNK,2,QVMPIAGNK,0,0.6931471805599453,EVMPIAGNK,0.010352000000000028,QVMPIACGNK,QVMPIACGNK,EVMPIACGNK,Negative,10,10,10,10,10,10,"0,1,8",0.989648,0,0.6931471805599453,substitution,0.0,3.4562682215743443,Negative,1,cedar,0.6174,EVMPIACGNK,2.1339,EVMPIAGNK,True,0.1585500204330207
RAFYILMEK,HLA-A0301,0.0528,0,4,0.0463,0.7647,0.1275,HLA-A*03:01,33479501,RAFYILMEK,RASYILMEK,0,0,400.0,392.0,False,Conserved,-2,RAFYILMEK,-2,RAFYILMEK,2,0.6931471805599453,RASYILMEK,0.07160599999999995,RAFYILMEK,RAFYILMEK,RASYILMEK,Negative,9,9,9,9,9,9,"0,1,8",0.928394,2,0.6931471805599453,substitution,0.0,2.4147727272727275,Negative,1,cedar,0.0528,RASYILMEK,0.1275,RASYILMEK,True,0.5022301673223192
RDFQQEIQIL,HLA-A2402,1.4586,0,4,0.5094,0.3386,1.419,HLA-A*24:02,"34244308,34244308",DFQQEIQIL,DFQREIQIL,1,1,875.0,866.0,False,Conserved,1,RDFQQEIQL,1,DFQQEIQIL,3,0.6931471805599453,DFQREIQIL,0.05516500000000002,RDFQQEIQIL,DFQQEIQIL,DFQREIQIL,Negative,10,9,9,9,9,10,"1,8",0.944835,4,0.6931471805599453,substitution,0.0,0.9728506787330318,"Negative,Negative",2,cedar,1.6501,RDFQREIQIL,2.3388,RFQREIQIL,True,0.21284538058973454
REELLAATL,HLA-B4002,0.0765,0,4,0.009,0.8217,0.1301,HLA-B*40:02,33479501,REELLAATL,GELLAATL,0,1,46.0,38.0,True,Conserved,-2,REELLAATL,-11,REELLAATL,"0,2,3",1.0986122886681098,GEL-LAATL,0.07193400000000005,REELLAATL,REELLAATL,GELLAATL,Negative,9,9,8,9,8,9,"1,8",0.928066,1,0.6931471805599453,substitution,0.0,1.7006535947712418,Negative,1,cedar,0.0765,RGELLAATL,10.5873,RGELLAATL,True,0.28660820127468284
REFDKIELA,HLA-B4102,0.0054,1,4,0.0897,0.4899,0.0591,HLA-B*41:02,33479501,REFDKIEL,REFDEIEL,0,0,1108.0,1100.0,False,Conserved,1,REFDKIELA,1,REFDKI-EL,4,0.6931471805599453,REFDEI-EL,0.060150999999999955,REFDKIELA,REFDKIEL,REFDEIEL,Negative,9,8,8,8,8,9,"1,8",0.939849,4,0.6931471805599453,substitution,0.0,10.944444444444445,Negative,1,cedar,0.075,REFDEIELA,0.4142,REFDEIELA,True,0.2819944898980651
REFDKIELAY,HLA-B4102,0.0054,1,4,0.0656,0.6178,0.0591,HLA-B*41:02,33479501,REFDKIEL,REFDEIEL,0,0,1109.0,1100.0,False,Conserved,1,REFDKIELY,1,REFDKI-EL,4,0.6931471805599453,REFDEI-EL,0.060150999999999955,REFDKIELAY,REFDKIEL,REFDEIEL,Positive,10,8,8,8,8,10,"1,8",0.939849,4,0.6931471805599453,substitution,1.0,10.944444444444445,Positive_all,1,cedar,0.5268,REFDEIELAY,0.9267,REFDEILAY,True,0.14691320123263052
RFQQLDTAI,HLA-C1403,0.6447,0,4,0.3225,0.6213,1.4706,HLA-C*14:03,24323902,RFQQLDTAI,RFEQLDTAI,0,0,692.0,684.0,False,Conserved,2,RFQQLDTAI,2,RFQQLDTAI,2,0.6931471805599453,RFEQLDTAI,0.037715000000000054,RFQQLDTAI,RFQQLDTAI,RFEQLDTAI,Negative,9,9,9,9,9,9,"1,8",0.962285,2,0.6931471805599453,substitution,0.0,2.281060958585388,Negative,1,cedar,0.6447,RFEQLDTAI,1.4706,RFEQLDTAI,True,0.12088381009223347
RFSGVPDSF,HLA-A2402,0.0921,0,4,0.2142,0.5673,0.0763,HLA-A*24:02,"34270940,34270940",RFSGVPDSF,RFSGVPDRF,0,0,67.0,59.0,False,Conserved,-1,RFSGVPDSF,-1,RFSGVPDSF,7,1.791759469228055,RFSGVPDRF,0.049397000000000024,RFSGVPDSF,RFSGVPDSF,RFSGVPDRF,Negative,9,9,9,9,9,9,"1,8",0.950603,7,1.791759469228055,substitution,0.0,0.8284473398479913,"Negative,Negative",2,cedar,0.0921,RFSGVPDRF,0.0763,RFSGVPDRF,True,0.11764224953757581
RIALILAGSK,HLA-A3001,1.7994,0,4,0.0873,0.7017,0.5408,HLA-A*30:01,24323902,RIALILAGSK,IARILAGSK,0,1,690.0,681.0,True,Conserved,-2,RIALILASK,-2,RIALILASK,"0,1,2,3,4,5,6",2.5649493574615367,IARILAGSK,0.07620199999999999,RIALILAGSK,RIALILAGSK,IARILAGSK,Negative,10,10,9,10,9,10,"0,1,2,8",0.923798,3,1.3862943611198906,substitution,0.0,0.3005446259864399,Negative,1,cedar,1.7994,RIARILAGSK,0.5455,RARILAGSK,True,0.14998184797684885
RLFQYNYSY,HLA-B1501,0.0363,0,4,0.0091,0.7764,0.1961,HLA-B*15:01,27198675,RLFQYNYSY,RLFQYNYPY,0,0,572.0,564.0,False,Conserved,-1,RLFQYNYSY,-1,RLFQYNYSY,7,1.3862943611198906,RLFQYNYPY,0.05415000000000003,RLFQYNYSY,RLFQYNYSY,RLFQYNYPY,Negative,9,9,9,9,9,9,"1,8",0.94585,7,1.3862943611198906,substitution,0.0,5.402203856749312,Negative,1,cedar,0.0363,RLFQYNYPY,0.1961,RLFQYNYPY,True,0.2638251802763489
RLSFSGPAL,HLA-A0201,0.8551,0,4,1.0244,0.2213,0.4291,HLA-A*02:01,27198675,RLSFSGPAL,RLSSSGPAL,0,0,445.0,437.0,True,Conserved,-2,RLSFSGPAL,-2,RLSFSGPAL,3,0.6931471805599453,RLSSSGPAL,0.08701999999999999,RLSFSGPAL,RLSFSGPAL,RLSSSGPAL,Negative,9,9,9,9,9,9,"1,3,8",0.91298,3,0.6931471805599453,substitution,0.0,0.5018126534908198,Negative,1,cedar,0.8551,RLSSSGPAL,0.4291,RLSSSGPAL,True,0.058464880225900434
RLSFSGPAL,HLA-B0702,0.773,0,4,1.0244,0.2213,0.5851,HLA-B*07:02,27198675,RLSFSGPAL,RLSSSGPAL,0,0,445.0,437.0,False,Conserved,-2,RLSFSGPAL,-2,RLSFSGPAL,3,0.6931471805599453,RLSSSGPAL,0.08701999999999999,RLSFSGPAL,RLSFSGPAL,RLSSSGPAL,Negative,9,9,9,9,9,9,"1,8",0.91298,3,0.6931471805599453,substitution,0.0,0.756921086675291,Negative,1,cedar,0.773,RLSSSGPAL,0.5851,RLSSSGPAL,True,0.06052280112151928
RLSFSGPALL,HLA-A0201,0.3266,0,4,0.3588,0.7535,0.4291,HLA-A*02:01,27198675,RLSFSGPALL,RLSSSGPAL,0,0,446.0,437.0,True,Conserved,-2,RLFSGPALL,-6,RLFSGPALL,"2,4,5,6,7",2.0794415416798357,RLSSSGPAL,0.10580199999999995,RLSFSGPALL,RLSFSGPALL,RLSSSGPAL,Negative,10,10,9,10,9,10,"1,3,8",0.894198,3,0.6931471805599453,substitution,0.0,1.3138395590936924,Negative,1,cedar,0.3266,RLSSSGPALL,1.3923,RLSSGPALL,True,0.10567900212433966
RMLEVPLCQIL,HLA-A2402,4.329,0,4,0.4757,0.4774,10.9008,HLA-A*24:02,27198675,RMLEVPLCQI,LEVPLCQIL,0,2,551.0,541.0,True,Conserved,-2,REVPLCQIL,-9,RMLEVPLQI,"0,1,2,3,4,5,6,7,8",3.091042453358316,LEVPLCQIL,0.10447200000000001,RMLEVPLCQIL,RMLEVPLCQI,LEVPLCQIL,Negative,11,10,9,10,9,11,"1,8",0.895528,0,1.791759469228055,substitution,0.0,2.5180873180873182,Negative,1,cedar,5.6104,GMLEVPLCQIL,17.1778,GMLEVPQIL,True,0.1419264049220031
RRFSSLYSF,HLA-B2705,0.0024,0,4,0.0106,0.7698,3.4171,HLA-B*27:05,34518289,RRFSSLYSF,RGFSSLYSF,0,0,312.0,304.0,True,Improved,-2,RRFSSLYSF,-2,RRFSSLYSF,1,1.791759469228055,RGFSSLYSF,0.05771499999999996,RRFSSLYSF,RRFSSLYSF,RGFSSLYSF,Negative,9,9,9,9,9,9,"1,8",0.942285,1,1.791759469228055,substitution,0.0,1423.7916666666667,Negative,1,cedar,0.0024,RGFSSLYSF,3.4171,RGFSSLYSF,True,0.3526853319771792
RRLLILGRI,HLA-B2705,0.2874,0,4,0.0423,0.7138,0.3073,HLA-B*27:05,34518289,RRLLILGRI,RRLLILGGI,0,0,124.0,116.0,False,Conserved,-2,RRLLILGRI,-2,RRLLILGRI,7,1.791759469228055,RRLLILGGI,0.051817,RRLLILGRI,RRLLILGRI,RRLLILGGI,Negative,9,9,9,9,9,9,"1,8",0.948183,7,1.791759469228055,substitution,0.0,1.069241475295755,Negative,1,cedar,0.2874,RRLLILGGI,0.3073,RRLLILGGI,True,0.384396103461156
RSDHVALHMK,HLA-A0301,0.52,0,4,0.5247,0.5308,0.5911,HLA-A*03:01,31511069,RSDHVALHMK,RSDHLALHMK,0,0,453.0,444.0,True,Conserved,1,RSDHVAHMK,-10,RSDHVALHK,"2,3,4,5,6,7",2.302585092994046,RSHLALHMK,0.03652999999999995,RSDHVALHMK,RSDHVALHMK,RSDHLALHMK,Negative,10,10,10,10,10,10,"0,1,8",0.96347,4,1.791759469228055,substitution,0.0,1.136730769230769,Negative,1,cedar,0.52,RSDHLALHMK,0.5911,RSHLALHMK,True,0.17088835573981365
RTDVHIWVFR,HLA-A1101,0.6595,0,4,0.0255,0.825,0.4677,HLA-A*11:01,"34270940,34270940",RTDVHIWVFR,RTDVHIRVFR,0,0,148.0,139.0,True,Conserved,-3,RTVHIWVFR,-9,RTDVHIVFR,"3,4,5",0.0,RTDHIRVFR,0.11148499999999995,RTDVHIWVFR,RTDVHIWVFR,RTDVHIRVFR,Negative,10,10,10,10,10,10,"0,1,8",0.888515,6,0.6931471805599453,substitution,0.0,0.7091736163760425,"Negative,Negative",2,cedar,0.6595,RTDVHIRVFR,0.4677,RTDHIRVFR,True,0.2916774072618981
RTPDGFLLV,HLA-A0201,0.6016,0,4,0.0478,0.6292,1.1447,HLA-A*02:01,27198675,RTPDGFLLV,RTPDGSLLV,0,0,5340.0,5332.0,False,Conserved,-2,RTPDGFLLV,-2,RTPDGFLLV,5,0.6931471805599453,RTPDGSLLV,0.09194000000000002,RTPDGFLLV,RTPDGFLLV,RTPDGSLLV,Negative,9,9,9,9,9,9,"1,3,8",0.90806,5,0.6931471805599453,substitution,0.0,1.9027593085106382,Negative,1,cedar,0.6016,RTPDGSLLV,1.1447,RTPDGSLLV,True,0.13257076212128016
RTPDGFLLV,HLA-A2402,1.4683,0,4,0.0478,0.6292,2.7645,HLA-A*24:02,27198675,RTPDGFLLV,RTPDGSLLV,0,0,5340.0,5332.0,False,Conserved,-2,RTPDGFLLV,-2,RTPDGFLLV,5,0.6931471805599453,RTPDGSLLV,0.09194000000000002,RTPDGFLLV,RTPDGFLLV,RTPDGSLLV,Negative,9,9,9,9,9,9,"1,8",0.90806,5,0.6931471805599453,substitution,0.0,1.882789620649731,Negative,1,cedar,1.4683,RTPDGSLLV,2.7645,RTPDGSLLV,True,0.13946167889900765
RVLSHDSIFI,HLA-A0201,0.4005,0,4,0.3854,0.288,0.3606,HLA-A*02:01,27198675,VLSHDSIFI,ALSHDSIFI,1,1,98.0,89.0,False,Conserved,0,RVLSHSIFI,0,VLSHDSIFI,0,1.3862943611198906,ALSHDSIFI,0.01587099999999997,RVLSHDSIFI,VLSHDSIFI,ALSHDSIFI,Negative,10,9,9,9,9,10,"1,3,8",0.984129,1,1.3862943611198906,substitution,0.0,0.9003745318352059,Negative,1,cedar,2.9792,RALSHDSIFI,3.379,RLSHDSIFI,True,0.1346383608733083
SEKLRHMLL,HLA-B4002,0.1449,1,4,0.0161,0.7505,0.2217,HLA-B*40:02,29853601,SEKLRHMLL,FEKLRHMLL,0,0,4361.0,4353.0,False,Conserved,-2,SEKLRHMLL,-2,SEKLRHMLL,0,0.6931471805599453,FEKLRHMLL,0.02717400000000003,SEKLRHMLL,SEKLRHMLL,FEKLRHMLL,Positive,9,9,9,9,9,9,"1,8",0.972826,0,0.6931471805599453,substitution,1.0,1.5300207039337475,Positive_all,1,cedar,0.1449,FEKLRHMLL,0.2217,FEKLRHMLL,True,0.2573011095996696
SELFRSGLDSY,HLA-B4402,0.2659,0,4,0.3059,0.4583,0.2274,HLA-B*44:02,32314731,SELFRSGLDSY,SELFRSRLDSY,0,0,133.0,123.0,True,Conserved,-2,SELSGLDSY,-8,SELSGLDSY,"3,4,5,6",2.302585092994046,SELFRSRSY,0.07359899999999997,SELFRSGLDSY,SELFRSGLDSY,SELFRSRLDSY,Negative,11,11,11,11,11,11,"1,8",0.926401,6,1.791759469228055,substitution,0.0,0.8552087250846182,Negative,1,cedar,0.2659,SELFRSRLDSY,0.2274,SELFRSRSY,True,0.12887282951492002
SHCPSAMGI,HLA-B3801,0.0966,0,4,0.0874,0.465,1.0674,HLA-B*38:01,29895573,SHCPSAMGI,SRCPSAMGI,0,0,107.0,99.0,True,Improved,0,SHCPSAMGI,0,SHCPSAMGI,1,0.6931471805599453,SRCPSAMGI,0.06203499999999995,SHCPSAMGI,SHCPSAMGI,SRCPSAMGI,Negative,9,9,9,9,9,9,"1,8",0.937965,1,0.6931471805599453,substitution,0.0,11.049689440993788,Negative,1,cedar,0.0966,SRCPSAMGI,1.0674,SRCPSAMGI,True,0.18574045394151714
SHETVIIEL,HLA-B3801,0.0055,1,4,0.0544,0.6119,0.0052,HLA-B*38:01,"16247014,16247014,16247014,16247014",SHETVIIEL,SHETVTIEL,0,0,19.0,11.0,False,Conserved,-1,SHETVIIEL,-1,SHETVIIEL,5,1.0986122886681098,SHETVTIEL,0.05825400000000003,SHETVIIEL,SHETVIIEL,SHETVTIEL,Positive,9,9,9,9,9,9,"1,8",0.941746,5,1.0986122886681098,substitution,0.75,0.9454545454545454,"Positive_all,Negative,Positive_all,Positive_all",4,cedar,0.0055,SHETVTIEL,0.0052,SHETVTIEL,True,0.26760201753786134
SITRKNSRTPL,HLA-B0702,1.6577,0,4,1.7069,0.3125,0.9638,HLA-B*07:02,27198675,ITRKNSRTPL,ITRKNPRTPL,1,1,778.0,768.0,False,Conserved,-1,SIKNSRTPL,-1,ITRNSRTPL,4,1.3862943611198906,ITRNPRTPL,0.07077299999999997,SITRKNSRTPL,ITRKNSRTPL,ITRKNPRTPL,Negative,11,10,10,10,10,11,"1,8",0.929227,6,1.3862943611198906,substitution,0.0,0.5814079749049889,Negative,1,cedar,2.4004,SITRKNPRTPL,1.3178,SIKNPRTPL,True,0.058037619474443795
SKIPRPVLW,HLA-A2402,1.7722,0,4,1.172,0.2445,2.111,HLA-A*24:02,27198675,SKIPRPVLW,SKIPRPVSW,0,0,1059.0,1051.0,False,Conserved,-2,SKIPRPVLW,-2,SKIPRPVLW,7,0.6931471805599453,SKIPRPVSW,0.05574199999999996,SKIPRPVLW,SKIPRPVLW,SKIPRPVSW,Negative,9,9,9,9,9,9,"1,8",0.944258,7,0.6931471805599453,substitution,0.0,1.1911748109694167,Negative,1,cedar,1.7722,SKIPRPVSW,2.111,SKIPRPVSW,True,0.13073693612091747
SLKETEESI,HLA-A0201,0.4581,0,4,0.6886,0.249,0.8401,HLA-A*02:01,27198675,SLKETEESI,SLEETEESI,0,0,364.0,356.0,False,Conserved,1,SLKETEESI,1,SLKETEESI,2,0.6931471805599453,SLEETEESI,0.03528600000000004,SLKETEESI,SLKETEESI,SLEETEESI,Negative,9,9,9,9,9,9,"1,3,8",0.964714,2,0.6931471805599453,substitution,0.0,1.8338790657061776,Negative,1,cedar,0.4581,SLEETEESI,0.8401,SLEETEESI,True,0.08509599881409301
SLKTLMSHY,HLA-B1501,0.0295,0,4,0.1775,0.6772,0.7807,HLA-B*15:01,27198675,SLKTLMSHY,PLKTLMSHY,0,0,378.0,370.0,False,Improved,-1,SLKTLMSHY,-1,SLKTLMSHY,0,1.3862943611198906,PLKTLMSHY,0.022935999999999956,SLKTLMSHY,SLKTLMSHY,PLKTLMSHY,Negative,9,9,9,9,9,9,"1,8",0.977064,0,1.3862943611198906,substitution,0.0,26.464406779661015,Negative,1,cedar,0.0295,PLKTLMSHY,0.7807,PLKTLMSHY,True,0.19429837660538765
SLLYPHSLSSK,HLA-A1101,0.3758,0,4,0.1058,0.6911,0.4108,HLA-A*11:01,27198675,LLYPHSLSSK,LLYPHGLSSK,1,1,476.0,466.0,False,Conserved,0,SLLYPLSSK,0,LLYPHSLSK,5,0.6931471805599453,LLYPHGLSK,0.06225899999999995,SLLYPHSLSSK,LLYPHSLSSK,LLYPHGLSSK,Negative,11,10,10,10,10,11,"0,1,8",0.937741,6,0.6931471805599453,substitution,0.0,1.0931346460883449,Negative,1,cedar,0.7642,SLLYPHGLSSK,0.8268,SLLYPLSSK,True,0.09537035082297235
SLMPQPLADGI,HLA-A0201,0.3563,0,4,1.5395,0.5229,0.4093,HLA-A*02:01,31511069,SLMPQPLADGI,SLMPQPLGDGI,0,0,228.0,218.0,False,Conserved,0,SLMPQPLGI,4,SLMPQPLGI,-1,,SLMPQPLGI,0.04322999999999999,SLMPQPLADGI,SLMPQPLADGI,SLMPQPLGDGI,Negative,11,11,11,11,11,11,"1,3,8",0.95677,7,1.3862943611198906,substitution,0.0,1.1487510524838618,Negative,1,cedar,0.3563,SLMPQPLGDGI,0.4093,SLMPQPLGI,True,0.10363977241439094
SLNICKENEV,HLA-A0201,4.1157,0,4,1.1804,0.6293,1.0344,HLA-A*02:01,31511069,SLNICKENEV,SLNISKENEV,0,0,1333.0,1324.0,True,Conserved,-1,SLICKENEV,-1,SLICKENEV,3,1.3862943611198906,SLISKENEV,0.08106000000000002,SLNICKENEV,SLNICKENEV,SLNISKENEV,Negative,10,10,10,10,10,10,"1,3,8",0.91894,4,1.3862943611198906,substitution,0.0,0.25133027188570595,Negative,1,cedar,4.1157,SLNISKENEV,1.0344,SLISKENEV,True,0.11313547794157569
SLNQEMSSLL,HLA-A0201,0.2863,0,4,0.3519,0.7549,0.1678,HLA-A*02:01,31511069,SLNQEMSSL,SLNQEMASL,0,0,249.0,240.0,False,Conserved,1,SLNEMSSLL,1,SLNQEMSSL,6,1.3862943611198906,SLNQEMASL,0.028828999999999994,SLNQEMSSLL,SLNQEMSSL,SLNQEMASL,Negative,10,9,9,9,9,10,"1,3,8",0.971171,6,1.3862943611198906,substitution,0.0,0.5860984980789382,Negative,1,cedar,1.3013,SLNQEMASLL,1.5574,SLNQEMASL,True,0.0760390742580183
SLQPVQALGAV,HLA-A0201,0.9852,0,4,1.5868,0.6555,0.9964,HLA-A*02:01,31511069,SLQPVQALGAV,SLQPVQARGAV,0,0,897.0,887.0,False,Conserved,-2,SLQPVQAAV,4,SLQPVQAAV,-1,,SLQPVQAAV,0.05456899999999998,SLQPVQALGAV,SLQPVQALGAV,SLQPVQARGAV,Negative,11,11,11,11,11,11,"1,3,8",0.945431,7,1.3862943611198906,substitution,0.0,1.0113682501015022,Negative,1,cedar,0.9852,SLQPVQARGAV,0.9964,SLQPVQAAV,True,0.08973666882772068
SLSSSGAPSL,HLA-A0201,0.9278,0,4,1.0885,0.644,10.8598,HLA-A*02:01,"27198675,27198675,27198675,27198675",SLSSSGAPSL,SLSSSGAPSP,0,0,1467.0,1458.0,True,Improved,-3,SLSSGAPSL,-3,SLSSGAPSL,8,1.3862943611198906,SLSSGAPSP,0.02020299999999997,SLSSSGAPSL,SLSSSGAPSL,SLSSSGAPSP,Negative,10,10,10,10,10,10,"1,3,8",0.979797,9,1.3862943611198906,substitution,0.0,11.70489329596896,"Negative,Negative,Negative,Negative",4,cedar,0.9278,SLSSSGAPSP,10.8598,SLSSGAPSP,True,0.05147643657153335
SLSSSGAPSL,HLA-B0702,2.172,0,4,1.0885,0.644,19.2206,HLA-B*07:02,27198675,LSSSGAPSL,SLSSSGAPS,1,0,1467.0,1458.0,True,Conserved,-3,SLSSGAPSL,-8,LSSSGAPSL,"0,1,4,5,6,7,8",2.995732273553991,SLSSSGAPS,0.05698099999999995,SLSSSGAPSL,LSSSGAPSL,SLSSSGAPS,Negative,10,9,9,9,9,10,"1,8",0.943019,9,1.3862943611198906,substitution,0.0,8.84926335174954,Negative,1,cedar,3.3172,SLSSSGAPSP,31.1333,SLSSSGPSP,True,0.04969095983226449
SLSSSGAPSLK,HLA-A1101,0.0677,0,4,0.2963,0.5912,0.065,HLA-A*11:01,27198675,SSSGAPSLK,SSSGAPSPK,2,2,1468.0,1458.0,False,Conserved,-3,SLSSSPSLK,-3,SSSGAPSLK,7,1.3862943611198906,SSSGAPSPK,0.05597399999999997,SLSSSGAPSLK,SSSGAPSLK,SSSGAPSPK,Negative,11,9,9,9,9,11,"0,1,8",0.944026,9,1.3862943611198906,substitution,0.0,0.9601181683899558,Negative,1,cedar,0.3558,SLSSSGAPSPK,0.4215,SSSGAPSPK,True,0.06431064184524589
SLTKKITLL,HLA-A0201,0.2082,0,4,0.8193,0.6761,0.0271,HLA-A*02:01,31511069,SLTKKITLL,SLMKKITLL,0,0,479.0,471.0,False,Conserved,-1,SLTKKITLL,-1,SLTKKITLL,2,0.0,SLMKKITLL,0.05216799999999999,SLTKKITLL,SLTKKITLL,SLMKKITLL,Negative,9,9,9,9,9,9,"1,3,8",0.947832,2,0.0,substitution,0.0,0.13016330451488953,Negative,1,cedar,0.2082,SLMKKITLL,0.0271,SLMKKITLL,True,0.20099405895971034
SLVGPLPSGSV,HLA-A0201,0.1569,0,4,0.6768,0.635,2.3601,HLA-A*02:01,31511069,SLVGPLPSGSV,SVGPLPSGSV,0,1,373.0,363.0,True,Improved,-2,SLVGPLPSV,-11,SLVGPLPSV,"1,2,3,4,5,6",3.091042453358316,SVGPLPSSV,0.03665099999999999,SLVGPLPSGSV,SLVGPLPSGSV,SVGPLPSGSV,Negative,11,11,10,11,10,11,"1,3,8",0.963349,1,0.6931471805599453,substitution,0.0,15.042065009560229,Negative,1,cedar,0.1569,SSVGPLPSGSV,4.2927,SSVGPLPSV,True,0.14120293953085494
SMYKDVTSV,HLA-A0201,0.0127,0,4,0.0096,0.9073,0.0378,HLA-A*02:01,31511069,SMYKDVTSV,SIYKDVTSV,0,0,204.0,196.0,True,Conserved,1,SMYKDVTSV,1,SMYKDVTSV,1,1.0986122886681098,SIYKDVTSV,0.02947500000000003,SMYKDVTSV,SMYKDVTSV,SIYKDVTSV,Negative,9,9,9,9,9,9,"1,3,8",0.970525,1,1.0986122886681098,substitution,0.0,2.9763779527559056,Negative,1,cedar,0.0127,SIYKDVTSV,0.0378,SIYKDVTSV,True,0.2323306327180085
SNISPWWNF,HLA-A2402,0.8056,0,4,0.5729,0.437,1.093,HLA-A*24:02,"34270940,34270940",SNISPWWNF,SNISAWWNF,0,0,33.0,25.0,False,Conserved,-1,SNISPWWNF,-1,SNISPWWNF,4,1.3862943611198906,SNISAWWNF,0.10137799999999997,SNISPWWNF,SNISPWWNF,SNISAWWNF,Negative,9,9,9,9,9,9,"1,8",0.898622,4,1.3862943611198906,substitution,0.0,1.3567527308838132,"Negative,Negative",2,cedar,0.8056,SNISAWWNF,1.093,SNISAWWNF,True,0.22778476543769532
SPFLSQRVAFL,HLA-B0702,0.0656,0,4,0.4928,0.5095,0.0773,HLA-B*07:02,27198675,SPFLSQRVAF,SPFLRQRVAF,0,0,32.0,22.0,False,Conserved,-1,SPFLSQRVL,-1,SPFSQRVAF,3,1.791759469228055,SPFRQRVAF,0.06290300000000004,SPFLSQRVAFL,SPFLSQRVAF,SPFLRQRVAF,Negative,11,10,10,10,10,11,"1,8",0.937097,4,1.791759469228055,substitution,0.0,1.1783536585365852,Negative,1,cedar,0.3046,SPFLRQRVAFL,0.26,SPRQRVAFL,True,0.13956992433566537
SPMEKAISL,HLA-B3501,0.0765,1,4,0.0464,0.6858,0.0434,HLA-B*35:01,31243155,SPMEKAISL,SPMEEAISL,0,0,1722.0,1714.0,False,Conserved,1,SPMEKAISL,1,SPMEKAISL,4,0.6931471805599453,SPMEEAISL,0.05079699999999998,SPMEKAISL,SPMEKAISL,SPMEEAISL,Positive,9,9,9,9,9,9,"1,8",0.949203,4,0.6931471805599453,substitution,1.0,0.5673202614379085,Positive_all,1,cedar,0.0765,SPMEEAISL,0.0434,SPMEEAISL,True,0.08875531815484093
SPSKTSLTL,HLA-B0702,0.0096,0,4,0.0367,0.5244,0.0117,HLA-B*07:02,30556813,SPSKTSLTL,SPSKTSLPL,0,0,267.0,259.0,False,Conserved,-1,SPSKTSLTL,-1,SPSKTSLTL,7,1.3862943611198906,SPSKTSLPL,0.04670200000000002,SPSKTSLTL,SPSKTSLTL,SPSKTSLPL,Negative,9,9,9,9,9,9,"1,8",0.953298,7,1.3862943611198906,substitution,0.0,1.2187500000000002,Negative,1,cedar,0.0096,SPSKTSLPL,0.0117,SPSKTSLPL,True,0.1501116086600372
SQGEPALLQPV,HLA-A0201,2.7619,0,4,0.7455,0.2437,4.0558,HLA-A*02:01,31511069,SQGEPALLQPV,SQGGPALLQPV,0,0,39.0,29.0,True,Conserved,-2,SQGEPALLV,-2,SQGEPLQPV,3,0.6931471805599453,SQGGPLQPV,0.062151999999999985,SQGEPALLQPV,SQGEPALLQPV,SQGGPALLQPV,Negative,11,11,11,11,11,11,"1,3,8",0.937848,3,0.6931471805599453,substitution,0.0,1.4684818422100727,Negative,1,cedar,2.7619,SQGGPALLQPV,4.0558,SQGGPLQPV,True,0.06386836114716292
SQGSRSSHI,HLA-B1501,3.16,0,4,0.8816,0.232,4.6147,HLA-B*15:01,27198675,SQGSRSSHI,SQGSRSSRI,0,0,629.0,621.0,False,Conserved,0,SQGSRSSHI,0,SQGSRSSHI,7,0.6931471805599453,SQGSRSSRI,0.045924999999999994,SQGSRSSHI,SQGSRSSHI,SQGSRSSRI,Negative,9,9,9,9,9,9,"1,8",0.954075,7,0.6931471805599453,substitution,0.0,1.4603481012658228,Negative,1,cedar,3.16,SQGSRSSRI,4.6147,SQGSRSSRI,True,0.05298883659060147
SSLSSSGAPSL,HLA-B0702,2.172,0,4,2.7693,0.2483,19.2206,HLA-B*07:02,27198675,LSSSGAPSL,SLSSSGAPS,2,1,1467.0,1457.0,True,Conserved,-3,SSLSGAPSL,-8,LSSSGAPSL,"0,1,4,5,6,7,8",2.995732273553991,SLSSSGAPS,0.05698099999999995,SSLSSSGAPSL,LSSSGAPSL,SLSSSGAPS,Negative,11,9,9,9,9,11,"1,8",0.943019,10,1.3862943611198906,substitution,0.0,8.84926335174954,Negative,1,cedar,7.9409,SSLSSSGAPSP,56.6667,SSLSSSPSP,True,0.052194456712216834
SVACINLSFCL,HLA-A0201,7.9138,0,4,2.3843,0.324,7.9138,HLA-A*02:01,27198675,ACINLSFCL,ACINLSFCL,2,2,529.0,519.0,False,Conserved,-1,SVACINLSL,4,ACINLSFCL,-1,,ACINLSFCL,0.0,SVACINLSFCL,ACINLSFCL,ACINLSFCL,Negative,11,9,9,9,9,11,"1,3,8",1.0,0,1.3862943611198906,substitution,0.0,1.0,Negative,1,cedar,10.6113,PVACINLSFCL,47.5,PVINLSFCL,True,0.1931242506856704
TAVSLGRLKL,HLA-B0702,0.5815,0,4,1.8841,0.3055,1.1326,HLA-B*07:02,27198675,AVSLGRLKL,AVSLGKLKL,1,1,268.0,259.0,False,Conserved,2,TAVSGRLKL,2,AVSLGRLKL,5,0.6931471805599453,AVSLGKLKL,0.035838000000000036,TAVSLGRLKL,AVSLGRLKL,AVSLGKLKL,Negative,10,9,9,9,9,10,"1,8",0.964162,6,0.6931471805599453,substitution,0.0,1.9477214101461737,Negative,1,cedar,3.0805,TAVSLGKLKL,5.5878,TASLGKLKL,True,0.11001412753946314
TLLLPHYASAK,HLA-A1101,2.201,0,4,0.7051,0.4968,1.3309,HLA-A*11:01,"34270940,34270940",TLLLPHYASAK,TLFLPHYASAK,0,0,836.0,826.0,True,Conserved,0,TLLLPASAK,-2,TLLLPASAK,"2,5",1.791759469228055,TLFLPHSAK,0.03258000000000005,TLLLPHYASAK,TLLLPHYASAK,TLFLPHYASAK,Negative,11,11,11,11,11,11,"0,1,8",0.96742,2,1.791759469228055,substitution,0.0,0.6046796910495229,"Negative,Negative",2,cedar,2.201,TLFLPHYASAK,1.3309,TLFLPHSAK,True,0.12501441820190273
TLMTDTQFVL,HLA-B0702,6.9921,0,4,0.2907,0.7226,17.8636,HLA-B*07:02,27198675,MTDTQFVL,TLMTDTQF,2,0,356.0,347.0,True,Conserved,-2,TLMDTQFVL,-9,MTD-TQFVL,"0,1,2,5,6,7,8",1.9459101490553132,TLM-TDTQF,0.194052,TLMTDTQFVL,MTDTQFVL,TLMTDTQF,Negative,10,8,8,8,8,10,"1,8",0.805948,9,0.6931471805599453,substitution,0.0,2.554826160953076,Negative,1,cedar,11.5044,TLMTDTQFVS,48.0,TLMTDTQVS,True,0.1834250682018974
TLMTDTQFVL,HLA-A2402,2.9959,0,4,0.2907,0.7226,6.597,HLA-A*24:02,27198675,LMTDTQFVL,TLMTDTQF,1,0,356.0,347.0,True,Conserved,-2,TLMDTQFVL,-11,LMTDTQFVL,"0,1,2,3,4,5,6,7,8",1.791759469228055,TLMTDT-QF,0.13792800000000005,TLMTDTQFVL,LMTDTQFVL,TLMTDTQF,Negative,10,9,8,9,8,10,"1,8",0.862072,9,0.6931471805599453,substitution,0.0,2.202009412864248,Negative,1,cedar,8.2803,TLMTDTQFVS,60.0,TMTDTQFVS,True,0.1934604367997438
TLMTDTQFVL,HLA-A0201,0.0738,0,4,0.2907,0.7226,0.0738,HLA-A*02:01,27198675,TLMTDTQFV,TLMTDTQFV,0,0,356.0,347.0,False,Conserved,-2,TLMDTQFVL,4,TLMTDTQFV,-1,,TLMTDTQFV,0.0,TLMTDTQFVL,TLMTDTQFV,TLMTDTQFV,Negative,10,9,9,9,9,10,"1,3,8",1.0,9,0.6931471805599453,substitution,0.0,1.0,Negative,1,cedar,0.5557,TLMTDTQFVS,4.1287,TLMTDTQFV,True,0.20767380819213063
TLPQSVSKQSV,HLA-C1203,5.3651,0,4,1.5615,0.1968,6.2822,HLA-C*12:03,24323902,QSVSKQSV,QSVSKQAV,3,3,594.0,584.0,False,Conserved,1,TLPQSVQSV,1,QSVSK-QSV,7,1.3862943611198906,QSVSK-QAV,0.025023000000000017,TLPQSVSKQSV,QSVSKQSV,QSVSKQAV,Negative,11,8,8,8,8,11,"1,8",0.974977,9,1.3862943611198906,substitution,0.0,1.170938099942219,Negative,1,cedar,23.2381,TLPQSVSKQAV,26.6923,TLPQSVQAV,True,0.0965036434299176
TLSQQLPREPV,HLA-A0201,1.8722,0,4,2.5435,0.4419,8.435,HLA-A*02:01,31511069,TLSQQLPREPV,TLSQQLPREPM,0,0,46.0,36.0,True,Improved,1,TLSQQLPRV,1,TLSQQLPRV,8,0.0,TLSQQLPRM,0.009572000000000025,TLSQQLPREPV,TLSQQLPREPV,TLSQQLPREPM,Negative,11,11,11,11,11,11,"1,3,8",0.990428,10,0.0,substitution,0.0,4.505394722786027,Negative,1,cedar,1.8722,TLSQQLPREPM,8.435,TLSQQLPRM,True,0.06233684725122737
TLWCSPIKV,HLA-A0201,0.0816,1,4,0.0857,0.8101,12.4753,HLA-A*02:01,"27827318,27312342,27312342,26389673,26389673,26389673,26389673",TLWCSPIKV,TPWCSPIKV,0,0,62.0,54.0,True,Improved,-3,TLWCSPIKV,-3,TLWCSPIKV,1,1.3862943611198906,TPWCSPIKV,0.08549300000000004,TLWCSPIKV,TLWCSPIKV,TPWCSPIKV,Positive,9,9,9,9,9,9,"1,3,8",0.914507,1,1.3862943611198906,substitution,1.0,152.88357843137254,"Positive_all,Positive_all,Positive_all,Positive_all,Positive_all,Positive_all,Positive_all",7,cedar,0.0816,TPWCSPIKV,12.4753,TPWCSPIKV,True,0.23834562155847777
TLYLPHYASAK,HLA-A1101,1.3473,0,4,0.1334,0.6719,1.3309,HLA-A*11:01,"34270940,34270940",TLYLPHYASAK,TLFLPHYASAK,0,0,836.0,826.0,True,Conserved,3,TLYLPASAK,1,TLYLPASAK,"2,5",0.6931471805599453,TLFLPHSAK,0.025436000000000014,TLYLPHYASAK,TLYLPHYASAK,TLFLPHYASAK,Negative,11,11,11,11,11,11,"0,1,8",0.974564,2,0.6931471805599453,substitution,0.0,0.9878275068655831,"Negative,Negative",2,cedar,1.3473,TLFLPHYASAK,1.3309,TLFLPHSAK,True,0.1240605884051794
TPITMTLPF,HLA-B0702,0.2727,0,4,0.0091,0.8849,0.5186,HLA-B*07:02,"34244308,34244308",TPITMTLPF,TPITMTFPF,0,0,200.0,192.0,False,Conserved,0,TPITMTLPF,0,TPITMTLPF,6,1.791759469228055,TPITMTFPF,0.049510000000000054,TPITMTLPF,TPITMTLPF,TPITMTFPF,Negative,9,9,9,9,9,9,"1,8",0.95049,6,1.791759469228055,substitution,0.0,1.9017235056839015,"Negative,Negative",2,cedar,0.2727,TPITMTFPF,0.5186,TPITMTFPF,True,0.34493163511549496
TPLTKDVTL,HLA-B0801,0.0474,0,4,0.1027,0.426,0.0321,HLA-B*08:01,30556813,TPLTKDVTL,TPLTKDVSL,0,0,769.0,761.0,False,Conserved,1,TPLTKDVTL,1,TPLTKDVTL,7,1.791759469228055,TPLTKDVSL,0.02232400000000001,TPLTKDVTL,TPLTKDVTL,TPLTKDVSL,Negative,9,9,9,9,9,9,"1,4,8",0.977676,7,1.791759469228055,substitution,0.0,0.6772151898734177,Negative,1,cedar,0.0474,TPLTKDVSL,0.0321,TPLTKDVSL,True,0.283582433461418
TPNTLPNYQSF,HLA-B0702,0.6039,0,4,1.2748,0.3422,4.7403,HLA-B*07:02,27198675,TPNTLPNYQSF,TPNTLPNY,0,0,436.0,426.0,True,Improved,-2,TPNPNYQSF,-4,TPNPNYQSF,"3,4,5,6,7,8",1.6094379124341003,TPN-TLPNY,0.10662700000000003,TPNTLPNYQSF,TPNTLPNYQSF,TPNTLPNY,Negative,11,11,8,11,8,11,"1,8",0.893373,10,0.6931471805599453,substitution,0.0,7.849478390461997,Negative,1,cedar,0.6039,TPNTLPNYQSS,6.9739,TPNPNYQSS,True,0.09524585394842035
TRKNSRTPL,HLA-B0702,3.6792,0,4,0.2916,0.3686,2.2007,HLA-B*07:02,27198675,TRKNSRTPL,TRKNPRTPL,0,0,778.0,770.0,False,Conserved,-1,TRKNSRTPL,-1,TRKNSRTPL,4,1.3862943611198906,TRKNPRTPL,0.08177000000000001,TRKNSRTPL,TRKNSRTPL,TRKNPRTPL,Negative,9,9,9,9,9,9,"1,8",0.91823,4,1.3862943611198906,substitution,0.0,0.5981463361600348,Negative,1,cedar,3.6792,TRKNPRTPL,2.2007,TRKNPRTPL,True,0.06944834564523956
TYGESFHII,HLA-A2402,0.0221,0,4,0.0147,0.7687,0.045,HLA-A*24:02,30880120,TYGESFHII,TYGESFQVI,0,0,1853.0,1845.0,False,Conserved,3,TYGESFHII,3,TYGESFHII,"6,7",1.9459101490553132,TYGESFQVI,0.080546,TYGESFHII,TYGESFHII,TYGESFQVI,Negative,9,9,9,9,9,9,"1,8",0.919454,"6,7",1.9459101490553132,substitution,0.0,2.0361990950226243,Negative,1,cedar,0.0221,TYGESFQVI,0.045,TYGESFQVI,True,0.31061910493095857
VFLRTLEKGDW,HLA-A2402,1.516,0,4,2.3123,0.2398,3.4354,HLA-A*24:02,27198675,VFLRTLEKGDW,VFLRTLGKGDW,0,0,289.0,279.0,False,Conserved,-2,VFLRTLEKW,-2,VFLRTLEKW,6,0.6931471805599453,VFLRTLGKW,0.07200399999999996,VFLRTLEKGDW,VFLRTLEKGDW,VFLRTLGKGDW,Negative,11,11,11,11,11,11,"1,8",0.927996,6,0.6931471805599453,substitution,0.0,2.2660949868073876,Negative,1,cedar,1.516,VFLRTLGKGDW,3.4354,VFLRTLGKW,True,0.14122395493174814
VIKKVAKSPK,HLA-A0301,0.9403,0,4,0.4725,0.5482,0.8914,HLA-A*03:01,31511069,VIKKVAKSPK,VTKKVAKSPK,0,0,175.0,166.0,True,Conserved,-1,VIKKVASPK,-1,VIKKVASPK,1,1.0986122886681098,VTKKVASPK,0.022885000000000044,VIKKVAKSPK,VIKKVAKSPK,VTKKVAKSPK,Negative,10,10,10,10,10,10,"0,1,8",0.977115,1,1.0986122886681098,substitution,0.0,0.9479953206423481,Negative,1,cedar,0.9403,VTKKVAKSPK,0.8914,VTKKVASPK,True,0.11444535510285347
VIMLNGTKK,HLA-A0301,0.4022,0,4,0.3531,0.6236,5.0604,HLA-A*03:01,30556813,VIMLNGTKK,VIMLNGTK,0,0,158.0,150.0,True,Improved,1,VIMLNGTKK,-12,VIMLNGTKK,"3,4,5,6,7",,VIM-LNGTK,0.04568700000000003,VIMLNGTKK,VIMLNGTKK,VIMLNGTK,Negative,9,9,8,9,8,9,"0,1,8",0.954313,8,0.6931471805599453,substitution,0.0,12.581800099453007,Negative,1,cedar,0.4022,VIMLNGTKE,21.8205,VIMLNGTKE,True,0.17056076139649073
VLDDSETTI,HLA-A0201,0.0767,1,4,0.0281,0.6723,0.1698,HLA-A*02:01,"34696226,34696226,34696226,34696226",VLDDSETTI,VLADSETTI,0,0,9838.0,9830.0,False,Conserved,-2,VLDDSETTI,-2,VLDDSETTI,2,0.6931471805599453,VLADSETTI,0.05940400000000001,VLDDSETTI,VLDDSETTI,VLADSETTI,Positive,9,9,9,9,9,9,"1,3,8",0.940596,2,0.6931471805599453,substitution,1.0,2.213820078226858,"Positive_all,Positive_all,Positive_all,Positive_all",4,cedar,0.0767,VLADSETTI,0.1698,VLADSETTI,True,0.20617943803767408
VLDKAGSFK,HLA-A0301,0.2455,0,4,0.1746,0.6372,0.1983,HLA-A*03:01,33479501,VLDKAGSFK,VLDKAGSYK,0,0,259.0,251.0,False,Conserved,3,VLDKAGSFK,3,VLDKAGSFK,7,0.6931471805599453,VLDKAGSYK,0.02834800000000004,VLDKAGSFK,VLDKAGSFK,VLDKAGSYK,Negative,9,9,9,9,9,9,"0,1,8",0.971652,7,0.6931471805599453,substitution,0.0,0.8077393075356416,Negative,1,cedar,0.2455,VLDKAGSYK,0.1983,VLDKAGSYK,True,0.12869472283063618
VLLFVAVWL,HLA-A0201,2.2134,0,4,1.0888,0.7114,0.5207,HLA-A*02:01,27198675,VLLFVAVWL,VLLFVAVRL,0,0,713.0,705.0,False,Conserved,-3,VLLFVAVWL,-3,VLLFVAVWL,7,0.6931471805599453,VLLFVAVRL,0.067415,VLLFVAVWL,VLLFVAVWL,VLLFVAVRL,Negative,9,9,9,9,9,9,"1,3,8",0.932585,7,0.6931471805599453,substitution,0.0,0.23524893828499144,Negative,1,cedar,2.2134,VLLFVAVRL,0.5207,VLLFVAVRL,True,0.469282849817265
VLQAGMLRI,HLA-A0201,0.5576,0,4,0.6475,0.2533,0.5763,HLA-A*02:01,27198675,VLQAGMLRI,VLQADMLRI,0,0,50.0,42.0,False,Conserved,-1,VLQAGMLRI,-1,VLQAGMLRI,4,0.6931471805599453,VLQADMLRI,0.08759099999999997,VLQAGMLRI,VLQAGMLRI,VLQADMLRI,Negative,9,9,9,9,9,9,"1,3,8",0.912409,4,0.6931471805599453,substitution,0.0,1.0335365853658538,Negative,1,cedar,0.5576,VLQADMLRI,0.5763,VLQADMLRI,True,0.16773574343759207
VMLENFRNLLL,HLA-A0201,0.3705,0,4,1.0636,0.5771,0.3705,HLA-A*02:01,31511069,VMLENFRNL,VMLENFRNL,0,0,46.0,36.0,False,Conserved,-2,VMLENNLLL,4,VMLENFRNL,-1,,VMLENFRNL,0.0,VMLENFRNLLL,VMLENFRNL,VMLENFRNL,Negative,11,9,9,9,9,11,"1,3,8",1.0,10,0.6931471805599453,substitution,0.0,1.0,Negative,1,cedar,0.9767,VMLENFRNLLS,11.5607,VMLENNLLS,True,0.1852866836416384
VSKPGLDYEL,HLA-A6802,9.4815,0,4,1.9024,0.3044,9.7045,HLA-A*68:02,30556813,VSKPGLDYEL,VSKPGMDYEL,0,0,417.0,408.0,False,Conserved,2,VSKPGLYEL,2,VSKPGLYEL,5,0.6931471805599453,VSKPGMYEL,0.03625900000000004,VSKPGLDYEL,VSKPGLDYEL,VSKPGMDYEL,Negative,10,10,10,10,10,10,"0,1,8",0.963741,5,0.6931471805599453,substitution,0.0,1.0235194853135052,Negative,1,cedar,9.4815,VSKPGMDYEL,9.7045,VSKPGMYEL,True,0.1005524869695039
VVHKRIHLGEK,HLA-A0301,1.459,0,4,1.9354,0.4368,1.7378,HLA-A*03:01,31511069,VVHKRIHLGEK,VVHKRIHAGEK,0,0,307.0,297.0,False,Conserved,-1,VVHKRIHLK,-1,VVHKRIHLK,7,-1.0,VVHKRIHAK,0.04817899999999997,VVHKRIHLGEK,VVHKRIHLGEK,VVHKRIHAGEK,Negative,11,11,11,11,11,11,"0,1,8",0.951821,7,-1.0,substitution,0.0,1.1910897875257025,Negative,1,cedar,1.459,VVHKRIHAGEK,1.7378,VVHKRIHAK,True,0.16907876612826742
VVLSVPAKV,HLA-A0201,0.2411,0,4,1.1969,0.5628,0.1513,HLA-A*02:01,31511069,VVLSVPAKV,VVLSVPAEV,0,0,10.0,2.0,False,Conserved,1,VVLSVPAKV,1,VVLSVPAKV,7,0.6931471805599453,VVLSVPAEV,0.029317999999999955,VVLSVPAKV,VVLSVPAKV,VVLSVPAEV,Negative,9,9,9,9,9,9,"1,3,8",0.970682,7,0.6931471805599453,substitution,0.0,0.6275404396515968,Negative,1,cedar,0.2411,VVLSVPAEV,0.1513,VVLSVPAEV,True,0.14321035339372695
VVVPCEPPEV,HLA-A0201,0.751,1,4,1.9343,0.4986,0.3995,HLA-A*02:01,"33123756,33123756,33123756,33123756",VVPCEPPEV,VVPYEPPEV,1,1,225.0,216.0,True,Conserved,-2,VVVPEPPEV,-2,VVPCEPPEV,3,0.6931471805599453,VVPYEPPEV,0.13074300000000005,VVVPCEPPEV,VVPCEPPEV,VVPYEPPEV,Positive,10,9,9,9,9,10,"1,3,8",0.869257,4,0.6931471805599453,substitution,0.5,0.5319573901464714,"Positive_all,Negative,Negative,Positive_all",4,cedar,1.1709,VVVPYEPPEV,1.0346,VVVPEPPEV,True,0.22270352467608287
VYALIAGATL,HLA-A2402,0.3296,1,4,0.1793,0.5894,15.5362,HLA-A*24:02,"32660279,32660279",VYALIAGATL,CALIAGATL,0,1,267.0,258.0,True,Improved,-2,VYALIGATL,-3,VYALIGATL,"0,1,2,3,4",1.3862943611198906,CALIAGATL,0.058625999999999956,VYALIAGATL,VYALIAGATL,CALIAGATL,Positive,10,10,9,10,9,10,"1,8",0.941374,1,0.6931471805599453,substitution,0.5,47.13652912621359,"Positive_all,Negative",2,cedar,0.3296,VCALIAGATL,22.9474,VALIAGATL,True,0.22453890202949175
VYALIAGATL,HLA-A0201,2.9407,0,4,0.1793,0.5894,2.9407,HLA-A*02:01,32660279,ALIAGATL,ALIAGATL,2,2,267.0,258.0,False,Conserved,-2,VYALIGATL,4,ALIAG-ATL,-1,,ALIAG-ATL,0.0,VYALIAGATL,ALIAGATL,ALIAGATL,Negative,10,8,8,8,8,10,"1,3,8",1.0,1,0.6931471805599453,substitution,0.0,1.0,Negative,1,cedar,26.2895,VCALIAGATL,19.5146,VCALIGATL,True,0.15083869381465764
VYQYTFPDF,HLA-A2402,0.0215,1,4,0.0095,0.7937,0.037,HLA-A*24:02,"28423700,28423700",VYQYTFPDF,VYQYTSPDF,0,0,241.0,233.0,False,Conserved,-2,VYQYTFPDF,-2,VYQYTFPDF,5,0.6931471805599453,VYQYTSPDF,0.096854,VYQYTFPDF,VYQYTFPDF,VYQYTSPDF,Positive,9,9,9,9,9,9,"1,8",0.903146,5,0.6931471805599453,substitution,1.0,1.7209302325581395,"Positive_all,Positive_all",2,cedar,0.0215,VYQYTSPDF,0.037,VYQYTSPDF,True,0.3872319238722788
VYQYTFPDFL,HLA-A2402,0.0215,1,4,0.1384,0.6162,0.037,HLA-A*24:02,28423700,VYQYTFPDF,VYQYTSPDF,0,0,242.0,233.0,False,Conserved,-2,VYYTFPDFL,-2,VYQYTFPDF,5,0.6931471805599453,VYQYTSPDF,0.096854,VYQYTFPDFL,VYQYTFPDF,VYQYTSPDF,Positive,10,9,9,9,9,10,"1,8",0.903146,5,0.6931471805599453,substitution,1.0,1.7209302325581395,Positive_all,1,cedar,0.4497,VYQYTSPDFL,0.414,VYYTSPDFL,True,0.25249080154412207
WLNGFSVAML,HLA-A0201,0.8441,0,4,0.0863,0.8325,0.9061,HLA-A*02:01,31511069,WLNGFSVAM,WLSGFSVAM,0,0,337.0,328.0,False,Conserved,1,WLNGFSVAL,1,WLNGFSVAM,2,0.6931471805599453,WLSGFSVAM,0.049541999999999975,WLNGFSVAML,WLNGFSVAM,WLSGFSVAM,Negative,10,9,9,9,9,10,"1,3,8",0.950458,2,0.6931471805599453,substitution,0.0,1.073451012913162,Negative,1,cedar,2.289,WLSGFSVAML,2.3626,WLSGFSVAL,True,0.21473934677108458
WLRGFSVAML,HLA-A0201,3.0779,0,4,0.8236,0.6715,0.9061,HLA-A*02:01,31511069,WLRGFSVAM,WLSGFSVAM,0,0,337.0,328.0,False,Conserved,-1,WLRGSVAML,-1,WLRGFSVAM,2,1.791759469228055,WLSGFSVAM,0.062124999999999986,WLRGFSVAML,WLRGFSVAM,WLSGFSVAM,Negative,10,9,9,9,9,10,"1,3,8",0.937875,2,1.791759469228055,substitution,0.0,0.2943890314825043,Negative,1,cedar,6.4947,WLSGFSVAML,2.3626,WLSGFSVAL,True,0.16859907640113228
WLSVLECVEL,HLA-A0201,4.1392,0,4,0.3315,0.7592,3.9638,HLA-A*02:01,31511069,WLSVLECVEL,SVLECVEV,0,2,94.0,85.0,True,Conserved,1,WLSVLEVEL,-14,WLSVLEVEL,"0,1,2,3,4,5,6,8",2.772588722239781,SVLECV-EV,0.08787,WLSVLECVEL,WLSVLECVEL,SVLECVEV,Negative,10,10,8,10,8,10,"1,3,8",0.91213,9,1.791759469228055,substitution,0.0,0.9576246617703905,Negative,1,cedar,4.1392,WLSVLECVEV,4.3976,WLSVLEVEV,True,0.19295760144661953
WLVDLLPST,HLA-A0201,0.5948,0,4,0.2225,0.7399,0.1674,HLA-A*02:01,33479501,WLVDLLPST,RLVDLLPST,0,0,1015.0,1007.0,False,Conserved,-3,WLVDLLPST,-3,WLVDLLPST,0,0.6931471805599453,RLVDLLPST,0.039475999999999956,WLVDLLPST,WLVDLLPST,RLVDLLPST,Negative,9,9,9,9,9,9,"1,3,8",0.960524,0,0.6931471805599453,substitution,0.0,0.28143913920645597,Negative,1,cedar,0.5948,RLVDLLPST,0.1674,RLVDLLPST,True,0.18909187537653158
WLWEPLRVV,HLA-A0201,0.0986,1,4,0.0548,0.913,0.036,HLA-A*02:01,30418433,WLWEPLRVV,RLWEPLRVV,0,0,293.0,285.0,False,Conserved,-3,WLWEPLRVV,-3,WLWEPLRVV,0,0.6931471805599453,RLWEPLRVV,0.05051899999999998,WLWEPLRVV,WLWEPLRVV,RLWEPLRVV,Positive,9,9,9,9,9,9,"1,3,8",0.949481,0,0.6931471805599453,substitution,1.0,0.36511156186612576,Positive_all,1,cedar,0.0986,RLWEPLRVV,0.036,RLWEPLRVV,True,0.38858497935078157
WRFQQLDTAI,HLA-B3901,0.6872,0,4,0.1156,0.6528,0.5374,HLA-B*39:01,24323902,WRFQQLDTA,WRFEQLDTA,0,0,692.0,683.0,False,Conserved,2,WRFQQLTAI,2,WRFQQLDTA,3,0.6931471805599453,WRFEQLDTA,0.04605400000000004,WRFQQLDTAI,WRFQQLDTA,WRFEQLDTA,Negative,10,9,9,9,9,10,"1,8",0.953946,3,0.6931471805599453,substitution,0.0,0.7820139697322468,Negative,1,cedar,1.8083,WRFEQLDTAI,1.222,WRFEQDTAI,True,0.07586851033291826
WRNILLLSL,HLA-B2705,0.1341,1,4,0.0264,0.7382,0.5241,HLA-B*27:05,33479501,WRNILLLSL,WRNILLLPL,0,0,173.0,165.0,False,Improved,-1,WRNILLLSL,-1,WRNILLLSL,7,1.3862943611198906,WRNILLLPL,0.042861999999999956,WRNILLLSL,WRNILLLSL,WRNILLLPL,Negative,9,9,9,9,9,9,"1,8",0.957138,7,1.3862943611198906,substitution,0.0,3.9082774049217,Negative,1,cedar,0.1341,WRNILLLPL,0.5241,WRNILLLPL,True,0.4392004494555523
WRNILLLSLH,HLA-B2705,0.1341,1,4,0.2887,0.5879,0.5241,HLA-B*27:05,33479501,WRNILLLSL,WRNILLLPL,0,0,174.0,165.0,False,Improved,-1,WRNILLLSH,-1,WRNILLLSL,7,1.3862943611198906,WRNILLLPL,0.042861999999999956,WRNILLLSLH,WRNILLLSL,WRNILLLPL,Positive,10,9,9,9,9,10,"1,8",0.957138,7,1.3862943611198906,substitution,1.0,3.9082774049217,Positive_all,1,cedar,2.1135,WRNILLLPLH,2.1675,WRILLLPLH,True,0.2745501113565448
WVYSSHRHL,HLA-B1501,2.7976,0,4,0.093,0.7172,12.3588,HLA-B*15:01,27198675,WVYSSHRHL,WVYSSHRH,0,0,1021.0,1013.0,True,Conserved,-3,WVYSSHRHL,-10,WVYSSHRHL,"3,5,6,7,8",1.0986122886681098,WVY-SSHRH,0.04986500000000005,WVYSSHRHL,WVYSSHRHL,WVYSSHRH,Negative,9,9,8,9,8,9,"1,8",0.950135,8,1.3862943611198906,substitution,0.0,4.417643694595368,Negative,1,cedar,2.7976,WVYSSHRHP,15.7747,WVYSSHRHP,True,0.14273524158919326
WYTHNLIFVF,HLA-C1403,0.5629,0,4,0.0512,0.7123,0.6155,HLA-C*14:03,24323902,WYTHNLIF,WYTHNLFF,0,0,34.0,25.0,False,Conserved,0,WYTHNIFVF,0,WYT-HNLIF,7,0.6931471805599453,WYT-HNLFF,0.05656399999999995,WYTHNLIFVF,WYTHNLIF,WYTHNLFF,Negative,10,8,8,8,8,10,"1,8",0.943436,6,0.6931471805599453,substitution,0.0,1.093444661573992,Negative,1,cedar,2.8869,WYTHNLFFVF,3.3151,WYTHNFFVF,True,0.30313529713946613
YIPTVLDQV,HLA-A0201,0.2682,0,4,0.0422,0.7333,0.4517,HLA-A*02:01,31511069,YIPTVLDQV,YIPTELDQV,0,0,147.0,139.0,False,Conserved,-2,YIPTVLDQV,-2,YIPTVLDQV,4,0.6931471805599453,YIPTELDQV,0.08908400000000005,YIPTVLDQV,YIPTVLDQV,YIPTELDQV,Negative,9,9,9,9,9,9,"1,3,8",0.910916,4,0.6931471805599453,substitution,0.0,1.6841909023117076,Negative,1,cedar,0.2682,YIPTELDQV,0.4517,YIPTELDQV,True,0.22305370948185102
YKLVVVGAV,HLA-A0201,7.6549,1,4,0.3141,0.3925,46.6,HLA-A*02:01,"32934692,32934692,10779805",KLVVVGAV,KLVVVGAG,1,1,12.0,4.0,True,Conserved,-3,YKLVVVGAV,-15,KLV-VVGAV,"3,5,6,7,8",1.791759469228055,KLVVVGAG-,0.03543700000000005,YKLVVVGAV,KLVVVGAV,KLVVVGAG,Positive,9,8,8,8,8,9,"1,3,8",0.964563,8,1.3862943611198906,substitution,1.0,6.087604018341194,"Positive_all,Positive_all,Positive_all",3,cedar,27.7097,YKLVVVGAG,95.0,YKLVVVGAG,True,0.24659010797654407
YLAINEILGQL,HLA-A0201,0.5683,0,4,0.1946,0.7929,0.5841,HLA-A*02:01,33257508,AINEILGQL,YLAINEISGQL,2,0,760.0,750.0,True,Conserved,-2,YLAEILGQL,-4,AINEILGQL,"0,1,2,5",1.791759469228055,YLAEISGQL,0.10866299999999995,YLAINEILGQL,AINEILGQL,YLAINEISGQL,Negative,11,9,11,9,11,11,"1,3,8",0.891337,7,0.6931471805599453,substitution,0.0,1.027802217138835,Negative,1,cedar,0.6164,YLAINEISGQL,0.5841,YLAEISGQL,True,0.14089817874613803
YLDYQIQATV,HLA-A0201,0.2264,0,4,0.1181,0.8895,11.3262,HLA-A*02:01,27198675,YLDYQIQATV,YPDYQIQATV,0,0,177.0,168.0,True,Improved,-3,YLDYQIQTV,-3,YLDYQIQTV,1,1.3862943611198906,YPDYQIQTV,0.051319000000000004,YLDYQIQATV,YLDYQIQATV,YPDYQIQATV,Negative,10,10,10,10,10,10,"1,3,8",0.948681,1,1.3862943611198906,substitution,0.0,50.027385159010606,Negative,1,cedar,0.2264,YPDYQIQATV,11.3262,YPDYQIQTV,True,0.23021433035531885
YLDYQIQATVM,HLA-A0201,0.2264,0,4,0.3002,0.3711,11.3262,HLA-A*02:01,27198675,YLDYQIQATV,YPDYQIQATV,0,0,178.0,168.0,True,Improved,-3,YLDYQATVM,-3,YLDYQIQTV,1,1.3862943611198906,YPDYQIQTV,0.051319000000000004,YLDYQIQATVM,YLDYQIQATV,YPDYQIQATV,Negative,11,10,10,10,10,11,"1,3,8",0.948681,1,1.3862943611198906,substitution,0.0,50.027385159010606,Negative,1,cedar,2.6198,YPDYQIQATVM,24.75,YPDYQIQAM,True,0.1870220486847628
YLIIDSNSTI,HLA-A0201,0.6491,0,4,0.2718,0.7725,1.6328,HLA-A*02:01,31511069,YLIIDSNSTI,LIIDSNSTI,0,1,701.0,692.0,True,Conserved,-2,YLIDSNSTI,1,YLIDSNSTI,"0,1",1.3862943611198906,LIIDSNSTI,0.03158799999999995,YLIIDSNSTI,YLIIDSNSTI,LIIDSNSTI,Negative,10,10,9,10,9,10,"1,3,8",0.968412,0,0.6931471805599453,substitution,0.0,2.5154829764289017,Negative,1,cedar,0.6491,CLIIDSNSTI,5.0779,CLIDSNSTI,True,0.17549972698847424
YLMILSANW,HLA-B1501,3.3822,0,4,0.6759,0.4498,3.1358,HLA-B*15:01,27198675,YLMILSANW,YLMVLSANW,0,0,239.0,231.0,False,Conserved,3,YLMILSANW,3,YLMILSANW,3,1.0986122886681098,YLMVLSANW,0.016139000000000014,YLMILSANW,YLMILSANW,YLMVLSANW,Negative,9,9,9,9,9,9,"1,8",0.983861,3,1.0986122886681098,substitution,0.0,0.9271480101708947,Negative,1,cedar,3.3822,YLMVLSANW,3.1358,YLMVLSANW,True,0.18599437064712848
YLMILSANWAY,HLA-A0201,5.0182,0,4,0.1608,0.6834,4.9027,HLA-A*02:01,27198675,YLMILSANWA,YLMVLSANWA,0,0,241.0,231.0,True,Conserved,3,YLMSANWAY,3,YLMILSANA,3,1.0986122886681098,YLMVLSANA,0.013719999999999954,YLMILSANWAY,YLMILSANWA,YLMVLSANWA,Negative,11,10,10,10,10,11,"1,3,8",0.98628,3,1.0986122886681098,substitution,0.0,0.9769837790442788,Negative,1,cedar,16.195,YLMVLSANWAY,16.13,YLMSANWAY,True,0.20844501011764682
YLMILSANWAY,HLA-B1501,0.6942,0,4,0.1608,0.6834,0.83,HLA-B*15:01,27198675,LMILSANWAY,MVLSANWAY,1,2,241.0,231.0,True,Conserved,3,YLMSANWAY,-2,LMILSANAY,"0,1,2,3,4,5,6",2.5649493574615367,MVLSANWAY,0.039686,YLMILSANWAY,LMILSANWAY,MVLSANWAY,Negative,11,10,9,10,9,11,"1,8",0.960314,3,1.0986122886681098,substitution,0.0,1.1956208585422068,Negative,1,cedar,2.0696,YLMVLSANWAY,2.0227,YLMSANWAY,True,0.18627416158653587
YLQAHQRVHTV,HLA-A0201,0.4345,0,4,0.3419,0.8304,3.2444,HLA-A*02:01,31511069,YLQAHQRVHTV,YLQAHQRV,0,0,594.0,584.0,True,Improved,-3,YLQAHVHTV,-13,YLQAHVHTV,"2,3,4,5,6,7",1.0986122886681098,YL-QAHQRV,0.09632600000000002,YLQAHQRVHTV,YLQAHQRVHTV,YLQAHQRV,Negative,11,11,8,11,8,11,"1,3,8",0.903674,10,1.3862943611198906,substitution,0.0,7.4669735327963185,Negative,1,cedar,0.4345,YLQAHQRVHTG,20.5402,YLQAHVHTG,True,0.15420395533580888
YLVYQMLKV,HLA-A0201,0.1154,1,4,0.0541,0.8557,17.1484,HLA-A*02:01,34104546,YLVYQMLKV,YLVYQMLKG,0,0,137.0,129.0,True,Improved,-3,YLVYQMLKV,-3,YLVYQMLKV,8,1.3862943611198906,YLVYQMLKG,0.02729400000000004,YLVYQMLKV,YLVYQMLKV,YLVYQMLKG,Positive,9,9,9,9,9,9,"1,3,8",0.972706,8,1.3862943611198906,substitution,1.0,148.59965337954938,Positive_all,1,cedar,0.1154,YLVYQMLKG,17.1484,YLVYQMLKG,True,0.48097276346617207
YQGRTKLVKDF,HLA-B1501,2.2967,0,4,2.2546,0.385,7.3484,HLA-B*15:01,27198675,YQGRTKLVKDF,YQGRTKLVK,0,0,91.0,81.0,True,Conserved,-2,YQGRTKLVF,-3,YQGRTKLVF,8,-1.0,YQGRTKLVK,0.05668700000000004,YQGRTKLVKDF,YQGRTKLVKDF,YQGRTKLVK,Negative,11,11,9,11,9,11,"1,8",0.943313,10,0.6931471805599453,substitution,0.0,3.199547176383507,Negative,1,cedar,2.2967,YQGRTKLVKDS,64.375,YQGRTKLVS,True,0.13316692353035345
YQYTFPDFLY,HLA-B1501,0.1965,1,4,0.0083,0.8692,0.0907,HLA-B*15:01,28423700,YQYTFPDFLY,YQYTSPDFLY,0,0,243.0,234.0,True,Conserved,-2,YQYTFPFLY,-5,YQYTPDFLY,"4,5,6",1.3862943611198906,YQYTSPDLY,0.08988600000000002,YQYTFPDFLY,YQYTFPDFLY,YQYTSPDFLY,Positive,10,10,10,10,10,10,"1,8",0.910114,4,0.6931471805599453,substitution,1.0,0.46157760814249366,Positive_all,1,cedar,0.1965,YQYTSPDFLY,0.0907,YQYTSPDLY,True,0.28563100170666733
YVYDFGVSVS,HLA-A0201,0.0179,1,4,0.7573,0.6175,0.0353,HLA-A*02:01,"35193931,35193931",YVYDFGVSV,YVDDFGVSV,0,0,123.0,114.0,False,Conserved,-3,YVYDFGVSV,-3,YVYDFGVSV,2,0.6931471805599453,YVDDFGVSV,0.10263100000000003,YVYDFGVSV,YVYDFGVSV,YVDDFGVSV,Negative,10,9,9,9,9,10,"1,3,8",0.897369,2,0.6931471805599453,substitution,0.0,1.9720670391061452,"Negative,Negative",2,cedar,2.4783,YVDDFGVSVS,4.9079,YVDDFGVSV,True,0.30000965471411417
YYSPQAQTL,HLA-A2402,0.0052,0,4,0.0088,0.8825,1.3642,HLA-A*24:02,30880120,YYSPQAQTL,YYSPQAQTP,0,0,388.0,380.0,True,Improved,-3,YYSPQAQTL,-3,YYSPQAQTL,8,1.3862943611198906,YYSPQAQTP,0.03046099999999996,YYSPQAQTL,YYSPQAQTL,YYSPQAQTP,Negative,9,9,9,9,9,9,"1,8",0.969539,8,1.3862943611198906,substitution,0.0,262.34615384615387,Negative,1,cedar,0.0052,YYSPQAQTP,1.3642,YYSPQAQTP,True,0.2216966978281415
ALLPTPHCESL,HLA-A0201,0.1583,0,5,2.9658,0.4156,0.1374,HLA-A*02:01,31511069,ALLPTPHCESL,ALLPTPPCESL,0,0,72.0,62.0,False,Conserved,-2,ALLPTPHSL,-2,ALLPTPHSL,6,0.6931471805599453,ALLPTPPSL,0.10120499999999999,ALLPTPHCESL,ALLPTPHCESL,ALLPTPPCESL,Negative,11,11,11,11,11,11,"1,3,8",0.898795,6,0.6931471805599453,substitution,0.0,0.8679722046746683,Negative,1,cedar,0.1583,ALLPTPPCESL,0.1374,ALLPTPPSL,True,0.11948470191790841
ALSIGTSYRY,HLA-B1501,0.3522,0,5,0.0789,0.6716,0.4894,HLA-B*15:01,27198675,ALSIGTSY,ALSIGTPYRY,0,0,402.0,393.0,True,Conserved,-1,ASIGTSYRY,-14,ALS-IGTSY,"2,3,4,5,6,7",2.0794415416798357,ALIGTPYRY,0.13681200000000004,ALSIGTSYRY,ALSIGTSY,ALSIGTPYRY,Negative,10,8,10,8,10,10,"1,8",0.863188,6,1.3862943611198906,substitution,0.0,1.3895513912549686,Negative,1,cedar,0.4303,ALSIGTPYRY,0.4894,ALIGTPYRY,True,0.09678765075867664
ALSPDGSIRK,HLA-A0301,0.0542,0,5,0.2028,0.6227,1.7698,HLA-A*03:01,33479501,ALSPDGSIRK,APSPDGSIRK,0,0,723.0,714.0,True,Improved,-3,ALSPGSIRK,-4,ALSPGSIRK,"1,2,3",1.791759469228055,ASPDGSIRK,0.04845100000000002,ALSPDGSIRK,ALSPDGSIRK,APSPDGSIRK,Negative,10,10,10,10,10,10,"0,1,8",0.951549,1,1.3862943611198906,substitution,0.0,32.65313653136531,Negative,1,cedar,0.0542,APSPDGSIRK,1.7698,ASPDGSIRK,True,0.11347996936797748
ALSVEFSEM,HLA-B1501,1.0351,0,5,1.3141,0.6184,1.5305,HLA-B*15:01,27198675,ALSVEFSEM,ALSVEFPEM,0,0,908.0,900.0,False,Conserved,-1,ALSVEFSEM,-1,ALSVEFSEM,6,1.3862943611198906,ALSVEFPEM,0.07005799999999995,ALSVEFSEM,ALSVEFSEM,ALSVEFPEM,Negative,9,9,9,9,9,9,"1,8",0.929942,6,1.3862943611198906,substitution,0.0,1.4786011013428655,Negative,1,cedar,1.0351,ALSVEFPEM,1.5305,ALSVEFPEM,True,0.14829435412344993
AMQCLQNENL,HLA-A0201,5.8036,0,5,1.7608,0.5792,9.2154,HLA-A*02:01,31511069,MQCLQNENL,AMKCLQNENL,1,0,1528.0,1519.0,True,Conserved,1,AMQLQNENL,-1,MQCLQNENL,"0,1",-1.0,AMCLQNENL,0.06533800000000001,AMQCLQNENL,MQCLQNENL,AMKCLQNENL,Negative,10,9,10,9,10,10,"1,3,8",0.934662,2,0.6931471805599453,substitution,0.0,1.5878764904542009,Negative,1,cedar,6.429,AMKCLQNENL,9.2154,AMCLQNENL,True,0.09504803467562464
AMYQRAKLK,HLA-A0301,0.0219,0,5,0.0168,0.7969,0.0161,HLA-A*03:01,34518289,AMYQRAKLK,AMYQRAKSK,0,0,392.0,384.0,False,Conserved,-2,AMYQRAKLK,-2,AMYQRAKLK,7,0.6931471805599453,AMYQRAKSK,0.04475700000000005,AMYQRAKLK,AMYQRAKLK,AMYQRAKSK,Negative,9,9,9,9,9,9,"0,1,8",0.955243,7,0.6931471805599453,substitution,0.0,0.7351598173515982,Negative,1,cedar,0.0219,AMYQRAKSK,0.0161,AMYQRAKSK,True,0.2616921983800024
APARLERRHSA,HLA-B0702,0.4594,1,5,0.7565,0.2702,6.6294,HLA-B*07:02,"27827318,26901407,26901407",APARLERRHSA,LARLERRHSA,0,1,1018.0,1008.0,True,Improved,-3,APAERRHSA,-3,APAERRHSA,"0,1,2",1.3862943611198906,LARERRHSA,0.04292399999999996,APARLERRHSA,APARLERRHSA,LARLERRHSA,Positive,11,11,10,11,10,11,"1,8",0.957076,1,1.3862943611198906,substitution,1.0,14.430561602089684,"Positive_all,Positive_all,Positive_all",3,cedar,0.4594,ALARLERRHSA,18.039,ALAERRHSA,True,0.05395340180889833
APGLMGTEQLF,HLA-B0702,0.3481,0,5,3.1849,0.2149,0.3481,HLA-B*07:02,27198675,APGLMGTEQL,APGLMGTEQL,0,0,1871.0,1861.0,False,Conserved,-2,APMGTEQLF,4,APGLMGTQL,-1,,APGLMGTQL,0.0,APGLMGTEQLF,APGLMGTEQL,APGLMGTEQL,Negative,11,10,10,10,10,11,"1,8",1.0,10,0.6931471805599453,substitution,0.0,1.0,Negative,1,cedar,1.003,APGLMGTEQLS,6.5255,APLMGTEQL,True,0.0700123508800616
APGLPGFSGL,HLA-B0702,0.1295,0,5,0.2077,0.6189,0.2405,HLA-B*07:02,27198675,APGLPGFSGL,APGLPGFPGL,0,0,1192.0,1183.0,False,Conserved,-1,APLPGFSGL,-1,APLPGFSGL,6,1.3862943611198906,APLPGFPGL,0.05739000000000005,APGLPGFSGL,APGLPGFSGL,APGLPGFPGL,Negative,10,10,10,10,10,10,"1,8",0.94261,7,1.3862943611198906,substitution,0.0,1.857142857142857,Negative,1,cedar,0.1295,APGLPGFPGL,0.2405,APLPGFPGL,True,0.19585425138314286
AQAPNNYRCF,HLA-B1501,0.2405,0,5,0.3183,0.6257,0.2595,HLA-B*15:01,27198675,AQAPNNYRCF,AQAPNNYRRF,0,0,468.0,459.0,False,Conserved,-3,AQAPNNYRF,-2,AQAPNNYRF,6,-1.0,AQAPNNRRF,0.06442400000000004,AQAPNNYRCF,AQAPNNYRCF,AQAPNNYRRF,Negative,10,10,10,10,10,10,"1,8",0.935576,8,0.6931471805599453,substitution,0.0,1.0790020790020791,Negative,1,cedar,0.2405,AQAPNNYRRF,0.2595,AQAPNNRRF,True,0.11204912029295239
AQAPNNYRCFL,HLA-A0201,4.1072,0,5,0.5684,0.4866,4.1114,HLA-A*02:01,27198675,AQAPNNYRCFL,AQAPNNYRRFL,0,0,469.0,459.0,False,Conserved,-3,APNNYRCFL,4,AQAPNNYFL,-1,,AQAPNNYFL,0.07328900000000005,AQAPNNYRCFL,AQAPNNYRCFL,AQAPNNYRRFL,Negative,11,11,11,11,11,11,"1,3,8",0.926711,8,0.6931471805599453,substitution,0.0,1.001022594468251,Negative,1,cedar,4.1072,AQAPNNYRRFL,4.1114,AQAPNNYFL,True,0.08381703057788878
AQAPSLWGA,HLA-A0201,0.4378,0,5,0.0286,0.8149,0.6492,HLA-A*02:01,27198675,AQAPSLWGA,AQAPSPWGA,0,0,1109.0,1101.0,False,Conserved,-3,AQAPSLWGA,-3,AQAPSLWGA,5,1.3862943611198906,AQAPSPWGA,0.11468699999999998,AQAPSLWGA,AQAPSLWGA,AQAPSPWGA,Negative,9,9,9,9,9,9,"1,3,8",0.885313,5,1.3862943611198906,substitution,0.0,1.4828688899040656,Negative,1,cedar,0.4378,AQAPSPWGA,0.6492,AQAPSPWGA,True,0.08483153537590524
AQPAVQSAF,HLA-A0206,1.6674,0,5,0.1389,0.6984,0.6613,HLA-A*02:06,"34244308,34244308",AQPAVQSAF,AQAAVQSAF,0,0,1183.0,1175.0,False,Conserved,-1,AQPAVQSAF,-1,AQPAVQSAF,2,1.3862943611198906,AQAAVQSAF,0.061051999999999995,AQPAVQSAF,AQPAVQSAF,AQAAVQSAF,Negative,9,9,9,9,9,9,"1,3,8",0.938948,2,1.3862943611198906,substitution,0.0,0.39660549358282354,"Negative,Negative",2,cedar,1.6674,AQAAVQSAF,0.6613,AQAAVQSAF,True,0.08864485651415717
ASNASSAAK,HLA-A1101,0.0631,1,5,0.0688,0.753,0.0153,HLA-A*11:01,"25765070,25765070,25765070,25765070,25765070,25765070,25765070,25765070,25765070",ASNASSAAK,ASNAPSAAK,0,0,3282.0,3274.0,False,Conserved,-1,ASNASSAAK,-1,ASNASSAAK,4,1.3862943611198906,ASNAPSAAK,0.065025,ASNASSAAK,ASNASSAAK,ASNAPSAAK,Positive,9,9,9,9,9,9,"0,1,8",0.934975,4,1.3862943611198906,substitution,0.5555555555555556,0.24247226624405702,"Positive_all,Positive_all,Positive_all,Positive_all,Positive_all,Negative,Negative,Negative,Negative",9,cedar,0.0631,ASNAPSAAK,0.0153,ASNAPSAAK,True,0.09268462272561691
ATAERSRHHR,HLA-A1101,0.6676,0,5,0.4531,0.6392,0.4632,HLA-A*11:01,31511069,ATAERSRHHR,ATAERSRHQR,0,0,820.0,811.0,False,Conserved,0,ATAESRHHR,0,ATAESRHHR,7,1.3862943611198906,ATAESRHQR,0.033941,ATAERSRHHR,ATAERSRHHR,ATAERSRHQR,Negative,10,10,10,10,10,10,"0,1,8",0.966059,8,1.3862943611198906,substitution,0.0,0.6938286399041342,Negative,1,cedar,0.6676,ATAERSRHQR,0.4632,ATAESRHQR,True,0.0904370380809204
AVFDVGRITEV,HLA-A0201,0.2463,0,5,0.6142,0.6416,1.4552,HLA-A*02:01,31511069,AVFDVGRITEV,AAFDVGRITEV,0,0,375.0,365.0,True,Improved,0,AVFDVITEV,0,AVFDVITEV,1,1.3862943611198906,AAFDVITEV,0.018701999999999996,AVFDVGRITEV,AVFDVGRITEV,AAFDVGRITEV,Negative,11,11,11,11,11,11,"1,3,8",0.981298,1,1.3862943611198906,substitution,0.0,5.90824198132359,Negative,1,cedar,0.2463,AAFDVGRITEV,1.4552,AAFDVITEV,True,0.2664620015700743
AYFLPRPPL,HLA-A2402,0.441,0,5,0.0379,0.8108,0.1704,HLA-A*24:02,27198675,AYFLPRPPL,AYFPPRPPL,0,0,256.0,248.0,False,Conserved,-3,AYFLPRPPL,-3,AYFLPRPPL,3,1.3862943611198906,AYFPPRPPL,0.10260899999999995,AYFLPRPPL,AYFLPRPPL,AYFPPRPPL,Negative,9,9,9,9,9,9,"1,8",0.897391,3,1.3862943611198906,substitution,0.0,0.38639455782312926,Negative,1,cedar,0.441,AYFPPRPPL,0.1704,AYFPPRPPL,True,0.13612217234820131
AYFLPRPPL,HLA-B0702,1.9033,0,5,0.0379,0.8108,1.0967,HLA-B*07:02,27198675,AYFLPRPPL,AYFPPRPPL,0,0,256.0,248.0,False,Conserved,-3,AYFLPRPPL,-3,AYFLPRPPL,3,1.3862943611198906,AYFPPRPPL,0.10260899999999995,AYFLPRPPL,AYFLPRPPL,AYFPPRPPL,Negative,9,9,9,9,9,9,"1,8",0.897391,3,1.3862943611198906,substitution,0.0,0.5762097409761993,Negative,1,cedar,1.9033,AYFPPRPPL,1.0967,AYFPPRPPL,True,0.14187736392735972
AYLEAIHDF,HLA-A2402,0.0039,1,5,0.0186,0.7612,0.0009,HLA-A*24:02,"33537174,33537174,33537174",AYLEAIHDF,AYLEAIHNF,0,0,87.0,79.0,False,Conserved,1,AYLEAIHDF,1,AYLEAIHDF,7,0.6931471805599453,AYLEAIHNF,0.03964699999999999,AYLEAIHDF,AYLEAIHDF,AYLEAIHNF,Positive,9,9,9,9,9,9,"1,8",0.960353,7,0.6931471805599453,substitution,1.0,0.23076923076923078,"Positive_all,Positive_all,Positive_all",3,cedar,0.0039,AYLEAIHNF,0.0009,AYLEAIHNF,True,0.39397723141583213
AYLEAIHHF,HLA-A2402,0.0007,1,5,0.0092,0.7989,0.0009,HLA-A*24:02,33537174,AYLEAIHHF,AYLEAIHNF,0,0,87.0,79.0,False,Conserved,1,AYLEAIHHF,1,AYLEAIHHF,7,0.6931471805599453,AYLEAIHNF,0.05284599999999995,AYLEAIHHF,AYLEAIHHF,AYLEAIHNF,Positive,9,9,9,9,9,9,"1,8",0.947154,7,0.6931471805599453,substitution,1.0,1.2857142857142856,Positive_all,1,cedar,0.0007,AYLEAIHNF,0.0009,AYLEAIHNF,True,0.3943601445474953
AYLEAIHIF,HLA-A2402,0.0017,0,5,0.0094,0.7963,0.0009,HLA-A*24:02,33537174,AYLEAIHIF,AYLEAIHNF,0,0,87.0,79.0,False,Conserved,-3,AYLEAIHIF,-3,AYLEAIHIF,7,0.6931471805599453,AYLEAIHNF,0.06395099999999998,AYLEAIHIF,AYLEAIHIF,AYLEAIHNF,Negative,9,9,9,9,9,9,"1,8",0.936049,7,0.6931471805599453,substitution,0.0,0.5294117647058824,Negative,1,cedar,0.0017,AYLEAIHNF,0.0009,AYLEAIHNF,True,0.4160884619697484
AYLEAIHKF,HLA-A2402,0.0008,1,5,0.0093,0.7963,0.0009,HLA-A*24:02,"33537174,33537174",AYLEAIHKF,AYLEAIHNF,0,0,87.0,79.0,False,Conserved,0,AYLEAIHKF,0,AYLEAIHKF,7,1.3862943611198906,AYLEAIHNF,0.04543699999999995,AYLEAIHKF,AYLEAIHKF,AYLEAIHNF,Positive,9,9,9,9,9,9,"1,8",0.954563,7,1.3862943611198906,substitution,1.0,1.125,"Positive_all,Positive_all",2,cedar,0.0008,AYLEAIHNF,0.0009,AYLEAIHNF,True,0.3176313163862703
AYLEAIHSF,HLA-A2402,0.001,0,5,0.0091,0.8008,0.0009,HLA-A*24:02,33537174,AYLEAIHSF,AYLEAIHNF,0,0,87.0,79.0,False,Conserved,1,AYLEAIHSF,1,AYLEAIHSF,7,0.6931471805599453,AYLEAIHNF,0.03642400000000001,AYLEAIHSF,AYLEAIHSF,AYLEAIHNF,Negative,9,9,9,9,9,9,"1,8",0.963576,7,0.6931471805599453,substitution,0.0,0.8999999999999999,Negative,1,cedar,0.001,AYLEAIHNF,0.0009,AYLEAIHNF,True,0.33514841281927854
AYLEAIHTF,HLA-A2402,0.0006,0,5,0.0077,0.8319,0.0009,HLA-A*24:02,33537174,AYLEAIHTF,AYLEAIHNF,0,0,87.0,79.0,False,Conserved,0,AYLEAIHTF,0,AYLEAIHTF,7,0.6931471805599453,AYLEAIHNF,0.04439599999999999,AYLEAIHTF,AYLEAIHTF,AYLEAIHNF,Negative,9,9,9,9,9,9,"1,8",0.955604,7,0.6931471805599453,substitution,0.0,1.5,Negative,1,cedar,0.0006,AYLEAIHNF,0.0009,AYLEAIHNF,True,0.35617266002531606
AYLEAIHYF,HLA-A2402,0.0011,1,5,0.0088,0.8075,0.0009,HLA-A*24:02,"33537174,33537174",AYLEAIHYF,AYLEAIHNF,0,0,87.0,79.0,False,Conserved,-2,AYLEAIHYF,-2,AYLEAIHYF,7,0.6931471805599453,AYLEAIHNF,0.06788000000000005,AYLEAIHYF,AYLEAIHYF,AYLEAIHNF,Positive,9,9,9,9,9,9,"1,8",0.93212,7,0.6931471805599453,substitution,1.0,0.8181818181818181,"Positive_all,Positive_all",2,cedar,0.0011,AYLEAIHNF,0.0009,AYLEAIHNF,True,0.4350095125436387
CISSCNPNL,HLA-A0201,5.9624,1,5,2.7793,0.5107,35.3077,HLA-A*02:01,32571843,CISSCNPNL,CISSCNPNP,0,0,1682.0,1674.0,True,Conserved,-3,CISSCNPNL,-3,CISSCNPNL,8,1.3862943611198906,CISSCNPNP,0.035219,CISSCNPNL,CISSCNPNL,CISSCNPNP,Positive,9,9,9,9,9,9,"1,3,8",0.964781,8,1.3862943611198906,substitution,1.0,5.921726150543405,Positive_all,1,cedar,5.9624,CISSCNPNP,35.3077,CISSCNPNP,True,0.19707360430111723
CPIASSPCL,HLA-B0702,0.6464,0,5,0.0109,0.6163,0.4376,HLA-B*07:02,27198675,CPIASSPCL,CPNASSPCL,0,0,2437.0,2429.0,False,Conserved,-3,CPIASSPCL,-3,CPIASSPCL,2,0.6931471805599453,CPNASSPCL,0.08434900000000001,CPIASSPCL,CPIASSPCL,CPNASSPCL,Negative,9,9,9,9,9,9,"1,8",0.915651,2,0.6931471805599453,substitution,0.0,0.676980198019802,Negative,1,cedar,0.6464,CPNASSPCL,0.4376,CPNASSPCL,True,0.1873057546328216
CPIASSPCLPI,HLA-B0702,0.6464,0,5,0.7689,0.2683,0.4376,HLA-B*07:02,27198675,CPIASSPCL,CPNASSPCL,0,0,2439.0,2429.0,False,Conserved,-3,CPIASSPPI,-3,CPIASSPCL,2,0.6931471805599453,CPNASSPCL,0.08434900000000001,CPIASSPCLPI,CPIASSPCL,CPNASSPCL,Negative,11,9,9,9,9,11,"1,8",0.915651,2,0.6931471805599453,substitution,0.0,0.676980198019802,Negative,1,cedar,7.0462,CPNASSPCLPI,6.5838,CPNASSPPI,True,0.17226851128777046
DHFETIIKY,HLA-B1801,0.0694,0,5,0.2562,0.4595,0.0769,HLA-B*18:01,30556813,DHFETIIKY,DHFETIMKY,0,0,207.0,199.0,False,Conserved,1,DHFETIIKY,1,DHFETIIKY,6,1.0986122886681098,DHFETIMKY,0.04039999999999999,DHFETIIKY,DHFETIIKY,DHFETIMKY,Negative,9,9,9,9,9,9,"1,8",0.9596,6,1.0986122886681098,substitution,0.0,1.1080691642651295,Negative,1,cedar,0.0694,DHFETIMKY,0.0769,DHFETIMKY,True,0.41457438420088694
DVWFQGERIAY,HLA-B3501,1.2167,0,5,0.8332,0.2672,2.4823,HLA-B*35:01,27198675,WFQGERIAY,RFQGERIAY,2,2,355.0,345.0,False,Conserved,-3,DVWGERIAY,-3,WFQGERIAY,0,0.6931471805599453,RFQGERIAY,0.046153,DVWFQGERIAY,WFQGERIAY,RFQGERIAY,Negative,11,9,9,9,9,11,"1,8",0.953847,2,0.6931471805599453,substitution,0.0,2.0401906797074054,Negative,1,cedar,1.6052,DVRFQGERIAY,2.7322,DVQGERIAY,True,0.11541928908931921
EEDTFSYLI,HLA-B3801,0.6391,0,5,0.1175,0.4452,1.0979,HLA-B*38:01,29895573,EEDTFSYLI,EEDTFSDLI,0,0,329.0,321.0,False,Conserved,-3,EEDTFSYLI,-3,EEDTFSYLI,6,0.6931471805599453,EEDTFSDLI,0.09141200000000005,EEDTFSYLI,EEDTFSYLI,EEDTFSDLI,Negative,9,9,9,9,9,9,"1,8",0.908588,6,0.6931471805599453,substitution,0.0,1.717884525113441,Negative,1,cedar,0.6391,EEDTFSDLI,1.0979,EEDTFSDLI,True,0.20274102371942068
EENANFYKIF,HLA-B1801,0.4368,0,5,0.0177,0.697,0.4369,HLA-B*18:01,24323902,EENANFYKI,EENANFNKIF,0,0,48.0,39.0,True,Conserved,-2,EENANFKIF,-2,EENANFYKI,"6,8",1.3862943611198906,EENANFNKF,0.09924200000000005,EENANFYKIF,EENANFYKI,EENANFNKIF,Negative,10,9,10,9,10,10,"1,8",0.900758,6,0.6931471805599453,substitution,0.0,1.0002289377289377,Negative,1,cedar,0.4755,EENANFNKIF,0.4369,EENANFNKF,True,0.19929108620123115
EEVTPILAI,HLA-B4403,0.1349,0,5,0.2582,0.4082,0.1785,HLA-B*44:03,30556813,EEVTPILAI,EEVTPISAI,0,0,388.0,380.0,False,Conserved,-2,EEVTPILAI,-2,EEVTPILAI,6,0.6931471805599453,EEVTPISAI,0.06088899999999997,EEVTPILAI,EEVTPILAI,EEVTPISAI,Negative,9,9,9,9,9,9,"1,8",0.939111,6,0.6931471805599453,substitution,0.0,1.323202372127502,Negative,1,cedar,0.1349,EEVTPISAI,0.1785,EEVTPISAI,True,0.24477661121002633
ELAGIGILTV,HLA-A0201,0.7492,1,5,0.324,0.5695,2.6577,HLA-A*02:01,"30418433,29212853,29212853,29212853,29212853,29212853,29212853,30700903,30700903,30700903,30700903,30700903,30700903,30700903,30700903,31921104,31921104,31921104,31921104,31921104",ELAGIGILTV,AAGIGILTV,0,1,,,True,Improved,-1,ELAGIILTV,-6,ELAGGILTV,"0,1,2,3",1.791759469228055,AAGIGILTV,0.04588199999999998,ELAGIGILTV,ELAGIGILTV,AAGIGILTV,Positive,10,10,9,10,9,10,"1,3,8",0.954118,1,-1.0,substitution,1.0,3.547383876134544,"Positive_all,Positive_all,Positive_all,Positive_all,Positive_all,Positive_all,Positive_all,Positive_all,Positive_all,Positive_all,Positive_all,Positive_all,Positive_all,Positive_all,Positive_all,Positive_all,Positive_all,Positive_all,Positive_all,Positive_all",20,cedar,0.7492,EAAGIGILTV,7.3041,EAAGIILTV,True,0.15925078458822944
ELDGLFRPY,HLA-B3501,0.8006,0,5,0.3042,0.3737,0.983,HLA-B*35:01,27198675,ELDGLFRPY,ELDGLFRRY,0,0,131.0,123.0,False,Conserved,-2,ELDGLFRPY,-2,ELDGLFRPY,7,1.3862943611198906,ELDGLFRRY,0.07427799999999996,ELDGLFRPY,ELDGLFRPY,ELDGLFRRY,Negative,9,9,9,9,9,9,"1,8",0.925722,7,1.3862943611198906,substitution,0.0,1.2278291281538847,Negative,1,cedar,0.8006,ELDGLFRRY,0.983,ELDGLFRRY,True,0.1321124835678922
EPLSYSLLQR,HLA-A3301,0.7601,0,5,1.1814,0.3927,0.7451,HLA-A*33:01,"34244308,34244308",EPLSYSLLQR,EPLSYSRLQR,0,0,51.0,42.0,False,Conserved,-2,ELSYSLLQR,-2,ELSYSLLQR,5,1.3862943611198906,ELSYSRLQR,0.06655500000000003,EPLSYSLLQR,EPLSYSLLQR,EPLSYSRLQR,Negative,10,10,10,10,10,10,"1,8",0.933445,6,1.3862943611198906,substitution,0.0,0.9802657545059861,"Negative,Negative",2,cedar,0.7601,EPLSYSRLQR,0.7451,ELSYSRLQR,True,0.1386642567038551
EQNFVSTSDIK,HLA-A6801,3.611,0,5,5.2827,0.2741,5.4103,HLA-A*68:01,30556813,EQNFVSTSDIK,EQNFVSKSDIK,0,0,113.0,103.0,False,Conserved,-1,EQNFVSTSK,-1,EQNFVSTSK,6,0.6931471805599453,EQNFVSKSK,0.04734700000000003,EQNFVSTSDIK,EQNFVSTSDIK,EQNFVSKSDIK,Negative,11,11,11,11,11,11,"0,1,8",0.952653,6,0.6931471805599453,substitution,0.0,1.498283024093049,Negative,1,cedar,3.611,EQNFVSKSDIK,5.4103,EQNFVSKSK,True,0.13303742001331087
EQYDVYMYQEV,HLA-A0201,4.6193,0,5,2.5833,0.1631,6.2584,HLA-A*02:01,31511069,EQYDVYMYQEV,EQYEVYMYQEV,0,0,939.0,929.0,True,Conserved,2,EQYDVYQEV,2,EQYDVYMYV,3,1.3862943611198906,EQYEVYMYV,0.03422000000000003,EQYDVYMYQEV,EQYDVYMYQEV,EQYEVYMYQEV,Negative,11,11,11,11,11,11,"1,3,8",0.96578,3,1.3862943611198906,substitution,0.0,1.3548373130127942,Negative,1,cedar,4.6193,EQYEVYMYQEV,6.2584,EQYEVYMYV,True,0.35709672172591533
EVTPILAIR,HLA-A2601,0.6092,0,5,0.035,0.8428,0.6894,HLA-A*26:01,30556813,EVTPILAIR,EVTPISAIR,0,0,389.0,381.0,False,Conserved,-2,EVTPILAIR,-2,EVTPILAIR,5,0.6931471805599453,EVTPISAIR,0.07128000000000001,EVTPILAIR,EVTPILAIR,EVTPISAIR,Negative,9,9,9,9,9,9,"0,1,8",0.92872,5,0.6931471805599453,substitution,0.0,1.1316480630334866,Negative,1,cedar,0.6092,EVTPISAIR,0.6894,EVTPISAIR,True,0.15428028259805707
FAIADTAYV,HLA-A0201,0.5549,1,5,0.0098,0.838,0.9583,HLA-A*02:01,"32660279,32660279",FAIADTAYV,FASADTAYV,0,0,771.0,763.0,False,Conserved,-2,FAIADTAYV,-2,FAIADTAYV,2,0.6931471805599453,FASADTAYV,0.061038999999999954,FAIADTAYV,FAIADTAYV,FASADTAYV,Positive,9,9,9,9,9,9,"1,3,8",0.938961,2,0.6931471805599453,substitution,0.5,1.726977833843936,"Positive_all,Negative",2,cedar,0.5549,FASADTAYV,0.9583,FASADTAYV,True,0.23691052579929403
FASGTSYHLSL,HLA-A0201,1.4069,0,5,0.0816,0.7267,1.4069,HLA-A*02:01,27198675,FASGTSYHL,FASGTSYHL,0,0,826.0,816.0,False,Conserved,-1,FASGTHLSL,4,FASGTSYHL,-1,,FASGTSYHL,0.0,FASGTSYHLSL,FASGTSYHL,FASGTSYHL,Negative,11,9,9,9,9,11,"1,3,8",1.0,9,1.3862943611198906,substitution,0.0,1.0,Negative,1,cedar,9.9399,FASGTSYHLPL,13.1206,FASGTSYHL,True,0.1286172835077731
FCTSCPAGYYI,HLA-A0201,11.2541,0,5,2.395,0.2741,11.2541,HLA-A*02:01,27198675,TSCPAGYYI,TSCPAGYYI,2,2,611.0,601.0,False,Conserved,-2,FSCPAGYYI,4,TSCPAGYYI,-1,,TSCPAGYYI,0.0,FCTSCPAGYYI,TSCPAGYYI,TSCPAGYYI,Negative,11,9,9,9,9,11,"1,3,8",1.0,0,0.6931471805599453,substitution,0.0,1.0,Negative,1,cedar,21.3553,SCTSCPAGYYI,29.6,SSCPAGYYI,True,0.24260694251789225
FEFCEDDLW,HLA-B1801,1.4045,0,5,0.0692,0.6119,5.0215,HLA-B*18:01,24323902,FEFCEDDLW,FEFCEDDLR,0,0,420.0,412.0,True,Improved,-3,FEFCEDDLW,-3,FEFCEDDLW,8,0.6931471805599453,FEFCEDDLR,0.04450900000000002,FEFCEDDLW,FEFCEDDLW,FEFCEDDLR,Negative,9,9,9,9,9,9,"1,8",0.955491,8,0.6931471805599453,substitution,0.0,3.575293698825204,Negative,1,cedar,1.4045,FEFCEDDLR,5.0215,FEFCEDDLR,True,0.24278111456721463
FICAIIVVV,HLA-B2705,31.8,1,5,0.4809,0.8015,39.2,HLA-B*27:05,"29545564,29545564",FICAIIVVV,FIGAIIVVV,0,0,152.0,144.0,False,Conserved,-3,FICAIIVVV,-3,FICAIIVVV,2,0.6931471805599453,FIGAIIVVV,0.07547400000000004,FICAIIVVV,FICAIIVVV,FIGAIIVVV,Positive,9,9,9,9,9,9,"1,8",0.924526,2,0.6931471805599453,substitution,0.5,1.2327044025157234,"Positive_all,Negative",2,cedar,31.8,FIGAIIVVV,39.2,FIGAIIVVV,True,0.379056595607186
FIMGISILL,HLA-A0201,0.1126,1,5,0.0287,0.9301,0.246,HLA-A*02:01,30418433,FIMGISILL,FITGISILL,0,0,332.0,324.0,False,Conserved,-1,FIMGISILL,-1,FIMGISILL,2,0.0,FITGISILL,0.055572999999999984,FIMGISILL,FIMGISILL,FITGISILL,Positive,9,9,9,9,9,9,"1,3,8",0.944427,2,0.0,substitution,1.0,2.1847246891651864,Positive_all,1,cedar,0.1126,FITGISILL,0.246,FITGISILL,True,0.5767202594861954
FIPKFVSFL,HLA-A0201,0.393,0,5,0.0162,0.6688,1.4186,HLA-A*02:01,31511069,FIPKFVSFL,LIPKFVSFL,0,0,128.0,120.0,False,Improved,0,FIPKFVSFL,0,FIPKFVSFL,0,1.791759469228055,LIPKFVSFL,0.019286000000000025,FIPKFVSFL,FIPKFVSFL,LIPKFVSFL,Negative,9,9,9,9,9,9,"1,3,8",0.980714,0,1.791759469228055,substitution,0.0,3.609669211195929,Negative,1,cedar,0.393,LIPKFVSFL,1.4186,LIPKFVSFL,True,0.17547244192338704
FKLDTEKMPV,HLA-A0201,0.2455,0,5,0.5235,0.6655,0.1939,HLA-A*02:01,35193931,KLDTEKMPV,KLDTGKMPV,1,1,468.0,459.0,False,Conserved,-2,FLDTEKMPV,-2,KLDTEKMPV,4,0.6931471805599453,KLDTGKMPV,0.09728000000000003,FKLDTEKMPV,KLDTEKMPV,KLDTGKMPV,Negative,10,9,9,9,9,10,"1,3,8",0.90272,5,0.6931471805599453,substitution,0.0,0.789816700610998,Negative,1,cedar,1.2703,FKLDTGKMPV,0.9591,FLDTGKMPV,True,0.08041785913007983
FLDFMTKINDL,HLA-A0201,1.2634,0,5,0.6743,0.3122,0.5968,HLA-A*02:01,27198675,FLDFMTKI,FLDFMTKINGL,0,0,436.0,426.0,True,Conserved,-1,FLDTKINDL,-9,FL-DFMTKI,"2,3,4,5,6,7,8",1.791759469228055,FLDTKINGL,0.100742,FLDFMTKINDL,FLDFMTKI,FLDFMTKINGL,Negative,11,8,11,8,11,11,"1,3,8",0.899258,9,0.6931471805599453,substitution,0.0,0.47237612790881744,Negative,1,cedar,1.9693,FLDFMTKINGL,0.5968,FLDTKINGL,True,0.1571803447903242
FLDPLAHEI,HLA-A0201,0.0012,0,5,0.0091,0.8972,0.0045,HLA-A*02:01,27198675,FLDPLAHEI,FLDPLAYEI,0,0,539.0,531.0,False,Conserved,2,FLDPLAHEI,2,FLDPLAHEI,6,0.6931471805599453,FLDPLAYEI,0.064693,FLDPLAHEI,FLDPLAHEI,FLDPLAYEI,Negative,9,9,9,9,9,9,"1,3,8",0.935307,6,0.6931471805599453,substitution,0.0,3.75,Negative,1,cedar,0.0012,FLDPLAYEI,0.0045,FLDPLAYEI,True,0.41145077091338333
FLEEHKEFL,HLA-A0201,0.047,0,5,0.0652,0.844,0.3285,HLA-A*02:01,33479501,FLEEHKEFL,LLEEHKEFL,0,0,725.0,717.0,False,Conserved,0,FLEEHKEFL,0,FLEEHKEFL,0,1.791759469228055,LLEEHKEFL,0.01724899999999996,FLEEHKEFL,FLEEHKEFL,LLEEHKEFL,Negative,9,9,9,9,9,9,"1,3,8",0.982751,0,1.791759469228055,substitution,0.0,6.98936170212766,Negative,1,cedar,0.047,LLEEHKEFL,0.3285,LLEEHKEFL,True,0.3747722119594705
FLEGNEVGKTY,HLA-A0101,0.2542,0,5,0.7783,0.2939,1.1088,HLA-A*01:01,32314731,FLEGNEVGKTY,FLGGNEVGKTY,0,0,456.0,446.0,True,Improved,-2,FLEGNEVTY,-9,FLEGNEVTY,"2,3,4,5,6",1.3862943611198906,FLNEVGKTY,0.04774100000000003,FLEGNEVGKTY,FLEGNEVGKTY,FLGGNEVGKTY,Negative,11,11,11,11,11,11,"1,2,8",0.952259,2,0.6931471805599453,substitution,0.0,4.361919748229741,Negative,1,cedar,0.2542,FLGGNEVGKTY,1.1088,FLNEVGKTY,True,0.19066512706531336
FLFELIPEP,HLA-A0201,0.2537,1,5,0.6931,0.6322,12.0086,HLA-A*02:01,"31685621,31685621",FLFELIPEP,FPFELIPEP,0,0,20.0,12.0,True,Improved,-3,FLFELIPEP,-3,FLFELIPEP,1,1.3862943611198906,FPFELIPEP,0.06850199999999995,FLFELIPEP,FLFELIPEP,FPFELIPEP,Positive,9,9,9,9,9,9,"1,3,8",0.931498,1,1.3862943611198906,substitution,1.0,47.333858888450926,"Positive_all,Positive_all",2,cedar,0.2537,FPFELIPEP,12.0086,FPFELIPEP,True,0.2839966911983812
FLFLELLHWF,HLA-A0201,3.891,0,5,1.2549,0.3251,1.4165,HLA-A*02:01,31511069,FLFLELLHW,LLLELLHWF,0,1,237.0,228.0,True,Conserved,0,FFLELLHWF,-10,FLFLELLHW,"0,2,3,4,6,7,8",2.6390573296152584,LLLELLHWF,0.11692000000000002,FLFLELLHWF,FLFLELLHW,LLLELLHWF,Negative,10,9,9,9,9,10,"1,3,8",0.88308,2,1.791759469228055,substitution,0.0,0.3640452325880237,Negative,1,cedar,4.1771,FLLLELLHWF,4.7696,FLLELLHWF,True,0.4771815631751961
FLFLELLHWFK,HLA-A0301,2.39,0,5,1.1288,0.4303,1.4586,HLA-A*03:01,31511069,FLFLELLHWFK,LLLELLHWFK,0,1,238.0,228.0,True,Conserved,0,FLFLELLHK,-10,FLFLELLHK,"0,2,3,4,6,7",2.6390573296152584,LLLELLHFK,0.04537800000000003,FLFLELLHWFK,FLFLELLHWFK,LLLELLHWFK,Negative,11,11,10,11,10,11,"0,1,8",0.954622,2,1.791759469228055,substitution,0.0,0.6102928870292886,Negative,1,cedar,2.39,FLLLELLHWFK,3.9263,FLLLELLHK,True,0.44136397591925836
FLIQTEQKL,HLA-A0201,0.0432,1,5,0.5397,0.718,0.1037,HLA-A*02:01,"34696226,34696226,34696226,34696226",FLIQTEQKL,FLVQTEQKL,0,0,7479.0,7471.0,False,Conserved,3,FLIQTEQKL,3,FLIQTEQKL,2,1.0986122886681098,FLVQTEQKL,0.01393500000000003,FLIQTEQKL,FLIQTEQKL,FLVQTEQKL,Positive,9,9,9,9,9,9,"1,3,8",0.986065,2,1.0986122886681098,substitution,1.0,2.400462962962963,"Positive_all,Positive_all,Positive_all,Positive_all",4,cedar,0.0432,FLVQTEQKL,0.1037,FLVQTEQKL,True,0.2959048893717495
FLLRFLYTQL,HLA-A0201,1.0265,1,5,0.2111,0.8615,1.1243,HLA-A*02:01,32226429,FLLRFLYTQL,SLLRFLYTQL,0,0,411.0,402.0,False,Conserved,-2,FLLRFLTQL,-2,FLLRFLTQL,0,0.6931471805599453,SLLRFLTQL,0.018442999999999987,FLLRFLYTQL,FLLRFLYTQL,SLLRFLYTQL,Positive,10,10,10,10,10,10,"1,3,8",0.981557,0,0.6931471805599453,substitution,1.0,1.0952752070141258,Positive_all,1,cedar,1.0265,SLLRFLYTQL,1.1243,SLLRFLTQL,True,0.2186901070937242
FMQRLLGPQRV,HLA-A0201,1.1945,1,5,1.4162,0.5357,2.6226,HLA-A*02:01,31511069,FMQRLLGPQRV,RLLGPQRV,0,3,1226.0,1216.0,True,Conserved,1,FMLLGPQRV,-11,FMLLGPQRV,"0,1,3,4",,RLLG-PQRV,0.11241299999999999,FMQRLLGPQRV,FMQRLLGPQRV,RLLGPQRV,Positive,11,11,8,11,8,11,"1,3,8",0.887587,1,0.0,substitution,1.0,2.1955629970699038,Positive_all,1,cedar,1.1945,FVQRLLGPQRV,3.2756,FVLLGPQRV,True,0.09159334035809964
FMTKINDLEV,HLA-A0201,1.4723,0,5,0.0874,0.832,1.6896,HLA-A*02:01,"27198675,27198675,27198675,27198675",FMTKINDLEV,FMTKINGLEV,0,0,438.0,429.0,False,Conserved,-1,FMTKINDEV,1,FMTKIDLEV,5,0.6931471805599453,FMTKINLEV,0.07184999999999997,FMTKINDLEV,FMTKINDLEV,FMTKINGLEV,Negative,10,10,10,10,10,10,"1,3,8",0.92815,6,0.6931471805599453,substitution,0.0,1.147592202676085,"Negative,Negative,Negative,Negative",4,cedar,1.4723,FMTKINGLEV,1.6896,FMTKINLEV,True,0.14616388707447195
FPAAAFPTA,HLA-B5601,0.0018,0,5,0.0051,0.9104,0.003,HLA-B*56:01,33479501,FPAAAFPTA,SPAAAFPTA,0,0,508.0,500.0,False,Conserved,-2,FPAAAFPTA,-2,FPAAAFPTA,0,0.6931471805599453,SPAAAFPTA,0.026594000000000007,FPAAAFPTA,FPAAAFPTA,SPAAAFPTA,Negative,9,9,9,9,9,9,"1,8",0.973406,0,0.6931471805599453,substitution,0.0,1.6666666666666667,Negative,1,cedar,0.0018,SPAAAFPTA,0.003,SPAAAFPTA,True,0.305347218012618
FPAAAFPTAS,HLA-B5601,0.0018,0,5,0.029,0.7543,0.003,HLA-B*56:01,33479501,FPAAAFPTA,SPAAAFPTA,0,0,509.0,500.0,False,Conserved,-2,FPAAAFPTA,-2,FPAAAFPTA,0,0.6931471805599453,SPAAAFPTA,0.026594000000000007,FPAAAFPTA,FPAAAFPTA,SPAAAFPTA,Negative,10,9,9,9,9,10,"1,8",0.973406,0,0.6931471805599453,substitution,0.0,1.6666666666666667,Negative,1,cedar,0.2538,SPAAAFPTAS,0.4847,SPAAAFPTA,True,0.15604946486364832
FPSPSKTSLTL,HLA-C0702,0.4378,0,5,0.0191,0.589,0.4378,HLA-C*07:02,30556813,FPSPSKTSL,FPSPSKTSL,0,0,267.0,257.0,False,Conserved,-1,FPSPSSLTL,4,FPSPSKTSL,-1,,FPSPSKTSL,0.0,FPSPSKTSLTL,FPSPSKTSL,FPSPSKTSL,Negative,11,9,9,9,9,11,"1,8",1.0,9,1.3862943611198906,substitution,0.0,1.0,Negative,1,cedar,5.6021,FPSPSKTSLPL,8.8742,FPSPSKTSL,True,0.06290174601642066
FRMFLTQGF,HLA-B2705,0.074,0,5,0.0159,0.7569,0.0456,HLA-B*27:05,34518289,FRMFLTQGF,FRMFPTQGF,0,0,573.0,565.0,False,Conserved,-3,FRMFLTQGF,-3,FRMFLTQGF,4,1.3862943611198906,FRMFPTQGF,0.11560999999999999,FRMFLTQGF,FRMFLTQGF,FRMFPTQGF,Negative,9,9,9,9,9,9,"1,8",0.88439,4,1.3862943611198906,substitution,0.0,0.6162162162162163,Negative,1,cedar,0.074,FRMFPTQGF,0.0456,FRMFPTQGF,True,0.40343907338810747
FTAAALAGH,HLA-A1102,4.0382,0,5,0.1286,0.4841,6.0275,HLA-A*11:02,"34244308,34244308",FTAAALAGH,FSAAALAGH,0,0,436.0,428.0,True,Conserved,1,FTAAALAGH,1,FTAAALAGH,1,1.791759469228055,FSAAALAGH,0.018221000000000043,FTAAALAGH,FTAAALAGH,FSAAALAGH,Negative,9,9,9,9,9,9,"0,1,8",0.981779,1,1.791759469228055,substitution,0.0,1.4926204744688227,"Negative,Negative",2,cedar,4.0382,FSAAALAGH,6.0275,FSAAALAGH,True,0.12843204731024851
FTTDNLCFVSL,HLA-A0201,0.6189,0,5,1.7976,0.4376,0.6189,HLA-A*02:01,27198675,FTTDNLCFV,FTTDNLCFV,0,0,578.0,568.0,False,Conserved,0,FTTDNFVSL,4,FTTDNLCFV,-1,,FTTDNLCFV,0.0,FTTDNLCFVSL,FTTDNLCFV,FTTDNLCFV,Negative,11,9,9,9,9,11,"1,3,8",1.0,9,0.6931471805599453,substitution,0.0,1.0,Negative,1,cedar,3.1711,FTTDNLCFVGL,4.2694,FTTDNLVGL,True,0.2147750242714577
FVGALSFSI,HLA-A0201,1.4531,1,5,0.1517,0.6409,3.1116,HLA-A*02:01,"31685621,31685621",FVGALSFSI,FVGVLSFSI,0,0,850.0,842.0,True,Conserved,0,FVGALSFSI,0,FVGALSFSI,3,1.3862943611198906,FVGVLSFSI,0.046745999999999954,FVGALSFSI,FVGALSFSI,FVGVLSFSI,Positive,9,9,9,9,9,9,"1,3,8",0.953254,3,1.3862943611198906,substitution,1.0,2.141352969513454,"Positive_all,Positive_all",2,cedar,1.4531,FVGVLSFSI,3.1116,FVGVLSFSI,True,0.17185253018559862
FVLTCIIIVCF,HLA-B3501,7.4311,0,5,11.8278,0.1142,37.0,HLA-B*35:01,27198675,LTCIIIVCF,FVLTCIIIV,2,0,366.0,356.0,True,Conserved,-2,FTCIIIVCF,-2,LTCIIIVCF,"0,1,2,3,4,6,7,8",2.6390573296152584,FVLTCIIIV,0.12339999999999995,FVLTCIIIVCF,LTCIIIVCF,FVLTCIIIV,Negative,11,9,9,9,9,11,"1,8",0.8766,10,0.6931471805599453,substitution,0.0,4.979074430434256,Negative,1,cedar,24.087,FVLTCIIIVCS,100.0,FVLTIIVCS,True,0.4699122302690156
FVTFSCHGADK,HLA-A1101,0.8186,0,5,2.2621,0.4346,0.3362,HLA-A*11:01,27198675,VTFSCHGADK,VTFSCPGADK,1,1,91.0,81.0,False,Conserved,-2,FVTFSCHGK,-2,VTFSHGADK,4,0.6931471805599453,VTFSPGADK,0.11840799999999996,FVTFSCHGADK,VTFSCHGADK,VTFSCPGADK,Negative,11,10,10,10,10,11,"0,1,8",0.881592,6,0.6931471805599453,substitution,0.0,0.410701197165893,Negative,1,cedar,7.1769,FVTFSCPGADK,4.6034,VTFSPGADK,True,0.1561082843335374
FVVPYMIYLL,HLA-C0303,0.1229,1,5,0.1405,0.6329,0.0462,HLA-C*03:03,"26901407,26901407",FVVPYMIYL,YVVPYMIHL,0,0,523.0,514.0,True,Conserved,5,FVVPYMIYL,5,FVVPYMIYL,"0,7",1.3862943611198906,YVVPYMIHL,0.058130000000000015,FVVPYMIYLL,FVVPYMIYL,YVVPYMIHL,Positive,10,9,9,9,9,10,"1,8",0.94187,"0,7",1.3862943611198906,substitution,1.0,0.37591537835638733,"Positive_all,Positive_all",2,cedar,4.1044,YVVPYMIHLL,1.4436,YVVPYIHLL,True,0.45103047449165945
GAQSWLWFV,HLA-A0211,0.9225,1,5,0.0807,0.8076,3.0637,HLA-A*02:11,"29545564,29545564,29643231,29643231,29643231,29643231",GAQSWLWFV,GAQSWLWFA,0,0,2490.0,2482.0,True,Improved,0,GAQSWLWFV,0,GAQSWLWFV,8,1.3862943611198906,GAQSWLWFA,0.019051999999999958,GAQSWLWFV,GAQSWLWFV,GAQSWLWFA,Positive,9,9,9,9,9,9,"1,8",0.980948,8,1.3862943611198906,substitution,0.6666666666666666,3.3210840108401083,"Positive_all,Negative,Positive_all,Positive_all,Negative,Positive_all",6,cedar,0.9225,GAQSWLWFA,3.0637,GAQSWLWFA,True,0.21231247944409587
GEQDHTFRV,HLA-B4403,0.3565,0,5,0.0883,0.4913,0.7061,HLA-B*44:03,"34244308,34244308",GEQDHTFRV,GERDHTFRV,0,0,4550.0,4542.0,False,Conserved,1,GEQDHTFRV,1,GEQDHTFRV,2,0.6931471805599453,GERDHTFRV,0.053934999999999955,GEQDHTFRV,GEQDHTFRV,GERDHTFRV,Negative,9,9,9,9,9,9,"1,8",0.946065,2,0.6931471805599453,substitution,0.0,1.9806451612903226,"Negative,Negative",2,cedar,0.3565,GERDHTFRV,0.7061,GERDHTFRV,True,0.0994564342754389
GITYEYRPSK,HLA-A3001,0.01,0,5,0.2337,0.6245,0.0177,HLA-A*30:01,"34244308,34244308",ITYEYRPSK,ITYEDRPSK,1,1,328.0,319.0,False,Conserved,-3,GTYEYRPSK,-3,ITYEYRPSK,4,0.6931471805599453,ITYEDRPSK,0.12136899999999995,GITYEYRPSK,ITYEYRPSK,ITYEDRPSK,Negative,10,9,9,9,9,10,"0,1,2,8",0.878631,5,0.6931471805599453,substitution,0.0,1.77,"Negative,Negative",2,cedar,0.229,GITYEDRPSK,0.3457,GTYEDRPSK,True,0.10417875146954106
GLFRPYGSTV,HLA-A0201,0.4528,0,5,0.1652,0.8022,2.596,HLA-A*02:01,"27198675,27198675,27198675,27198675",GLFRPYGSTV,GLFRRYGSTV,0,0,135.0,126.0,True,Improved,-2,GLFPYGSTV,-2,GLFPYGSTV,3,1.3862943611198906,GLFRYGSTV,0.10293600000000003,GLFRPYGSTV,GLFRPYGSTV,GLFRRYGSTV,Negative,10,10,10,10,10,10,"1,3,8",0.897064,4,1.3862943611198906,substitution,0.0,5.733215547703181,"Negative,Negative,Negative,Negative",4,cedar,0.4528,GLFRRYGSTV,2.596,GLFRYGSTV,True,0.10550268512511687
GLGPGFSSY,HLA-B1501,0.0219,1,5,0.1572,0.6884,0.1603,HLA-B*15:01,"28423700,28423700",GLGPGFSSY,GLGPGFSGY,0,0,162.0,154.0,False,Conserved,0,GLGPGFSSY,0,GLGPGFSSY,7,0.6931471805599453,GLGPGFSGY,0.042823000000000055,GLGPGFSSY,GLGPGFSSY,GLGPGFSGY,Positive,9,9,9,9,9,9,"1,8",0.957177,7,0.6931471805599453,substitution,1.0,7.319634703196347,"Positive_all,Positive_all",2,cedar,0.0219,GLGPGFSGY,0.1603,GLGPGFSGY,True,0.20925556551340352
GLLNSIWPL,HLA-A0201,0.0705,1,5,0.008,0.9095,0.1185,HLA-A*02:01,"33257508,33257508,33257508,33257508",GLLNSIWPL,GLLNSTWPL,0,0,122.0,114.0,False,Conserved,-1,GLLNSIWPL,-1,GLLNSIWPL,5,1.0986122886681098,GLLNSTWPL,0.07268200000000002,GLLNSIWPL,GLLNSIWPL,GLLNSTWPL,Positive,9,9,9,9,9,9,"1,3,8",0.927318,5,1.0986122886681098,substitution,1.0,1.6808510638297873,"Positive_all,Positive_all,Positive_all,Positive_all",4,cedar,0.0705,GLLNSTWPL,0.1185,GLLNSTWPL,True,0.32841997143065305
GLMGTEQLF,HLA-A2402,1.5773,0,5,0.8174,0.5298,26.5,HLA-A*24:02,27198675,GLMGTEQLF,GLMGTEQL,0,0,1871.0,1863.0,True,Improved,-2,GLMGTEQLF,-7,GLMGTEQLF,"4,5,6,7,8",1.9459101490553132,GLMG-TEQL,0.050985999999999976,GLMGTEQLF,GLMGTEQLF,GLMGTEQL,Negative,9,9,8,9,8,9,"1,8",0.949014,8,0.6931471805599453,substitution,0.0,16.800862232929692,Negative,1,cedar,1.5773,GLMGTEQLS,58.3333,GLMGTEQLS,True,0.10072765787637525
GLYLELTPK,HLA-A1101,0.6238,0,5,0.1691,0.6538,0.5803,HLA-A*11:01,27198675,GLYLELTPK,GLYLELTRK,0,0,441.0,433.0,False,Conserved,-2,GLYLELTPK,-2,GLYLELTPK,7,1.3862943611198906,GLYLELTRK,0.062475999999999976,GLYLELTPK,GLYLELTPK,GLYLELTRK,Negative,9,9,9,9,9,9,"0,1,8",0.937524,7,1.3862943611198906,substitution,0.0,0.9302661109329914,Negative,1,cedar,0.6238,GLYLELTRK,0.5803,GLYLELTRK,True,0.15911345318352124
GPRLLLPCPM,HLA-B3501,8.6517,0,5,0.0581,0.7367,7.9703,HLA-B*35:01,28123873,GPRLLLPCPM,GPRLFLPCPM,0,0,2248.0,2239.0,False,Conserved,0,GPRLLPCPM,0,GPLLLPCPM,3,1.791759469228055,GPLFLPCPM,0.05932000000000004,GPRLLLPCPM,GPRLLLPCPM,GPRLFLPCPM,Negative,10,10,10,10,10,10,"1,8",0.94068,4,1.791759469228055,substitution,0.0,0.9212409121906677,Negative,1,cedar,8.6517,GPRLFLPCPM,7.9703,GPLFLPCPM,True,0.1744208741960126
GTKAATAAAR,HLA-A1101,1.9054,0,5,0.543,0.6207,1.9029,HLA-A*11:01,"34270940,34270940",GTKAATAAAR,GTEAATAAAR,0,0,57.0,48.0,False,Conserved,1,GTKAATAAR,5,GTAATAAAR,-1,,GTAATAAAR,0.024626999999999954,GTKAATAAAR,GTKAATAAAR,GTEAATAAAR,Negative,10,10,10,10,10,10,"0,1,8",0.975373,2,0.6931471805599453,substitution,0.0,0.998687939540254,"Negative,Negative",2,cedar,1.9054,GTEAATAAAR,1.9029,GTAATAAAR,True,0.08101805236583229
GTKKDVDVLK,HLA-A0301,0.6171,1,5,1.0136,0.4994,0.6872,HLA-A*03:01,"30556813,30556813",GTKKDVDVLK,GTKEDVDVLK,0,0,183.0,174.0,False,Conserved,1,GTKDVDVLK,1,GTKKDVVLK,3,0.6931471805599453,GTKEDVVLK,0.03925000000000001,GTKKDVDVLK,GTKKDVDVLK,GTKEDVDVLK,Positive,10,10,10,10,10,10,"0,1,8",0.96075,3,0.6931471805599453,substitution,0.5,1.113595851563766,"Positive_all,Negative",2,cedar,0.6171,GTKEDVDVLK,0.6872,GTKEDVVLK,True,0.13840310476705306
HIIRLMLEY,HLA-A1101,0.9001,1,5,0.043,0.7792,1.0238,HLA-A*11:01,32226429,HIIRLMLEY,HIIRLMLKY,0,0,572.0,564.0,False,Conserved,1,HIIRLMLEY,1,HIIRLMLEY,7,0.6931471805599453,HIIRLMLKY,0.02898400000000001,HIIRLMLEY,HIIRLMLEY,HIIRLMLKY,Positive,9,9,9,9,9,9,"0,1,8",0.971016,7,0.6931471805599453,substitution,1.0,1.1374291745361627,Positive_all,1,cedar,0.9001,HIIRLMLKY,1.0238,HIIRLMLKY,True,0.30242758515646184
HPQASSAVGF,HLA-B3501,0.1705,0,5,0.2144,0.6034,0.1209,HLA-B*35:01,24323902,HPQASSAVGF,HPQAGSAVGF,0,0,2170.0,2161.0,False,Conserved,0,HPQASSAVF,0,HPQASSAVF,4,0.6931471805599453,HPQAGSAVF,0.052007000000000025,HPQASSAVGF,HPQASSAVGF,HPQAGSAVGF,Negative,10,10,10,10,10,10,"1,8",0.947993,4,0.6931471805599453,substitution,0.0,0.709090909090909,Negative,1,cedar,0.1705,HPQAGSAVGF,0.1209,HPQAGSAVF,True,0.08591863890630297
HSSSGSSLTLF,HLA-B3501,2.6211,0,5,0.9472,0.4047,2.6211,HLA-B*35:01,27198675,SSSGSSLTL,SSSGSSLTL,1,1,472.0,462.0,False,Conserved,-2,HSSSSLTLF,4,SSSGSSLTL,-1,,SSSGSSLTL,0.0,HSSSGSSLTLF,SSSGSSLTL,SSSGSSLTL,Negative,11,9,9,9,9,11,"1,8",1.0,10,0.6931471805599453,substitution,0.0,1.0,Negative,1,cedar,5.8221,HSSSGSSLTLS,58.0,HSSSGSLTL,True,0.056434691153632546
HSVSSAFKK,HLA-A0301,0.4031,1,5,0.1192,0.7208,5.1525,HLA-A*03:01,26048577,HSVSSAFKK,HSVSSAFK,0,0,851.0,843.0,True,Improved,0,HSVSSAFKK,-10,HSVSSAFKK,"3,5,6,7",0.0,HSV-SSAFK,0.03928799999999999,HSVSSAFKK,HSVSSAFKK,HSVSSAFK,Positive,9,9,8,9,8,9,"0,1,8",0.960712,8,1.3862943611198906,substitution,1.0,12.782188042669311,Positive_all,1,cedar,0.4031,HSVSSAFKN,40.2,HSVSSAFKN,True,0.07786581405019967
HTLLLWEHNR,HLA-A1101,2.4837,1,5,0.2341,0.5921,3.663,HLA-A*11:01,32226429,TLLLWEHNR,HTLLLREHNR,1,0,425.0,416.0,True,Conserved,-3,HTLLWEHNR,-5,TLLLWEHNR,"0,1,4",0.0,HTLLLEHNR,0.14558300000000002,HTLLLWEHNR,TLLLWEHNR,HTLLLREHNR,Positive,10,9,10,9,10,10,"0,1,8",0.854417,5,0.6931471805599453,substitution,1.0,1.4748157990095423,Positive_all,1,cedar,3.3676,HTLLLREHNR,3.663,HTLLLEHNR,True,0.16116235965579417
HVYYFFSKR,HLA-A3101,0.0325,0,5,0.013,0.7897,0.0507,HLA-A*31:01,33262196,HVYYFFSKR,HVYYFFPKR,0,0,209.0,201.0,False,Conserved,-1,HVYYFFSKR,-1,HVYYFFSKR,6,1.3862943611198906,HVYYFFPKR,0.06555,HVYYFFSKR,HVYYFFSKR,HVYYFFPKR,Negative,9,9,9,9,9,9,"0,1,8",0.93445,6,1.3862943611198906,substitution,0.0,1.56,Negative,1,cedar,0.0325,HVYYFFPKR,0.0507,HVYYFFPKR,True,0.324874937236533
IIQARFEEV,HLA-A0201,0.9246,0,5,0.8678,0.6006,3.8283,HLA-A*02:01,31511069,IIQARFEEV,IIRARFEEV,0,0,1069.0,1061.0,False,Improved,1,IIQARFEEV,1,IIQARFEEV,2,0.6931471805599453,IIRARFEEV,0.047567000000000026,IIQARFEEV,IIQARFEEV,IIRARFEEV,Negative,9,9,9,9,9,9,"1,3,8",0.952433,2,0.6931471805599453,substitution,0.0,4.1404931862427,Negative,1,cedar,0.9246,IIRARFEEV,3.8283,IIRARFEEV,True,0.22593337306583075
ILDSASHHCPL,HLA-A0201,0.4329,0,5,0.2836,0.4197,1.5385,HLA-A*02:01,31511069,ILDSASHHCPL,ILDSASHDCPL,0,0,395.0,385.0,False,Improved,-1,ILDSASHHL,-2,ILDSASHHL,7,0.6931471805599453,ILDSASHPL,0.07261099999999998,ILDSASHHCPL,ILDSASHHCPL,ILDSASHDCPL,Negative,11,11,11,11,11,11,"1,3,8",0.927389,7,0.6931471805599453,substitution,0.0,3.5539385539385537,Negative,1,cedar,0.4329,ILDSASHDCPL,1.5385,ILDSASHPL,True,0.15497147045045412
ILGEQVVHT,HLA-A0201,0.3773,0,5,2.1932,0.4662,1.0038,HLA-A*02:01,27198675,ILGEQVVHT,ILGGQVVHT,0,0,143.0,135.0,True,Conserved,-2,ILGEQVVHT,-2,ILGEQVVHT,3,0.6931471805599453,ILGGQVVHT,0.08594400000000002,ILGEQVVHT,ILGEQVVHT,ILGGQVVHT,Negative,9,9,9,9,9,9,"1,3,8",0.914056,3,0.6931471805599453,substitution,0.0,2.660482374768089,Negative,1,cedar,0.3773,ILGGQVVHT,1.0038,ILGGQVVHT,True,0.1811781603531636
ILGEQVVHTV,HLA-A0201,0.181,0,5,0.2733,0.8454,0.4391,HLA-A*02:01,27198675,ILGEQVVHTV,ILGGQVVHTV,0,0,144.0,135.0,True,Conserved,-2,ILGEVVHTV,-2,ILGEVVHTV,3,0.6931471805599453,ILGGVVHTV,0.07129600000000003,ILGEQVVHTV,ILGEQVVHTV,ILGGQVVHTV,Negative,10,10,10,10,10,10,"1,3,8",0.928704,3,0.6931471805599453,substitution,0.0,2.425966850828729,Negative,1,cedar,0.181,ILGGQVVHTV,0.4391,ILGGVVHTV,True,0.23233154747326357
ILGEQVVHTVL,HLA-A0201,0.181,0,5,2.7242,0.4306,0.4391,HLA-A*02:01,27198675,ILGEQVVHTV,ILGGQVVHTV,0,0,145.0,135.0,True,Conserved,-2,ILGEQVVHL,-2,ILGEVVHTV,3,0.6931471805599453,ILGGVVHTV,0.07129600000000003,ILGEQVVHTVL,ILGEQVVHTV,ILGGQVVHTV,Negative,11,10,10,10,10,11,"1,3,8",0.928704,3,0.6931471805599453,substitution,0.0,2.425966850828729,Negative,1,cedar,0.7289,ILGGQVVHTVL,1.4302,ILGGQVVHL,True,0.17260468277678329
ILNAMIAKI,HLA-A0201,0.4296,1,5,0.1777,0.872,0.2032,HLA-A*02:01,30418433,ILNAMIAKI,ILNAMITKI,0,0,162.0,154.0,False,Conserved,0,ILNAMIAKI,0,ILNAMIAKI,6,1.3862943611198906,ILNAMITKI,0.043008999999999964,ILNAMIAKI,ILNAMIAKI,ILNAMITKI,Positive,9,9,9,9,9,9,"1,3,8",0.956991,6,1.3862943611198906,substitution,1.0,0.4729981378026071,Positive_all,1,cedar,0.4296,ILNAMITKI,0.2032,ILNAMITKI,True,0.17689855421316358
ILRTLQQIKK,HLA-A0301,0.3801,0,5,0.3589,0.5806,0.3081,HLA-A*03:01,33479501,ILRTLQQIK,VLRTLQQIK,0,0,137.0,128.0,True,Conserved,3,ILRTQQIKK,3,ILRTLQQIK,0,1.0986122886681098,VLRTLQQIK,0.0049719999999999764,ILRTLQQIKK,ILRTLQQIK,VLRTLQQIK,Negative,10,9,9,9,9,10,"0,1,8",0.995028,0,1.0986122886681098,substitution,0.0,0.8105761641673244,Negative,1,cedar,0.5062,VLRTLQQIKK,0.3871,VLRTQQIKK,True,0.14246030179933547
IMPGNSFAV,HLA-A0201,0.358,0,5,0.0164,0.6672,0.264,HLA-A*02:01,31511069,IMPGNSFAV,IMPGDSFAV,0,0,3089.0,3081.0,False,Conserved,1,IMPGNSFAV,1,IMPGNSFAV,4,0.6931471805599453,IMPGDSFAV,0.06538,IMPGNSFAV,IMPGNSFAV,IMPGDSFAV,Negative,9,9,9,9,9,9,"1,3,8",0.93462,4,0.6931471805599453,substitution,0.0,0.7374301675977655,Negative,1,cedar,0.358,IMPGDSFAV,0.264,IMPGDSFAV,True,0.15119162743249887
IPAEHINQA,HLA-B5601,0.0055,0,5,0.0375,0.7304,0.0089,HLA-B*56:01,33479501,IPAEHINQA,IPAVHINQA,0,0,288.0,280.0,False,Conserved,-2,IPAEHINQA,-2,IPAEHINQA,3,0.6931471805599453,IPAVHINQA,0.08739799999999998,IPAEHINQA,IPAEHINQA,IPAVHINQA,Negative,9,9,9,9,9,9,"1,8",0.912602,3,0.6931471805599453,substitution,0.0,1.6181818181818182,Negative,1,cedar,0.0055,IPAVHINQA,0.0089,IPAVHINQA,True,0.31696129950305907
IPAMHINQA,HLA-B5601,0.0086,0,5,0.03,0.7518,0.0089,HLA-B*56:01,33479501,IPAMHINQA,IPAVHINQA,0,0,288.0,280.0,False,Conserved,1,IPAMHINQA,1,IPAMHINQA,3,0.0,IPAVHINQA,0.05379900000000004,IPAMHINQA,IPAMHINQA,IPAVHINQA,Negative,9,9,9,9,9,9,"1,8",0.946201,3,0.0,substitution,0.0,1.0348837209302326,Negative,1,cedar,0.0086,IPAVHINQA,0.0089,IPAVHINQA,True,0.378197522187542
IPASVSAPK,HLA-A6801,1.1783,0,5,0.671,0.2841,0.7936,HLA-A*68:01,30556813,IPASVSAPK,SPASVSAPK,0,0,687.0,679.0,True,Conserved,-2,IPASVSAPK,-2,IPASVSAPK,0,0.6931471805599453,SPASVSAPK,0.021152999999999977,IPASVSAPK,IPASVSAPK,SPASVSAPK,Negative,9,9,9,9,9,9,"0,1,8",0.978847,0,0.6931471805599453,substitution,0.0,0.6735126877705169,Negative,1,cedar,1.1783,SPASVSAPK,0.7936,SPASVSAPK,True,0.11993118319238875
ISFENLDTA,HLA-C0602,8.0955,0,5,1.6345,0.5207,7.3424,HLA-C*06:02,"34244308,34244308",ISFENLDTA,ISFENVDTA,0,0,787.0,779.0,False,Conserved,1,ISFENLDTA,1,ISFENLDTA,5,1.791759469228055,ISFENVDTA,0.040219000000000005,ISFENLDTA,ISFENLDTA,ISFENVDTA,Negative,9,9,9,9,9,9,"1,8",0.959781,5,1.791759469228055,substitution,0.0,0.9069730096967451,"Negative,Negative",2,cedar,8.0955,ISFENVDTA,7.3424,ISFENVDTA,True,0.19252473092301062
ITFDDYIACFV,HLA-A0201,2.7003,0,5,0.4511,0.5345,3.3277,HLA-A*02:01,31511069,ITFDDYIACFV,ITFDDYIACCV,0,0,164.0,154.0,False,Conserved,-2,ITFDDYIAV,-2,ITFDDYIFV,7,-1.0,ITFDDYIAV,0.04728500000000002,ITFDDYIACFV,ITFDDYIACFV,ITFDDYIACCV,Negative,11,11,11,11,11,11,"1,3,8",0.952715,9,0.6931471805599453,substitution,0.0,1.2323445543087805,Negative,1,cedar,2.7003,ITFDDYIACCV,3.3277,ITFDDYIAV,True,0.3630508965477141
ITMQLMNREK,HLA-A1101,0.6354,0,5,0.1736,0.6895,1.1929,HLA-A*11:01,"34270940,34270940",ITMQLMNREK,ITMQLMKREK,0,0,301.0,292.0,False,Conserved,0,ITMQLMNEK,0,ITMQLMNEK,6,-1.0,ITMQLMREK,0.051849000000000034,ITMQLMNREK,ITMQLMNREK,ITMQLMKREK,Negative,10,10,10,10,10,10,"0,1,8",0.948151,6,1.3862943611198906,substitution,0.0,1.8774000629524712,"Negative,Negative",2,cedar,0.6354,ITMQLMKREK,1.1929,ITMQLMREK,True,0.14103495021695087
ITYEYRPSK,HLA-A3001,0.01,0,5,0.0414,0.7739,0.0177,HLA-A*30:01,"34244308,34244308",ITYEYRPSK,ITYEDRPSK,0,0,328.0,320.0,False,Conserved,-3,ITYEYRPSK,-3,ITYEYRPSK,4,0.6931471805599453,ITYEDRPSK,0.12136899999999995,ITYEYRPSK,ITYEYRPSK,ITYEDRPSK,Negative,9,9,9,9,9,9,"0,1,2,8",0.878631,4,0.6931471805599453,substitution,0.0,1.77,"Negative,Negative",2,cedar,0.01,ITYEDRPSK,0.0177,ITYEDRPSK,True,0.2164984618752771
ITYEYRPSKA,HLA-A3001,0.01,0,5,6.3094,0.3588,0.0177,HLA-A*30:01,"34244308,34244308",ITYEYRPSK,ITYEDRPSK,0,0,329.0,320.0,False,Conserved,-3,ITYERPSKA,-3,ITYEYRPSK,4,0.6931471805599453,ITYEDRPSK,0.12136899999999995,ITYEYRPSKA,ITYEYRPSK,ITYEDRPSK,Negative,10,9,9,9,9,10,"0,1,2,8",0.878631,4,0.6931471805599453,substitution,0.0,1.77,"Negative,Negative",2,cedar,2.4784,ITYEDRPSKA,2.7023,ITYDRPSKA,True,0.07360742052667787
KEASSRHFL,HLA-B0702,3.5924,0,5,0.058,0.6967,1.4355,HLA-B*07:02,27198675,KEASSRHFL,KEASSRHSL,0,0,220.0,212.0,False,Conserved,-2,KEASSRHFL,-2,KEASSRHFL,7,0.6931471805599453,KEASSRHSL,0.05215700000000001,KEASSRHFL,KEASSRHFL,KEASSRHSL,Negative,9,9,9,9,9,9,"1,8",0.947843,7,0.6931471805599453,substitution,0.0,0.3995935864603051,Negative,1,cedar,3.5924,KEASSRHSL,1.4355,KEASSRHSL,True,0.08395518365009186
KFARGDYTTTI,HLA-A2402,1.6279,0,5,1.447,0.3055,1.5165,HLA-A*24:02,27198675,KFARGDYTTTI,KFAGGDYTTTI,0,0,1225.0,1215.0,False,Conserved,-2,KFADYTTTI,4,KFADYTTTI,-1,,KFADYTTTI,0.06753100000000001,KFARGDYTTTI,KFARGDYTTTI,KFAGGDYTTTI,Negative,11,11,11,11,11,11,"1,8",0.932469,3,1.791759469228055,substitution,0.0,0.9315682781497635,Negative,1,cedar,1.6279,KFAGGDYTTTI,1.5165,KFADYTTTI,True,0.07587052505696
KIIAYQPYGK,HLA-A0301,0.2235,0,5,0.0609,0.7018,0.4365,HLA-A*03:01,33479501,KIIAYQPYGK,IIAYQPYGK,0,1,520.0,511.0,True,Conserved,1,KIIAQPYGK,-6,KIIAQPYGK,"0,2,3",0.0,IIAYQPYGK,0.03396100000000002,KIIAYQPYGK,KIIAYQPYGK,IIAYQPYGK,Negative,10,10,9,10,9,10,"0,1,8",0.966039,0,0.6931471805599453,substitution,0.0,1.9530201342281879,Negative,1,cedar,0.2235,EIIAYQPYGK,3.7511,EIIAYQPYK,True,0.20829052439174156
KINLSLFAL,HLA-A0201,2.1619,0,5,1.0498,0.7156,3.3922,HLA-A*02:01,"27198675,27198675,27198675,27198675",KINLSLFAL,KINLSLSAL,0,0,275.0,267.0,False,Conserved,-2,KINLSLFAL,-2,KINLSLFAL,6,0.6931471805599453,KINLSLSAL,0.06566899999999998,KINLSLFAL,KINLSLFAL,KINLSLSAL,Negative,9,9,9,9,9,9,"1,3,8",0.934331,6,0.6931471805599453,substitution,0.0,1.569082751283593,"Negative,Negative,Negative,Negative",4,cedar,2.1619,KINLSLSAL,3.3922,KINLSLSAL,True,0.1381045090791376
KIVEAQSGV,HLA-A0201,0.4871,0,5,0.2612,0.6797,4.5414,HLA-A*02:01,27198675,KIVEAQSGV,EIVEAQSGV,0,0,948.0,940.0,False,Improved,1,KIVEAQSGV,1,KIVEAQSGV,0,0.6931471805599453,EIVEAQSGV,0.014268999999999976,KIVEAQSGV,KIVEAQSGV,EIVEAQSGV,Negative,9,9,9,9,9,9,"1,3,8",0.985731,0,0.6931471805599453,substitution,0.0,9.32334222952166,Negative,1,cedar,0.4871,EIVEAQSGV,4.5414,EIVEAQSGV,True,0.09246648732127198
KIYRRQIFK,HLA-A1101,0.0366,1,5,0.0064,0.882,0.0431,HLA-A*11:01,"31685621,31685621",KIYRRQIFK,KIYRRQVFK,0,0,601.0,593.0,False,Conserved,3,KIYRRQIFK,3,KIYRRQIFK,6,1.0986122886681098,KIYRRQVFK,0.015405000000000002,KIYRRQIFK,KIYRRQIFK,KIYRRQVFK,Positive,9,9,9,9,9,9,"0,1,8",0.984595,6,1.0986122886681098,substitution,1.0,1.1775956284153004,"Positive_all,Positive_all",2,cedar,0.0366,KIYRRQVFK,0.0431,KIYRRQVFK,True,0.44030526373032763
KLARHYLIHTV,HLA-A0201,0.6114,0,5,0.5729,0.7093,4.8922,HLA-A*02:01,31511069,KLARHYLIHTV,KLARHYLIHT,0,0,51.0,41.0,True,Improved,-3,KLARHIHTV,-1,KLARHIHTV,"3,4,5,6,7,8",2.0794415416798357,KLAHYLIHT,0.026317000000000035,KLARHYLIHTV,KLARHYLIHTV,KLARHYLIHT,Negative,11,11,10,11,10,11,"1,3,8",0.973683,10,1.3862943611198906,substitution,0.0,8.001635590448151,Negative,1,cedar,0.6114,KLARHYLIHTG,31.8,KLAYLIHTG,True,0.18766868766019296
KLCRTVIAAA,HLA-A0201,1.7718,0,5,0.9932,0.6509,6.0318,HLA-A*02:01,33257508,KLCRTVIAA,ELCRTVIAA,0,0,641.0,632.0,False,Improved,1,KLRTVIAAA,1,KLCRTVIAA,0,0.6931471805599453,ELCRTVIAA,0.01641400000000004,KLCRTVIAAA,KLCRTVIAA,ELCRTVIAA,Negative,10,9,9,9,9,10,"1,3,8",0.983586,0,0.6931471805599453,substitution,0.0,3.4043345750084657,Negative,1,cedar,5.5759,ELCRTVIAAA,14.1575,ELRTVIAAA,True,0.13966724640992162
KLCVACPMHSL,HLA-A0201,2.7567,0,5,1.8987,0.627,0.6782,HLA-A*02:01,31511069,KLCVACPMHSL,KLCEACPMHSL,0,0,461.0,451.0,True,Conserved,-2,KLACPMHSL,-4,KLACPMHSL,"2,3",-1.0,KLCEPMHSL,0.06669599999999998,KLCVACPMHSL,KLCVACPMHSL,KLCEACPMHSL,Negative,11,11,11,11,11,11,"1,3,8",0.933304,3,0.6931471805599453,substitution,0.0,0.2460187905829434,Negative,1,cedar,2.7567,KLCEACPMHSL,0.6782,KLCEPMHSL,True,0.12959997959601652
KLDTEKMPVV,HLA-A0201,0.2455,0,5,0.6779,0.768,0.1939,HLA-A*02:01,35193931,KLDTEKMPV,KLDTGKMPV,0,0,469.0,460.0,False,Conserved,-2,KLDEKMPVV,-2,KLDTEKMPV,4,0.6931471805599453,KLDTGKMPV,0.09728000000000003,KLDTEKMPVV,KLDTEKMPV,KLDTGKMPV,Negative,10,9,9,9,9,10,"1,3,8",0.90272,4,0.6931471805599453,substitution,0.0,0.789816700610998,Negative,1,cedar,0.3713,KLDTGKMPVV,0.5538,KLDGKMPVV,True,0.12587953147736372
KLGSMQPRHLK,HLA-A1101,0.0122,0,5,0.4754,0.5883,0.0122,HLA-A*11:01,27198675,GSMQPRHLK,GSMQPRHLK,2,2,1206.0,1196.0,False,Conserved,-3,KSMQPRHLK,5,GSMQPRHLK,-1,,GSMQPRHLK,0.0,KLGSMQPRHLK,GSMQPRHLK,GSMQPRHLK,Negative,11,9,9,9,9,11,"0,1,8",1.0,1,1.3862943611198906,substitution,0.0,1.0,Negative,1,cedar,0.3542,KPGSMQPRHLK,0.3769,KSMQPRHLK,True,0.07477907171230223
KLILWRGLK,HLA-A0301,0.1836,1,5,0.0492,0.7332,6.2149,HLA-A*03:01,"27869121,27869121,27869121,27869121,34518289,34518289,34518289,34518289,34518289",KLILWRGLK,KPILWRGLK,0,0,132.0,124.0,True,Improved,-3,KLILWRGLK,-3,KLILWRGLK,1,1.3862943611198906,KPILWRGLK,0.07187699999999997,KLILWRGLK,KLILWRGLK,KPILWRGLK,Positive,9,9,9,9,9,9,"0,1,8",0.928123,1,1.3862943611198906,substitution,0.8888888888888888,33.85021786492374,"Positive_all,Positive_all,Positive_all,Positive_all,Positive_all,Negative,Positive_all,Positive_all,Positive_all",9,cedar,0.1836,KPILWRGLK,6.2149,KPILWRGLK,True,0.26579408992019016
KLLAGVEIV,HLA-A0201,0.0874,1,5,0.1582,0.7725,0.4614,HLA-A*02:01,30418433,KLLAGVEIV,KLLAGDEIV,0,0,75.0,67.0,False,Conserved,-3,KLLAGVEIV,-3,KLLAGVEIV,5,0.6931471805599453,KLLAGDEIV,0.09288399999999997,KLLAGVEIV,KLLAGVEIV,KLLAGDEIV,Positive,9,9,9,9,9,9,"1,3,8",0.907116,5,0.6931471805599453,substitution,1.0,5.279176201372997,Positive_all,1,cedar,0.0874,KLLAGDEIV,0.4614,KLLAGDEIV,True,0.2323902530050171
KLNFRLFVI,HLA-A0201,1.3655,0,5,0.0945,0.3799,0.3877,HLA-A*02:01,33479501,KLNFRLFVI,KLNSRLFVI,0,0,76.0,68.0,True,Conserved,-2,KLNFRLFVI,-2,KLNFRLFVI,3,0.6931471805599453,KLNSRLFVI,0.08779000000000003,KLNFRLFVI,KLNFRLFVI,KLNSRLFVI,Negative,9,9,9,9,9,9,"1,3,8",0.91221,3,0.6931471805599453,substitution,0.0,0.28392530208714756,Negative,1,cedar,1.3655,KLNSRLFVI,0.3877,KLNSRLFVI,True,0.15289409222745853
KLWYASLTLV,HLA-A0201,0.1079,0,5,0.0725,0.8466,0.2049,HLA-A*02:01,31511069,KLWYASLTL,KLWYASLAL,0,0,164.0,155.0,False,Conserved,0,KLYASLTLV,0,KLWYASLTL,7,1.3862943611198906,KLWYASLAL,0.03289500000000001,KLWYASLTLV,KLWYASLTL,KLWYASLAL,Negative,10,9,9,9,9,10,"1,3,8",0.967105,7,1.3862943611198906,substitution,0.0,1.8989805375347544,Negative,1,cedar,0.3988,KLWYASLALV,0.6435,KLWASLALV,True,0.19677651851386413
KMVEAMATGI,HLA-A0201,2.4889,0,5,0.1369,0.8141,1.9859,HLA-A*02:01,24323902,KMVEAMATGI,KMVEAMATEI,0,0,364.0,355.0,False,Conserved,-2,KMVEAMTGI,-2,KMVEAMTGI,7,0.6931471805599453,KMVEAMTEI,0.03622700000000001,KMVEAMATGI,KMVEAMATGI,KMVEAMATEI,Negative,10,10,10,10,10,10,"1,3,8",0.963773,8,0.6931471805599453,substitution,0.0,0.7979026879344289,Negative,1,cedar,2.4889,KMVEAMATEI,1.9859,KMVEAMTEI,True,0.11123093243343694
KPFHSLSSF,HLA-B3501,0.096,0,5,0.0708,0.723,0.2172,HLA-B*35:01,27198675,KPFHSLSSF,KPFHSLSPF,0,0,407.0,399.0,False,Conserved,-1,KPFHSLSSF,-1,KPFHSLSSF,7,1.3862943611198906,KPFHSLSPF,0.05195700000000003,KPFHSLSSF,KPFHSLSSF,KPFHSLSPF,Negative,9,9,9,9,9,9,"1,8",0.948043,7,1.3862943611198906,substitution,0.0,2.2625,Negative,1,cedar,0.096,KPFHSLSPF,0.2172,KPFHSLSPF,True,0.13510945980426203
KPFHSLSSF,HLA-B0702,0.0397,0,5,0.0708,0.723,0.0822,HLA-B*07:02,27198675,KPFHSLSSF,KPFHSLSPF,0,0,407.0,399.0,False,Conserved,-1,KPFHSLSSF,-1,KPFHSLSSF,7,1.3862943611198906,KPFHSLSPF,0.05195700000000003,KPFHSLSSF,KPFHSLSSF,KPFHSLSPF,Negative,9,9,9,9,9,9,"1,8",0.948043,7,1.3862943611198906,substitution,0.0,2.070528967254408,Negative,1,cedar,0.0397,KPFHSLSPF,0.0822,KPFHSLSPF,True,0.1529036448973034
KQFSAMALK,HLA-A0301,0.0386,0,5,0.0745,0.7331,0.0224,HLA-A*03:01,34518289,KQFSAMALK,KQFPAMALK,0,0,71.0,63.0,False,Conserved,-1,KQFSAMALK,-1,KQFSAMALK,3,1.3862943611198906,KQFPAMALK,0.07841399999999998,KQFSAMALK,KQFSAMALK,KQFPAMALK,Negative,9,9,9,9,9,9,"0,1,8",0.921586,3,1.3862943611198906,substitution,0.0,0.5803108808290155,Negative,1,cedar,0.0386,KQFPAMALK,0.0224,KQFPAMALK,True,0.15282660093897635
KQKVSLLFDHL,HLA-B1501,0.2927,0,5,3.679,0.1424,7.3446,HLA-B*15:01,27198675,KQKVSLLF,KVSLLFDHL,0,2,204.0,194.0,True,Improved,1,KQKVSLLHL,-16,KQK-VSLLF,"1,2,3,4,5,6,7,8",2.5649493574615367,KVSLLFDHL,0.22802500000000003,KQKVSLLFDHL,KQKVSLLF,KVSLLFDHL,Negative,11,8,9,8,9,11,"1,8",0.771975,1,0.6931471805599453,substitution,0.0,25.09258626580116,Negative,1,cedar,5.1054,KRKVSLLFDHL,32.2,KRKVSLLHL,True,0.15283158140417608
KRFLHRQPL,HLA-B2705,0.1575,0,5,0.0689,0.5092,0.0682,HLA-B*27:05,34518289,KRFLHRQPL,KRFPHRQPL,0,0,363.0,355.0,False,Conserved,-3,KRFLHRQPL,-3,KRFLHRQPL,3,1.3862943611198906,KRFPHRQPL,0.11510399999999998,KRFLHRQPL,KRFLHRQPL,KRFPHRQPL,Negative,9,9,9,9,9,9,"1,8",0.884896,3,1.3862943611198906,substitution,0.0,0.43301587301587297,Negative,1,cedar,0.1575,KRFPHRQPL,0.0682,KRFPHRQPL,True,0.20497970333530605
KSLANFGGW,HLA-B5701,0.0647,0,5,0.0089,0.8097,0.1253,HLA-B*57:01,33479501,KSLANFGGW,KSLANSGGW,0,0,476.0,468.0,False,Conserved,-2,KSLANFGGW,-2,KSLANFGGW,5,0.6931471805599453,KSLANSGGW,0.092283,KSLANFGGW,KSLANFGGW,KSLANSGGW,Negative,9,9,9,9,9,9,"1,8",0.907717,5,0.6931471805599453,substitution,0.0,1.9366306027820712,Negative,1,cedar,0.0647,KSLANSGGW,0.1253,KSLANSGGW,True,0.1445299929436867
KSYWNRLQF,HLA-B0702,2.1881,0,5,0.07,0.703,3.7984,HLA-B*07:02,27198675,KSYWNRLQF,KSYWNRLRF,0,0,586.0,578.0,False,Conserved,1,KSYWNRLQF,1,KSYWNRLQF,7,0.6931471805599453,KSYWNRLRF,0.04012300000000002,KSYWNRLQF,KSYWNRLQF,KSYWNRLRF,Negative,9,9,9,9,9,9,"1,8",0.959877,7,0.6931471805599453,substitution,0.0,1.735935286321466,Negative,1,cedar,2.1881,KSYWNRLRF,3.7984,KSYWNRLRF,True,0.15107428783922566
KSYWNRLQF,HLA-A2402,0.2599,0,5,0.07,0.703,0.3379,HLA-A*24:02,27198675,SYWNRLQF,SYWNRLRF,1,1,586.0,578.0,False,Conserved,1,KSYWNRLQF,-11,SYWNR-LQF,"3,4,5,7",,SYW-NRLRF,0.050729000000000024,KSYWNRLQF,SYWNRLQF,SYWNRLRF,Negative,9,8,8,8,8,9,"1,8",0.949271,7,0.6931471805599453,substitution,0.0,1.300115429011158,Negative,1,cedar,1.0415,KSYWNRLRF,1.1946,KSYWNRLRF,True,0.12481919059436478
KTQIKLHLSPK,HLA-A3001,0.2078,0,5,0.0767,0.7312,0.1881,HLA-A*30:01,24323902,QIKLHLSPK,KTQIKLHLSAK,2,0,847.0,837.0,True,Conserved,-1,KTKLHLSPK,-1,QIKLHLSPK,"0,1,7",2.1972245773362196,KTKLHLSAK,0.09023300000000001,KTQIKLHLSPK,QIKLHLSPK,KTQIKLHLSAK,Negative,11,9,11,9,11,11,"0,1,2,8",0.909767,9,1.3862943611198906,substitution,0.0,0.9051973051010586,Negative,1,cedar,0.2609,KTQIKLHLSAK,0.1881,KTKLHLSAK,True,0.12435363089583538
KTSDVNSLVGK,HLA-A1101,0.0541,0,5,0.3627,0.5722,0.0673,HLA-A*11:01,27198675,KTSDVNSLVGK,KTSDVNSSVGK,0,0,449.0,439.0,True,Conserved,-2,KTSDVLVGK,-4,KTSDSLVGK,"4,5",0.6931471805599453,KTSDVSVGK,0.045254000000000016,KTSDVNSLVGK,KTSDVNSLVGK,KTSDVNSSVGK,Negative,11,11,11,11,11,11,"0,1,8",0.954746,7,0.6931471805599453,substitution,0.0,1.243992606284658,Negative,1,cedar,0.0541,KTSDVNSSVGK,0.0673,KTSDVSVGK,True,0.15056477600293125
KVHSGESRK,HLA-A0301,0.0624,0,5,0.2664,0.6444,0.0449,HLA-A*03:01,31511069,KVHSGESRK,KVHSGETRK,0,0,139.0,131.0,False,Conserved,1,KVHSGESRK,1,KVHSGESRK,6,1.791759469228055,KVHSGETRK,0.03184399999999998,KVHSGESRK,KVHSGESRK,KVHSGETRK,Negative,9,9,9,9,9,9,"0,1,8",0.968156,6,1.791759469228055,substitution,0.0,0.7195512820512822,Negative,1,cedar,0.0624,KVHSGETRK,0.0449,KVHSGETRK,True,0.12210013500148091
KWIHCFNDV,HLA-A2402,3.5416,0,5,0.8605,0.3794,2.866,HLA-A*24:02,"34244308,34244308",KWIHCFNDV,KWIQCFNDV,0,0,884.0,876.0,False,Conserved,0,KWIHCFNDV,0,KWIHCFNDV,3,1.3862943611198906,KWIQCFNDV,0.09936900000000004,KWIHCFNDV,KWIHCFNDV,KWIQCFNDV,Negative,9,9,9,9,9,9,"1,8",0.900631,3,1.3862943611198906,substitution,0.0,0.8092387621414051,"Negative,Negative",2,cedar,3.5416,KWIQCFNDV,2.866,KWIQCFNDV,True,0.17855470850279978
LALSIGTSY,HLA-B1501,0.1994,0,5,0.04,0.7697,0.6184,HLA-B*15:01,27198675,LALSIGTSY,LALSIGTPY,0,0,400.0,392.0,False,Conserved,-1,LALSIGTSY,-1,LALSIGTSY,7,1.3862943611198906,LALSIGTPY,0.049800999999999984,LALSIGTSY,LALSIGTSY,LALSIGTPY,Negative,9,9,9,9,9,9,"1,8",0.950199,7,1.3862943611198906,substitution,0.0,3.1013039117352053,Negative,1,cedar,0.1994,LALSIGTPY,0.6184,LALSIGTPY,True,0.22452877694560294
LARQTPEPAEL,HLA-B0702,2.4545,0,5,2.265,0.2788,3.409,HLA-B*07:02,27198675,LARQTPEPAEL,LARQTPEPA,0,0,196.0,186.0,True,Conserved,-2,LATPEPAEL,-5,LARPEPAEL,"3,4,6,7,8",1.3862943611198906,LARQTPEPA,0.05485399999999996,LARQTPEPAEL,LARQTPEPAEL,LARQTPEPA,Negative,11,11,9,11,9,11,"1,8",0.945146,9,0.6931471805599453,substitution,0.0,1.3888775718068853,Negative,1,cedar,2.4545,LARQTPEPAGL,3.8303,LARPEPAGL,True,0.06526000377797815
LAYFLPRPPL,HLA-B0702,1.9033,0,5,0.3677,0.6076,1.0967,HLA-B*07:02,27198675,AYFLPRPPL,AYFPPRPPL,1,1,256.0,247.0,False,Conserved,-3,LYFLPRPPL,-3,AYFLPRPPL,3,1.3862943611198906,AYFPPRPPL,0.10260899999999995,LAYFLPRPPL,AYFLPRPPL,AYFPPRPPL,Negative,10,9,9,9,9,10,"1,8",0.897391,4,1.3862943611198906,substitution,0.0,0.5762097409761993,Negative,1,cedar,2.7405,LAYFPPRPPL,1.1591,LAYPPRPPL,True,0.18971262907589326
LIFNMLYWI,HLA-A0201,2.8293,1,5,0.3082,0.8377,4.5642,HLA-A*02:01,30418433,LIFNMLYWI,LIFNMFYWI,0,0,444.0,436.0,False,Conserved,0,LIFNMLYWI,0,LIFNMLYWI,5,1.791759469228055,LIFNMFYWI,0.06144799999999995,LIFNMLYWI,LIFNMLYWI,LIFNMFYWI,Positive,9,9,9,9,9,9,"1,3,8",0.938552,5,1.791759469228055,substitution,1.0,1.6131905418301347,Positive_all,1,cedar,2.8293,LIFNMFYWI,4.5642,LIFNMFYWI,True,0.47642504564369964
LIQRINLKK,HLA-A1101,0.2557,0,5,0.1781,0.6354,0.3378,HLA-A*11:01,27198675,LIQRINLKK,LIQRINLRK,0,0,226.0,218.0,False,Conserved,2,LIQRINLKK,2,LIQRINLKK,7,0.6931471805599453,LIQRINLRK,0.023248999999999964,LIQRINLKK,LIQRINLKK,LIQRINLRK,Negative,9,9,9,9,9,9,"0,1,8",0.976751,7,0.6931471805599453,substitution,0.0,1.3210793899100508,Negative,1,cedar,0.2557,LIQRINLRK,0.3378,LIQRINLRK,True,0.17052596057768382
LISGPSVGV,HLA-A0202,0.4558,0,5,0.1826,0.6242,0.3034,HLA-A*02:02,33479501,LISGPSVGV,SISGPSVGV,0,0,61.0,53.0,False,Conserved,-2,LISGPSVGV,-2,LISGPSVGV,0,0.6931471805599453,SISGPSVGV,0.023195999999999994,LISGPSVGV,LISGPSVGV,SISGPSVGV,Negative,9,9,9,9,9,9,"1,3,8",0.976804,0,0.6931471805599453,substitution,0.0,0.6656428258007898,Negative,1,cedar,0.4558,SISGPSVGV,0.3034,SISGPSVGV,True,0.13520037462698242
LLDIWDGIPHV,HLA-A0201,0.0333,0,5,0.1809,0.7603,0.0684,HLA-A*02:01,31511069,LLDIWDGIPHV,WLDIWDGIPHV,0,0,222.0,212.0,False,Conserved,-2,LLWDGIPHV,-2,LLWDGIPHV,0,0.0,WLWDGIPHV,0.023360000000000047,LLDIWDGIPHV,LLDIWDGIPHV,WLDIWDGIPHV,Negative,11,11,11,11,11,11,"1,3,8",0.97664,0,0.0,substitution,0.0,2.054054054054054,Negative,1,cedar,0.0333,WLDIWDGIPHV,0.0684,WLWDGIPHV,True,0.48313518690773066
LLGGNSFEV,HLA-A0206,0.3718,0,5,0.0372,0.9238,1.0618,HLA-A*02:06,"34244308,34244308",LLGGNSFEV,LLGRNSFEV,0,0,272.0,264.0,True,Conserved,-2,LLGGNSFEV,-2,LLGGNSFEV,3,1.791759469228055,LLGRNSFEV,0.09673799999999999,LLGGNSFEV,LLGGNSFEV,LLGRNSFEV,Negative,9,9,9,9,9,9,"1,3,8",0.903262,3,1.791759469228055,substitution,0.0,2.8558364712210866,"Negative,Negative",2,cedar,0.3718,LLGRNSFEV,1.0618,LLGRNSFEV,True,0.16144383446603003
LLQVYCEMYGL,HLA-A0201,3.8084,0,5,1.9483,0.622,5.3155,HLA-A*02:01,31511069,QVYCEMYGL,LQVDCEMYGL,2,1,362.0,352.0,True,Conserved,-3,LLYCEMYGL,-8,QVYCEMYGL,"0,1,2,3",0.6931471805599453,LQVDEMYGL,0.13450600000000001,LLQVYCEMYGL,QVYCEMYGL,LQVDCEMYGL,Negative,11,9,10,9,10,11,"1,3,8",0.865494,4,0.6931471805599453,substitution,0.0,1.395730490494696,Negative,1,cedar,7.6714,LLQVDCEMYGL,8.9068,LLDCEMYGL,True,0.31009081290258567
LLSPDLIRNEV,HLA-A0201,0.2528,0,5,0.6472,0.6399,4.0835,HLA-A*02:01,31511069,LLSPDLIRNEV,PLSPDLIRNEV,0,0,246.0,236.0,False,Improved,-3,LLSPDLIEV,-3,LLSPDLIEV,0,1.3862943611198906,PLSPDLIEV,0.018568999999999947,LLSPDLIRNEV,LLSPDLIRNEV,PLSPDLIRNEV,Negative,11,11,11,11,11,11,"1,3,8",0.981431,0,1.3862943611198906,substitution,0.0,16.153085443037973,Negative,1,cedar,0.2528,PLSPDLIRNEV,4.0835,PLSPDLIEV,True,0.15116469442657599
LMGTEQLFTEL,HLA-A0201,6.4921,0,5,4.6642,0.4226,6.6584,HLA-A*02:01,27198675,GTEQLFTEL,LMGTEQLSTEL,2,0,1874.0,1864.0,True,Conserved,-2,LMGTEQTEL,-15,GTEQLFTEL,"0,1,2,3,4,5,6",1.0986122886681098,LMGTEQLEL,0.12695999999999996,LMGTEQLFTEL,GTEQLFTEL,LMGTEQLSTEL,Negative,11,9,11,9,11,11,"1,3,8",0.87304,7,0.6931471805599453,substitution,0.0,1.0256157483710973,Negative,1,cedar,6.9334,LMGTEQLSTEL,6.6584,LMGTEQLEL,True,0.14103177303425526
LPGFSGLRGI,HLA-B0702,2.1365,0,5,0.1671,0.366,1.3859,HLA-B*07:02,27198675,LPGFSGLRGI,LPGFPGLRGI,0,0,1195.0,1186.0,False,Conserved,-1,LPFSGLRGI,-1,LPFSGLRGI,3,1.3862943611198906,LPFPGLRGI,0.07813700000000001,LPGFSGLRGI,LPGFSGLRGI,LPGFPGLRGI,Negative,10,10,10,10,10,10,"1,8",0.921863,4,1.3862943611198906,substitution,0.0,0.648677743973789,Negative,1,cedar,2.1365,LPGFPGLRGI,1.3859,LPFPGLRGI,True,0.10600879358467483
LPGLPGNGL,HLA-B0702,0.1186,0,5,0.2373,0.3353,1.3194,HLA-B*07:02,27198675,LPGLPGNGL,PPGLPGNGL,0,0,623.0,615.0,False,Improved,-3,LPGLPGNGL,-3,LPGLPGNGL,0,1.3862943611198906,PPGLPGNGL,0.036070999999999964,LPGLPGNGL,LPGLPGNGL,PPGLPGNGL,Negative,9,9,9,9,9,9,"1,8",0.963929,0,1.3862943611198906,substitution,0.0,11.124789207419898,Negative,1,cedar,0.1186,PPGLPGNGL,1.3194,PPGLPGNGL,True,0.28670608930345026
LPGLPGNGLPG,HLA-B0702,0.1186,0,5,5.2683,0.1674,1.3194,HLA-B*07:02,27198675,LPGLPGNGL,PPGLPGNGL,0,0,625.0,615.0,False,Improved,-3,LPGLPGNGL,-3,LPGLPGNGL,0,1.3862943611198906,PPGLPGNGL,0.036070999999999964,LPGLPGNGL,LPGLPGNGL,PPGLPGNGL,Negative,11,9,9,9,9,11,"1,8",0.963929,0,1.3862943611198906,substitution,0.0,11.124789207419898,Negative,1,cedar,11.5806,PPGLPGNGLPG,61.4286,PPGLPGNPG,True,0.14883313703231668
LPPEMTVARSL,HLA-B3501,1.9934,0,5,0.5574,0.2451,1.9934,HLA-B*35:01,27198675,LPPEMTVAR,LPPEMTVAR,0,0,663.0,653.0,False,Conserved,-2,LPPEMTVAL,5,LPPEMTVAR,-1,,LPPEMTVAR,0.0,LPPEMTVARSL,LPPEMTVAR,LPPEMTVAR,Negative,11,9,9,9,9,11,"1,8",1.0,10,0.6931471805599453,substitution,0.0,1.0,Negative,1,cedar,2.4434,LPPEMTVARSS,13.1863,LPPEMTVAS,True,0.11552357183602067
LPPEMTVARSL,HLA-B0702,0.4727,0,5,0.5574,0.2451,3.7746,HLA-B*07:02,27198675,LPPEMTVARSL,LPPEMTVAR,0,0,663.0,653.0,True,Improved,-2,LPPEMTVAL,-6,LPMTVARSL,"2,3,4,5,6,7,8",2.5649493574615367,LPPEMTVAR,0.05088999999999999,LPPEMTVARSL,LPPEMTVARSL,LPPEMTVAR,Negative,11,11,9,11,9,11,"1,8",0.94911,10,0.6931471805599453,substitution,0.0,7.985191453353078,Negative,1,cedar,0.4727,LPPEMTVARSS,9.8557,LPMTVARSS,True,0.12315380345990763
LSIGTSYRY,HLA-B1501,0.5721,0,5,0.063,0.7554,0.5665,HLA-B*15:01,27198675,LSIGTSYRY,LSIGTPYRY,0,0,402.0,394.0,False,Conserved,-1,LSIGTSYRY,-1,LSIGTSYRY,5,1.3862943611198906,LSIGTPYRY,0.08522399999999997,LSIGTSYRY,LSIGTSYRY,LSIGTPYRY,Negative,9,9,9,9,9,9,"1,8",0.914776,5,1.3862943611198906,substitution,0.0,0.9902115014857542,Negative,1,cedar,0.5721,LSIGTPYRY,0.5665,LSIGTPYRY,True,0.15337040329916155
LSVEFSEMM,HLA-B1501,6.1475,0,5,0.2965,0.5967,5.4674,HLA-B*15:01,27198675,LSVEFSEMM,LSVEFPEMM,0,0,909.0,901.0,False,Conserved,-1,LSVEFSEMM,-1,LSVEFSEMM,5,1.3862943611198906,LSVEFPEMM,0.08155299999999999,LSVEFSEMM,LSVEFSEMM,LSVEFPEMM,Negative,9,9,9,9,9,9,"1,8",0.918447,5,1.3862943611198906,substitution,0.0,0.8893696624644164,Negative,1,cedar,6.1475,LSVEFPEMM,5.4674,LSVEFPEMM,True,0.19914467854282658
LVLLFLRDPYV,HLA-A0201,0.1009,0,5,1.6231,0.6519,0.1009,HLA-A*02:01,27198675,LLFLRDPYV,LLFLRDPYV,2,2,142.0,132.0,False,Conserved,-3,LLFLRDPYV,4,LLFLRDPYV,-1,,LLFLRDPYV,0.0,LVLLFLRDPYV,LLFLRDPYV,LLFLRDPYV,Negative,11,9,9,9,9,11,"1,3,8",1.0,0,1.3862943611198906,substitution,0.0,1.0,Negative,1,cedar,2.7097,PVLLFLRDPYV,12.4667,VLFLRDPYV,True,0.20666616847551522
LVRDRWQKV,HLA-B0702,2.3325,0,5,0.7449,0.4058,2.3545,HLA-B*07:02,27198675,LVRDRWQKV,LVRDRWHKV,0,0,37.0,29.0,False,Conserved,0,LVRDRWQKV,0,LVRDRWQKV,6,1.3862943611198906,LVRDRWHKV,0.07827799999999996,LVRDRWQKV,LVRDRWQKV,LVRDRWHKV,Negative,9,9,9,9,9,9,"1,8",0.921722,6,1.3862943611198906,substitution,0.0,1.0094319399785636,Negative,1,cedar,2.3325,LVRDRWHKV,2.3545,LVRDRWHKV,True,0.1171545074083224
LVRDRWQKVLV,HLA-B0702,2.2681,0,5,5.0567,0.3193,2.1993,HLA-B*07:02,27198675,LVRDRWQKVL,LVRDRWHKVL,0,0,39.0,29.0,True,Conserved,0,LVRDRWVLV,-1,LVRDRWQVL,"5,6",0.6931471805599453,LVRDRHKVL,0.07567599999999997,LVRDRWQKVLV,LVRDRWQKVL,LVRDRWHKVL,Negative,11,10,10,10,10,11,"1,8",0.924324,6,1.3862943611198906,substitution,0.0,0.9696662404655879,Negative,1,cedar,14.6024,LVRDRWHKVLV,13.7075,LVRDHKVLV,True,0.15335107844509943
MASGDHSAY,HLA-B3501,0.0151,0,5,0.0079,0.8995,0.0218,HLA-B*35:01,33262196,MASGDHSAY,MASGDYSAY,0,0,241.0,233.0,False,Conserved,2,MASGDHSAY,2,MASGDHSAY,5,0.6931471805599453,MASGDYSAY,0.06804900000000003,MASGDHSAY,MASGDHSAY,MASGDYSAY,Negative,9,9,9,9,9,9,"1,8",0.931951,5,0.6931471805599453,substitution,0.0,1.4437086092715232,Negative,1,cedar,0.0151,MASGDYSAY,0.0218,MASGDYSAY,True,0.18155404914574869
MEAVALVGAW,HLA-B4403,0.2926,0,5,0.0075,0.6663,0.2724,HLA-B*44:03,24323902,MEAVALVGAW,MEALALVGAW,0,0,31.0,22.0,False,Conserved,1,MEAVALVAW,1,MEAVALVAW,3,1.791759469228055,MEALALVAW,0.02790400000000004,MEAVALVGAW,MEAVALVGAW,MEALALVGAW,Negative,10,10,10,10,10,10,"1,8",0.972096,3,1.791759469228055,substitution,0.0,0.9309637730690361,Negative,1,cedar,0.2926,MEALALVGAW,0.2724,MEALALVAW,True,0.20178144979682255
MEAVALVGAWY,HLA-B4403,0.2926,0,5,0.1721,0.5255,0.2724,HLA-B*44:03,24323902,MEAVALVGAW,MEALALVGAW,0,0,32.0,22.0,False,Conserved,1,MEAVALVGY,1,MEAVALVAW,3,1.791759469228055,MEALALVAW,0.02790400000000004,MEAVALVGAWY,MEAVALVGAW,MEALALVGAW,Negative,11,10,10,10,10,11,"1,8",0.972096,3,1.791759469228055,substitution,0.0,0.9309637730690361,Negative,1,cedar,0.9921,MEALALVGAWY,0.9055,MEALALVGY,True,0.15547803087367543
METLHIIYLEA,HLA-B4402,0.4132,1,5,1.2635,0.2537,0.8675,HLA-B*44:02,32226429,METLHIIYL,METLHIIY,0,0,11.0,1.0,True,Conserved,-2,METLHILEA,-7,METLHIIYL,"7,8",,METLHII-Y,0.04491500000000004,METLHIIYLEA,METLHIIYL,METLHIIY,Positive,11,9,8,9,8,11,"1,8",0.955085,8,0.6931471805599453,substitution,1.0,2.0994675701839305,Positive_all,1,cedar,13.2234,METLHIIYSEA,13.5426,METLHIIEA,True,0.19614173869218227
MISPNSFFH,HLA-A0301,1.2023,0,5,0.6336,0.5082,1.2879,HLA-A*03:01,31511069,MISPNSFFH,TISPNSFFH,0,0,179.0,171.0,True,Conserved,-1,MISPNSFFH,-1,MISPNSFFH,0,0.0,TISPNSFFH,0.02173400000000003,MISPNSFFH,MISPNSFFH,TISPNSFFH,Negative,9,9,9,9,9,9,"0,1,8",0.978266,0,0.0,substitution,0.0,1.0711968726607337,Negative,1,cedar,1.2023,TISPNSFFH,1.2879,TISPNSFFH,True,0.23229847939650364
MLMLAVIVA,HLA-A0201,2.1606,1,5,0.7319,0.7594,1.8384,HLA-A*02:01,30418433,MLMLAVIVA,MLMFAVIVA,0,0,52.0,44.0,True,Conserved,0,MLMLAVIVA,0,MLMLAVIVA,3,1.791759469228055,MLMFAVIVA,0.04544199999999998,MLMLAVIVA,MLMLAVIVA,MLMFAVIVA,Positive,9,9,9,9,9,9,"1,3,8",0.954558,3,1.791759469228055,substitution,1.0,0.8508747570119412,Positive_all,1,cedar,2.1606,MLMFAVIVA,1.8384,MLMFAVIVA,True,0.30380314438559736
MLVRRTEGI,HLA-A0201,2.7221,0,5,0.6098,0.703,1.3117,HLA-A*02:01,31511069,MLVRRTEGI,MLVRGTEGI,0,0,134.0,126.0,False,Conserved,-2,MLVRRTEGI,-2,MLVRRTEGI,4,1.791759469228055,MLVRGTEGI,0.09730499999999997,MLVRRTEGI,MLVRRTEGI,MLVRGTEGI,Negative,9,9,9,9,9,9,"1,3,8",0.902695,4,1.791759469228055,substitution,0.0,0.4818706145990228,Negative,1,cedar,2.7221,MLVRGTEGI,1.3117,MLVRGTEGI,True,0.1598809652265988
MPGRSSSNSA,HLA-B0702,0.4125,0,5,0.0223,0.6069,2.133,HLA-B*07:02,31511069,MPGRSSSNSA,MPGRSSSNSG,0,0,10.0,1.0,True,Improved,0,MPRSSSNSA,0,MPRSSSNSA,8,1.3862943611198906,MPRSSSNSG,0.010333000000000037,MPGRSSSNSA,MPGRSSSNSA,MPGRSSSNSG,Negative,10,10,10,10,10,10,"1,8",0.989667,9,1.3862943611198906,substitution,0.0,5.170909090909091,Negative,1,cedar,0.4125,MPGRSSSNSG,2.133,MPRSSSNSG,True,0.0750221139497551
MTEHHAGRY,HLA-A0101,0.0123,0,5,0.0112,0.7757,0.0182,HLA-A*01:01,31511069,MTEHHAGRY,ITEHHAGRY,0,0,96.0,88.0,False,Conserved,1,MTEHHAGRY,1,MTEHHAGRY,0,1.0986122886681098,ITEHHAGRY,0.014657999999999949,MTEHHAGRY,MTEHHAGRY,ITEHHAGRY,Negative,9,9,9,9,9,9,"1,2,8",0.985342,0,1.0986122886681098,substitution,0.0,1.4796747967479675,Negative,1,cedar,0.0123,ITEHHAGRY,0.0182,ITEHHAGRY,True,0.25449249247855193
MTFSSTKDYV,HLA-A0201,5.4517,0,5,0.0093,0.8901,10.7232,HLA-A*02:01,33479501,MTFSSTKDYV,MTFSSTKDL,0,0,96.0,87.0,True,Conserved,-2,MTFSSTKYV,-3,MTFSSTDYV,"6,7,8",2.0794415416798357,MTFSSTKDL,0.049051999999999985,MTFSSTKDYV,MTFSSTKDYV,MTFSSTKDL,Negative,10,10,9,10,9,10,"1,3,8",0.950948,"8,9",-1.0,substitution,0.0,1.9669460902103932,Negative,1,cedar,5.4517,MTFSSTKDLC,23.3091,MTFSSTKLC,True,0.11016215034707735
MTSPHFIEFV,HLA-A0201,2.8963,0,5,0.0112,0.8778,4.1146,HLA-A*02:01,31511069,TSPHFIEFV,MTSPRFIEFV,1,0,138.0,129.0,True,Conserved,0,MTSPHFIEV,-3,TSPHFIEFV,"0,1,2,3",2.5649493574615367,MTSPFIEFV,0.12151199999999995,MTSPHFIEFV,TSPHFIEFV,MTSPRFIEFV,Negative,10,9,10,9,10,10,"1,3,8",0.878488,4,0.6931471805599453,substitution,0.0,1.420640127058661,Negative,1,cedar,3.0686,MTSPRFIEFV,4.1146,MTSPFIEFV,True,0.2158044366880723
NPLMCRLLGI,HLA-A0201,8.4252,0,5,0.5175,0.2638,26.8947,HLA-A*02:01,"34244308,34244308",PLMCRLLGI,HVCRLLGI,1,2,780.0,771.0,True,Conserved,-2,NPLMRLLGI,-8,PLMCRLLGI,"0,1,2,3",1.6094379124341003,HVC-RLLGI,0.127625,NPLMCRLLGI,PLMCRLLGI,HVCRLLGI,Negative,10,9,8,9,8,10,"1,3,8",0.872375,"2,3",1.0986122886681098,substitution,0.0,3.192173479561316,"Negative,Negative",2,cedar,10.3407,NPHVCRLLGI,71.25,NPHVRLLGI,True,0.17776627192950778
NPLVNSLSLEF,HLA-B0702,0.1929,0,5,0.4955,0.4838,0.4028,HLA-B*07:02,27198675,NPLVNSLSL,NPPVNSLSL,0,0,74.0,64.0,False,Conserved,-3,NPNSLSLEF,-3,NPLVNSLSL,2,1.3862943611198906,NPPVNSLSL,0.08501099999999995,NPLVNSLSLEF,NPLVNSLSL,NPPVNSLSL,Negative,11,9,9,9,9,11,"1,8",0.914989,2,1.3862943611198906,substitution,0.0,2.08812856402281,Negative,1,cedar,1.5361,NPPVNSLSLEF,1.562,NPNSLSLEF,True,0.10812678000665214
NVDMRTISF,HLA-B0801,0.1247,0,5,0.1468,0.4963,0.3588,HLA-B*08:01,30556813,NVDMRTISF,KVDMRTISF,0,0,101.0,93.0,False,Conserved,0,NVDMRTISF,0,NVDMRTISF,0,1.3862943611198906,KVDMRTISF,0.02113799999999999,NVDMRTISF,NVDMRTISF,KVDMRTISF,Negative,9,9,9,9,9,9,"1,4,8",0.978862,0,1.3862943611198906,substitution,0.0,2.8773055332798716,Negative,1,cedar,0.1247,KVDMRTISF,0.3588,KVDMRTISF,True,0.2653926660478883
NYMISPNSFF,HLA-A2402,0.0091,0,5,0.0332,0.738,0.0392,HLA-A*24:02,31511069,NYMISPNSF,NYTISPNSF,0,0,178.0,169.0,False,Conserved,-1,NYMSPNSFF,-1,NYMISPNSF,2,0.0,NYTISPNSF,0.064164,NYMISPNSFF,NYMISPNSF,NYTISPNSF,Negative,10,9,9,9,9,10,"1,8",0.935836,2,0.0,substitution,0.0,4.3076923076923075,Negative,1,cedar,0.0556,NYTISPNSFF,0.1114,NYISPNSFF,True,0.2704813926468059
NYNENTGEKL,HLA-A2402,0.808,0,5,2.515,0.2279,9.0218,HLA-A*24:02,27198675,NYNENTGEKL,NHNENTGEKL,0,0,157.0,148.0,True,Improved,2,NYNENTEKL,2,NYNENTEKL,1,0.6931471805599453,NHNENTEKL,0.03207199999999999,NYNENTGEKL,NYNENTGEKL,NHNENTGEKL,Negative,10,10,10,10,10,10,"1,8",0.967928,1,0.6931471805599453,substitution,0.0,11.16559405940594,Negative,1,cedar,0.808,NHNENTGEKL,9.0218,NHNENTEKL,True,0.1469689078518522
PPEMTVARSL,HLA-B0702,2.0842,0,5,1.4961,0.3346,28.15,HLA-B*07:02,27198675,PPEMTVARSL,PPEMTVAR,0,0,663.0,654.0,True,Conserved,-2,PPMTVARSL,-12,PPMTVARSL,"0,2,3,4,5,6,7,8",2.302585092994046,-PPEMTVAR,0.07016,PPEMTVARSL,PPEMTVARSL,PPEMTVAR,Negative,10,10,8,10,8,10,"1,8",0.92984,9,0.6931471805599453,substitution,0.0,13.50638134536033,Negative,1,cedar,2.0842,PPEMTVARSS,30.9412,PPMTVARSS,True,0.10803930867404497
PPRGFSPYL,HLA-B0702,0.3351,0,5,0.6536,0.4643,0.3225,HLA-B*07:02,27198675,PPRGFSPYL,PPRGFPPYL,0,0,1371.0,1363.0,False,Conserved,-1,PPRGFSPYL,-1,PPRGFSPYL,5,1.3862943611198906,PPRGFPPYL,0.091252,PPRGFSPYL,PPRGFSPYL,PPRGFPPYL,Negative,9,9,9,9,9,9,"1,8",0.908748,5,1.3862943611198906,substitution,0.0,0.9623992837958818,Negative,1,cedar,0.3351,PPRGFPPYL,0.3225,PPRGFPPYL,True,0.13650689706041094
PWWNFGSLL,HLA-A2402,0.8092,1,5,0.4155,0.4867,0.8822,HLA-A*24:02,"34270940,34270940",PWWNFGSLL,AWWNFGSLL,0,0,37.0,29.0,False,Conserved,-1,PWWNFGSLL,-1,PWWNFGSLL,0,1.3862943611198906,AWWNFGSLL,0.036076,PWWNFGSLL,PWWNFGSLL,AWWNFGSLL,Negative,9,9,9,9,9,9,"1,8",0.963924,0,1.3862943611198906,substitution,0.0,1.0902125556104794,"Negative,Negative",2,cedar,0.8092,AWWNFGSLL,0.8822,AWWNFGSLL,True,0.18210751535984557
QIKLHLSPK,HLA-A3001,0.2078,0,5,0.1735,0.6803,0.2674,HLA-A*30:01,24323902,QIKLHLSPK,QIKLHLSAK,0,0,847.0,839.0,False,Conserved,-1,QIKLHLSPK,-1,QIKLHLSPK,7,1.3862943611198906,QIKLHLSAK,0.049470000000000014,QIKLHLSPK,QIKLHLSPK,QIKLHLSAK,Negative,9,9,9,9,9,9,"0,1,2,8",0.95053,7,1.3862943611198906,substitution,0.0,1.2868142444658326,Negative,1,cedar,0.2078,QIKLHLSAK,0.2674,QIKLHLSAK,True,0.13886712002383444
QLALSIGTSY,HLA-B1501,0.1047,0,5,0.1724,0.6799,0.4783,HLA-B*15:01,27198675,QLALSIGTSY,QLALSIGTPY,0,0,400.0,391.0,False,Conserved,-1,QLASIGTSY,-1,QLASIGTSY,7,1.3862943611198906,QLASIGTPY,0.03591500000000003,QLALSIGTSY,QLALSIGTSY,QLALSIGTPY,Negative,10,10,10,10,10,10,"1,8",0.964085,8,1.3862943611198906,substitution,0.0,4.56829035339064,Negative,1,cedar,0.1047,QLALSIGTPY,0.4783,QLASIGTPY,True,0.17947786508804445
QLANGAFKV,HLA-A0201,0.1221,0,5,0.1439,0.8091,0.285,HLA-A*02:01,31511069,QLANGAFKV,QLANGALKV,0,0,22.0,14.0,False,Conserved,0,QLANGAFKV,0,QLANGAFKV,6,1.791759469228055,QLANGALKV,0.04915499999999995,QLANGAFKV,QLANGAFKV,QLANGALKV,Negative,9,9,9,9,9,9,"1,3,8",0.950845,6,1.791759469228055,substitution,0.0,2.334152334152334,Negative,1,cedar,0.1221,QLANGALKV,0.285,QLANGALKV,True,0.12868671057257738
QLLVSLWGL,HLA-A0201,0.4449,1,5,0.1724,0.8734,0.4643,HLA-A*02:01,30418433,QLLVSLWGL,LLLVSLWGL,0,0,20.0,12.0,False,Conserved,-2,QLLVSLWGL,-2,QLLVSLWGL,0,0.6931471805599453,LLLVSLWGL,0.022884000000000015,QLLVSLWGL,QLLVSLWGL,LLLVSLWGL,Positive,9,9,9,9,9,9,"1,3,8",0.977116,0,0.6931471805599453,substitution,1.0,1.043605304562823,Positive_all,1,cedar,0.4449,LLLVSLWGL,0.4643,LLLVSLWGL,True,0.23214730255224655
QVWNPSFCFK,HLA-A1102,0.1163,0,5,0.0173,0.8159,0.1902,HLA-A*11:02,"33262196,33262196",QVWNPSFCFK,QVWKPSFCFK,0,0,929.0,920.0,False,Conserved,0,QVWNPSFFK,0,QVWNPSFFK,3,1.3862943611198906,QVWKPSFFK,0.07272299999999998,QVWNPSFCFK,QVWNPSFCFK,QVWKPSFCFK,Negative,10,10,10,10,10,10,"0,1,8",0.927277,3,1.3862943611198906,substitution,0.0,1.6354256233877902,"Negative,Negative",2,cedar,0.1163,QVWKPSFCFK,0.1902,QVWKPSFFK,True,0.3133432095168201
RFHTPMYFF,HLA-A2402,0.0454,0,5,0.0421,0.7212,0.0519,HLA-A*24:02,30880120,RFHTPMYFF,KFHTPMYFF,0,0,64.0,56.0,False,Conserved,2,RFHTPMYFF,2,RFHTPMYFF,0,0.6931471805599453,KFHTPMYFF,0.013684999999999947,RFHTPMYFF,RFHTPMYFF,KFHTPMYFF,Negative,9,9,9,9,9,9,"1,8",0.986315,0,0.6931471805599453,substitution,0.0,1.1431718061674008,Negative,1,cedar,0.0454,KFHTPMYFF,0.0519,KFHTPMYFF,True,0.31833302349000975
RFKDIFQEM,HLA-C1402,0.0166,0,5,0.0342,0.8173,0.2167,HLA-C*14:02,"34244308,34244308",RFKDIFQEM,RFKDIFQEI,0,0,230.0,222.0,True,Conserved,1,RFKDIFQEM,1,RFKDIFQEM,8,1.0986122886681098,RFKDIFQEI,0.015236000000000027,RFKDIFQEM,RFKDIFQEM,RFKDIFQEI,Negative,9,9,9,9,9,9,"1,8",0.984764,8,1.0986122886681098,substitution,0.0,13.05421686746988,"Negative,Negative",2,cedar,0.0166,RFKDIFQEI,0.2167,RFKDIFQEI,True,0.4155675372135115
RKEASSRHFL,HLA-B0702,3.5924,0,5,0.382,0.5171,1.4355,HLA-B*07:02,27198675,KEASSRHFL,KEASSRHSL,1,1,220.0,211.0,False,Conserved,-2,REASSRHFL,-2,KEASSRHFL,7,0.6931471805599453,KEASSRHSL,0.05215700000000001,RKEASSRHFL,KEASSRHFL,KEASSRHSL,Negative,10,9,9,9,9,10,"1,8",0.947843,8,0.6931471805599453,substitution,0.0,0.3995935864603051,Negative,1,cedar,7.516,RKEASSRHSL,3.1172,REASSRHSL,True,0.08566177800485958
RLDWYSLMTSL,HLA-A0201,1.2728,0,5,1.3509,0.6814,1.3149,HLA-A*02:01,31511069,RLDWYSLMTSL,RLDWDSLMTS,0,0,86.0,76.0,True,Conserved,-3,RLYSLMTSL,0,RLYSLMTSL,"2,3,4,5,6,7,8",2.5649493574615367,RLWDSLMTS,0.11863699999999999,RLDWYSLMTSL,RLDWYSLMTSL,RLDWDSLMTS,Negative,11,11,10,11,10,11,"1,3,8",0.881363,4,0.6931471805599453,substitution,0.0,1.0330766813324954,Negative,1,cedar,1.2728,RLDWDSLMTSL,1.4121,RLDSLMTSL,True,0.10743015887680403
RLFEYLRLTSL,HLA-A0201,0.1661,0,5,0.3769,0.7466,2.9859,HLA-A*02:01,27198675,RLFEYLRLTSL,FEYLRLTSL,0,2,140.0,130.0,True,Improved,-3,RLFERLTSL,-8,RLFEYLTSL,"0,1,2,3,4",0.6931471805599453,FEYLRLTSL,0.05521600000000004,RLFEYLRLTSL,RLFEYLRLTSL,FEYLRLTSL,Negative,11,11,9,11,9,11,"1,3,8",0.944784,1,1.3862943611198906,substitution,0.0,17.97652016857315,Negative,1,cedar,0.1661,RPFEYLRLTSL,10.9508,RPFERLTSL,True,0.24660661253530294
RLISGPSVGV,HLA-A0202,0.2251,0,5,0.1183,0.8226,0.3034,HLA-A*02:02,33479501,RLISGPSVGV,SISGPSVGV,0,1,61.0,52.0,True,Conserved,-2,RLISGPVGV,-4,RLISGPVGV,"0,1,2,3,4,5",2.8903717578961645,SISGPSVGV,0.05372699999999997,RLISGPSVGV,RLISGPSVGV,SISGPSVGV,Negative,10,10,9,10,9,10,"1,3,8",0.946273,1,0.6931471805599453,substitution,0.0,1.3478454020435362,Negative,1,cedar,0.2251,RSISGPSVGV,1.9979,RISGPSVGV,True,0.13258993216000797
RLLVHLQVI,HLA-A0201,0.6177,0,5,0.0479,0.4212,1.217,HLA-A*02:01,31511069,RLLVHLQVI,RLLVHLQVM,0,0,46.0,38.0,True,Conserved,1,RLLVHLQVI,1,RLLVHLQVI,8,1.0986122886681098,RLLVHLQVM,0.013318000000000052,RLLVHLQVI,RLLVHLQVI,RLLVHLQVM,Negative,9,9,9,9,9,9,"1,3,8",0.986682,8,1.0986122886681098,substitution,0.0,1.9702120770600615,Negative,1,cedar,0.6177,RLLVHLQVM,1.217,RLLVHLQVM,True,0.20340813996945434
RLSISFENL,HLA-A0201,1.2528,0,5,0.7571,0.6851,0.6345,HLA-A*02:01,"34244308,34244308",RLSISFENL,RLSISFENV,0,0,784.0,776.0,True,Conserved,1,RLSISFENL,1,RLSISFENL,8,1.791759469228055,RLSISFENV,0.012202999999999964,RLSISFENL,RLSISFENL,RLSISFENV,Negative,9,9,9,9,9,9,"1,3,8",0.987797,8,1.791759469228055,substitution,0.0,0.5064655172413793,"Negative,Negative",2,cedar,1.2528,RLSISFENV,0.6345,RLSISFENV,True,0.12888663782211027
RLVPYLEFL,HLA-A0201,0.0535,1,5,0.0407,0.8628,0.1025,HLA-A*02:01,30418433,RLVPYLEFL,RLGPYLEFL,0,0,1208.0,1200.0,False,Conserved,-3,RLVPYLEFL,-3,RLVPYLEFL,2,1.3862943611198906,RLGPYLEFL,0.089094,RLVPYLEFL,RLVPYLEFL,RLGPYLEFL,Positive,9,9,9,9,9,9,"1,3,8",0.910906,2,1.3862943611198906,substitution,1.0,1.9158878504672896,Positive_all,1,cedar,0.0535,RLGPYLEFL,0.1025,RLGPYLEFL,True,0.3596685851718424
RMFSAMRVK,HLA-A1101,0.3181,0,5,0.0115,0.8358,0.18,HLA-A*11:01,27198675,RMFSAMRVK,RMFPAMRVK,0,0,175.0,167.0,False,Conserved,-1,RMFSAMRVK,-1,RMFSAMRVK,3,1.3862943611198906,RMFPAMRVK,0.08210099999999998,RMFSAMRVK,RMFSAMRVK,RMFPAMRVK,Negative,9,9,9,9,9,9,"0,1,8",0.917899,3,1.3862943611198906,substitution,0.0,0.565859792518076,Negative,1,cedar,0.3181,RMFPAMRVK,0.18,RMFPAMRVK,True,0.17310775407297901
RMIGVGVAV,HLA-A0201,0.2615,0,5,0.0838,0.3896,8.8931,HLA-A*02:01,31511069,RMIGVGVAV,RIGVGVAV,0,1,467.0,459.0,True,Improved,-1,RMIGVGVAV,-5,RMIGVGVAV,"1,2",-1.0,RI-GVGVAV,0.06355999999999995,RMIGVGVAV,RMIGVGVAV,RIGVGVAV,Negative,9,9,8,9,8,9,"1,3,8",0.93644,1,0.0,substitution,0.0,34.00803059273423,Negative,1,cedar,0.2615,RRIGVGVAV,10.9865,RRIGVGVAV,True,0.3133837474782876
RMTGLPIPPEI,HLA-A0201,0.8213,0,5,0.5419,0.2655,0.7169,HLA-A*02:01,27198675,RMTGLPIPPEI,RMAGLPIPPEI,0,0,32.0,22.0,False,Conserved,0,RMLPIPPEI,4,RMLPIPPEI,-1,,RMLPIPPEI,0.029313000000000033,RMTGLPIPPEI,RMTGLPIPPEI,RMAGLPIPPEI,Negative,11,11,11,11,11,11,"1,3,8",0.970687,2,1.3862943611198906,substitution,0.0,0.8728844514793619,Negative,1,cedar,0.8213,RMAGLPIPPEI,0.7169,RMLPIPPEI,True,0.12024028237944101
RMYSGALLF,HLA-A0301,0.3637,0,5,0.0073,0.8677,1.794,HLA-A*03:01,31511069,RMYSGALLF,LMYSGALLF,0,0,73.0,65.0,True,Improved,-2,RMYSGALLF,-2,RMYSGALLF,0,1.3862943611198906,LMYSGALLF,0.026390000000000025,RMYSGALLF,RMYSGALLF,LMYSGALLF,Negative,9,9,9,9,9,9,"0,1,8",0.97361,0,1.3862943611198906,substitution,0.0,4.932636788562001,Negative,1,cedar,0.3637,LMYSGALLF,1.794,LMYSGALLF,True,0.1798376850596867
RPCPGDTTEV,HLA-C1403,15.3106,0,5,0.8606,0.4212,18.2877,HLA-C*14:03,24323902,RPCPGDTTEV,RPCPGDTTQV,0,0,4860.0,4851.0,False,Conserved,2,RPCPGTTEV,2,RPPGDTTEV,7,0.6931471805599453,RPPGDTTQV,0.019954000000000027,RPCPGDTTEV,RPCPGDTTEV,RPCPGDTTQV,Negative,10,10,10,10,10,10,"1,8",0.980046,8,0.6931471805599453,substitution,0.0,1.1944469844421512,Negative,1,cedar,15.3106,RPCPGDTTQV,18.2877,RPPGDTTQV,True,0.1650411218820737
RPCRRVCAV,HLA-B0702,0.4781,0,5,0.1563,0.6508,0.2102,HLA-B*07:02,31511069,RPCRRVCAV,RPGRRVCAV,0,0,33.0,25.0,False,Conserved,-3,RPCRRVCAV,-3,RPCRRVCAV,2,0.6931471805599453,RPGRRVCAV,0.10821700000000001,RPCRRVCAV,RPCRRVCAV,RPGRRVCAV,Negative,9,9,9,9,9,9,"1,8",0.891783,2,0.6931471805599453,substitution,0.0,0.43965697552813215,Negative,1,cedar,0.4781,RPGRRVCAV,0.2102,RPGRRVCAV,True,0.1998773844321065
RPHVPESAF,HLA-B0702,0.01,1,5,0.026,0.7929,0.0518,HLA-B*07:02,"16247014,16247014,16247014,16247014,16247014",RPHVPESAF,GPHVPESAF,0,0,4932.0,4924.0,False,Conserved,-2,RPHVPESAF,-2,RPHVPESAF,0,1.791759469228055,GPHVPESAF,0.035129999999999995,RPHVPESAF,RPHVPESAF,GPHVPESAF,Positive,9,9,9,9,9,9,"1,8",0.96487,0,1.791759469228055,substitution,0.8,5.18,"Positive_all,Positive_all,Positive_all,Negative,Positive_all",5,cedar,0.01,GPHVPESAF,0.0518,GPHVPESAF,True,0.18547122812341973
RPSVLLGDHL,HLA-B0702,0.4642,0,5,0.2176,0.6133,0.1616,HLA-B*07:02,31511069,RPSVLLGDHL,RPSVLRGDHL,0,0,422.0,413.0,True,Conserved,-2,RPSLLGDHL,-2,RPSLLGDHL,"3,5,6",2.6390573296152584,RPSVLRGHL,0.079349,RPSVLLGDHL,RPSVLLGDHL,RPSVLRGDHL,Negative,10,10,10,10,10,10,"1,8",0.920651,5,1.3862943611198906,substitution,0.0,0.34812580784144764,Negative,1,cedar,0.4642,RPSVLRGDHL,0.1616,RPSVLRGHL,True,0.1197227783391744
RQTPEPAEL,HLA-A0201,1.145,0,5,0.9904,0.2237,1.5372,HLA-A*02:01,27198675,RQTPEPAEL,RQTPEPAGL,0,0,196.0,188.0,False,Conserved,-2,RQTPEPAEL,-2,RQTPEPAEL,7,0.6931471805599453,RQTPEPAGL,0.055772000000000044,RQTPEPAEL,RQTPEPAEL,RQTPEPAGL,Negative,9,9,9,9,9,9,"1,3,8",0.944228,7,0.6931471805599453,substitution,0.0,1.342532751091703,Negative,1,cedar,1.145,RQTPEPAGL,1.5372,RQTPEPAGL,True,0.10465950529798099
RSRTPSLPTL,HLA-B0702,0.6288,0,5,0.0415,0.7736,2.155,HLA-B*07:02,27198675,RSRTPSLPTL,RSRTPSLPT,0,0,535.0,526.0,True,Improved,-3,RSRPSLPTL,-2,RSRTPSLTL,"7,8",1.3862943611198906,RSRTPSLPT,0.03135500000000002,RSRTPSLPTL,RSRTPSLPTL,RSRTPSLPT,Negative,10,10,9,10,9,10,"1,8",0.968645,9,1.3862943611198906,substitution,0.0,3.427162849872773,Negative,1,cedar,0.6288,RSRTPSLPTP,9.6544,RSRTPSLTP,True,0.08095362099040464
RSSSRLGVNEK,HLA-A0301,0.6396,0,5,0.2173,0.6615,0.4565,HLA-A*03:01,31511069,SSRLGVNEK,RSSSRLGVK,2,0,2869.0,2859.0,True,Conserved,0,RSRLGVNEK,-7,SSRLGVNEK,"0,2,3,4,5,6,7",3.332204510175204,RSSSRLGVK,0.16124700000000003,RSSSRLGVNEK,SSRLGVNEK,RSSSRLGVK,Negative,11,9,9,9,9,11,"0,1,8",0.838753,8,1.3862943611198906,substitution,0.0,0.7137273295809882,Negative,1,cedar,0.8734,RSSSRLGVKEK,1.125,RSSSGVKEK,True,0.072196180094628
RTDFLIQTVAK,HLA-A0301,0.4967,0,5,0.2923,0.643,0.4787,HLA-A*03:01,31511069,RTDFLIQTVAK,RTDFLIQTIAK,0,0,2115.0,2105.0,False,Conserved,3,RTLIQTVAK,3,RTLIQTVAK,6,1.0986122886681098,RTLIQTIAK,0.008658000000000055,RTDFLIQTVAK,RTDFLIQTVAK,RTDFLIQTIAK,Negative,11,11,11,11,11,11,"0,1,8",0.991342,8,1.0986122886681098,substitution,0.0,0.9637608214213812,Negative,1,cedar,0.4967,RTDFLIQTIAK,0.4787,RTLIQTIAK,True,0.18021158073934052
RVIHLLVEK,HLA-A0301,0.0167,1,5,0.0182,0.8126,0.0703,HLA-A*03:01,31511069,RVIHLLVEK,RVIHLLGEK,0,0,556.0,548.0,False,Conserved,-3,RVIHLLVEK,-3,RVIHLLVEK,6,1.3862943611198906,RVIHLLGEK,0.076928,RVIHLLVEK,RVIHLLVEK,RVIHLLGEK,Positive,9,9,9,9,9,9,"0,1,8",0.923072,6,1.3862943611198906,substitution,1.0,4.209580838323354,Positive_all,1,cedar,0.0167,RVIHLLGEK,0.0703,RVIHLLGEK,True,0.42197258646596525
RVLEAQSFI,HLA-A0201,1.1951,0,5,0.1806,0.3386,7.7786,HLA-A*02:01,31511069,RVLEAQSFI,RVREAQSFI,0,0,173.0,165.0,False,Improved,-2,RVLEAQSFI,-2,RVLEAQSFI,2,1.3862943611198906,RVREAQSFI,0.06699500000000003,RVLEAQSFI,RVLEAQSFI,RVREAQSFI,Negative,9,9,9,9,9,9,"1,3,8",0.933005,2,1.3862943611198906,substitution,0.0,6.508744038155802,Negative,1,cedar,1.1951,RVREAQSFI,7.7786,RVREAQSFI,True,0.14692386323809897
RWQKVLVNL,HLA-A2402,0.1659,0,5,0.1495,0.6077,0.2059,HLA-A*24:02,27198675,RWQKVLVNL,RWHKVLVNL,0,0,41.0,33.0,False,Conserved,0,RWQKVLVNL,0,RWQKVLVNL,2,1.3862943611198906,RWHKVLVNL,0.07221299999999997,RWQKVLVNL,RWQKVLVNL,RWHKVLVNL,Negative,9,9,9,9,9,9,"1,8",0.927787,2,1.3862943611198906,substitution,0.0,1.2411091018685956,Negative,1,cedar,0.1659,RWHKVLVNL,0.2059,RWHKVLVNL,True,0.22078696892953953
SASTESPAF,HLA-B3501,0.0735,0,5,0.0914,0.6948,7.904,HLA-B*35:01,27198675,SASTESPAF,SASTESPAS,0,0,191.0,183.0,True,Improved,-2,SASTESPAF,-2,SASTESPAF,8,0.6931471805599453,SASTESPAS,0.024534999999999973,SASTESPAF,SASTESPAF,SASTESPAS,Negative,9,9,9,9,9,9,"1,8",0.975465,8,0.6931471805599453,substitution,0.0,107.5374149659864,Negative,1,cedar,0.0735,SASTESPAS,7.904,SASTESPAS,True,0.08458996157618406
SFEAAAWYW,HLA-A2402,0.4999,0,5,0.7297,0.4028,1.0375,HLA-A*24:02,"34270940,34270940",SFEAAAWYW,GFEAAAWYW,0,0,242.0,234.0,False,Conserved,0,SFEAAAWYW,0,SFEAAAWYW,0,0.6931471805599453,GFEAAAWYW,0.01792499999999997,SFEAAAWYW,SFEAAAWYW,GFEAAAWYW,Negative,9,9,9,9,9,9,"1,8",0.982075,0,0.6931471805599453,substitution,0.0,2.0754150830166034,"Negative,Negative",2,cedar,0.4999,GFEAAAWYW,1.0375,GFEAAAWYW,True,0.10032608413339214
SFEAAAWYWHF,HLA-A2402,0.4999,0,5,0.4942,0.4602,1.0375,HLA-A*24:02,"34270940,34270940",SFEAAAWYW,GFEAAAWYW,0,0,244.0,234.0,False,Conserved,0,SFEAAYWHF,0,SFEAAAWYW,0,0.6931471805599453,GFEAAAWYW,0.01792499999999997,SFEAAAWYWHF,SFEAAAWYW,GFEAAAWYW,Negative,11,9,9,9,9,11,"1,8",0.982075,0,0.6931471805599453,substitution,0.0,2.0754150830166034,"Negative,Negative",2,cedar,0.9736,GFEAAAWYWHF,2.0354,GFEAAYWHF,True,0.1388032422464084
SIGDYYTCAR,HLA-A1101,3.9819,0,5,1.3498,0.3736,5.62,HLA-A*11:01,24323902,SIGDYYTCAR,SIGDYYACAR,0,0,344.0,335.0,False,Conserved,0,SIGDYYTAR,0,SIGDYYTAR,6,1.3862943611198906,SIGDYYAAR,0.053784000000000054,SIGDYYTCAR,SIGDYYTCAR,SIGDYYACAR,Negative,10,10,10,10,10,10,"0,1,8",0.946216,6,1.3862943611198906,substitution,0.0,1.411386524021196,Negative,1,cedar,3.9819,SIGDYYACAR,5.62,SIGDYYAAR,True,0.1594215160015474
SISFENLDTA,HLA-A0201,2.2641,0,5,1.6305,0.521,2.8933,HLA-A*02:01,"34244308,34244308",SISFENLDTA,SISFENVDTA,0,0,787.0,778.0,False,Conserved,1,SIFENLDTA,1,SIFENLDTA,5,1.791759469228055,SIFENVDTA,0.03312000000000004,SISFENLDTA,SISFENLDTA,SISFENVDTA,Negative,10,10,10,10,10,10,"1,3,8",0.96688,6,1.791759469228055,substitution,0.0,1.277902919482355,"Negative,Negative",2,cedar,2.2641,SISFENVDTA,2.8933,SIFENVDTA,True,0.0962796447305983
SIYFCIYFL,HLA-A0201,2.2404,0,5,0.3593,0.8266,0.99,HLA-A*02:01,31511069,SIYFCIYFL,SIYFCIHFL,0,0,163.0,155.0,False,Conserved,2,SIYFCIYFL,2,SIYFCIYFL,6,0.6931471805599453,SIYFCIHFL,0.06399500000000002,SIYFCIYFL,SIYFCIYFL,SIYFCIHFL,Negative,9,9,9,9,9,9,"1,3,8",0.936005,6,0.6931471805599453,substitution,0.0,0.44188537761114083,Negative,1,cedar,2.2404,SIYFCIHFL,0.99,SIYFCIHFL,True,0.3518224573491996
SLANFGGWV,HLA-A0201,1.5728,0,5,0.1326,0.816,3.369,HLA-A*02:01,33479501,SLANFGGWV,SLANSGGWV,0,0,477.0,469.0,False,Conserved,-2,SLANFGGWV,-2,SLANFGGWV,4,0.6931471805599453,SLANSGGWV,0.10001800000000005,SLANFGGWV,SLANFGGWV,SLANSGGWV,Negative,9,9,9,9,9,9,"1,3,8",0.899982,4,0.6931471805599453,substitution,0.0,2.142039674465921,Negative,1,cedar,1.5728,SLANSGGWV,3.369,SLANSGGWV,True,0.14648570152892068
SLGAQTAAA,HLA-A0201,1.921,0,5,1.0878,0.6405,60.0,HLA-A*02:01,31511069,SLGAQTAAA,SRGAQTAAA,0,0,34.0,26.0,True,Improved,-2,SLGAQTAAA,-2,SLGAQTAAA,1,1.3862943611198906,SRGAQTAAA,0.044645999999999963,SLGAQTAAA,SLGAQTAAA,SRGAQTAAA,Negative,9,9,9,9,9,9,"1,3,8",0.955354,1,1.3862943611198906,substitution,0.0,31.23373243102551,Negative,1,cedar,1.921,SRGAQTAAA,60.0,SRGAQTAAA,True,0.06188487537121826
SLHKGSLYPR,HLA-A0301,0.6094,0,5,0.1689,0.7222,5.8152,HLA-A*03:01,33479501,SLHKGSLYPR,PLHKGSLYPR,0,0,181.0,172.0,True,Improved,-1,SLKGSLYPR,-1,SLHKGSLYR,0,1.3862943611198906,PLHKGSLYR,0.01967300000000005,SLHKGSLYPR,SLHKGSLYPR,PLHKGSLYPR,Negative,10,10,10,10,10,10,"0,1,8",0.980327,0,1.3862943611198906,substitution,0.0,9.542500820479159,Negative,1,cedar,0.6094,PLHKGSLYPR,5.8152,PLHKGSLYR,True,0.07547780094281804
SLIVGGIVGI,HLA-A0201,0.3673,0,5,0.1437,0.8111,0.3729,HLA-A*02:01,31511069,SLIVGGIVGI,ALIVGGIVGI,0,0,158.0,149.0,False,Conserved,1,SLIGGIVGI,1,SLIGGIVGI,0,1.3862943611198906,ALIGGIVGI,0.006808999999999954,SLIVGGIVGI,SLIVGGIVGI,ALIVGGIVGI,Negative,10,10,10,10,10,10,"1,3,8",0.993191,0,1.3862943611198906,substitution,0.0,1.0152463925946094,Negative,1,cedar,0.3673,ALIVGGIVGI,0.3729,ALIGGIVGI,True,0.2557039191278271
SLQRLMLRKV,HLA-A0201,3.6772,0,5,1.6603,0.5837,4.3101,HLA-A*02:01,33479501,SLQRLMLRKV,SLQRLMLRRV,0,0,490.0,481.0,False,Conserved,2,SLQRLLRKV,2,SLQRLMLKV,7,0.6931471805599453,SLQRLMLRV,0.015186000000000033,SLQRLMLRKV,SLQRLMLRKV,SLQRLMLRRV,Negative,10,10,10,10,10,10,"1,3,8",0.984814,8,0.6931471805599453,substitution,0.0,1.1721146524529533,Negative,1,cedar,3.6772,SLQRLMLRRV,4.3101,SLQRLMLRV,True,0.14429695998455838
SLSKGDCQTL,HLA-A0201,1.8125,0,5,1.8532,0.5722,14.0993,HLA-A*02:01,31511069,SLSKGDCQTL,RSKGDCQTL,0,1,639.0,630.0,True,Improved,-2,SLSKGDQTL,-9,SLSKGDQTL,"0,1,2,3,4,5",2.302585092994046,RSKGDCQTL,0.05723699999999998,SLSKGDCQTL,SLSKGDCQTL,RSKGDCQTL,Negative,10,10,9,10,9,10,"1,3,8",0.942763,1,1.3862943611198906,substitution,0.0,7.7789241379310345,Negative,1,cedar,1.8125,SRSKGDCQTL,24.25,SSKGDCQTL,True,0.0780008506431914
SLVSEDFLSSV,HLA-A0201,0.2146,0,5,0.056,0.8544,0.697,HLA-A*02:01,27198675,SLVSEDFLSSV,SVSEDFLSSV,0,1,3333.0,3323.0,True,Conserved,-2,SLVDFLSSV,-1,SLVDFLSSV,"1,2",1.791759469228055,SVSDFLSSV,0.030742000000000047,SLVSEDFLSSV,SLVSEDFLSSV,SVSEDFLSSV,Negative,11,11,10,11,10,11,"1,3,8",0.969258,1,0.6931471805599453,substitution,0.0,3.247903075489282,Negative,1,cedar,0.2146,SSVSEDFLSSV,5.9824,SSVDFLSSV,True,0.14414409528204505
SLYLKIHLK,HLA-A0301,0.0085,0,5,0.0244,0.7782,0.0296,HLA-A*03:01,34518289,SLYLKIHLK,SSYLKIHLK,0,0,448.0,440.0,True,Conserved,-2,SLYLKIHLK,-2,SLYLKIHLK,1,0.6931471805599453,SSYLKIHLK,0.04681100000000005,SLYLKIHLK,SLYLKIHLK,SSYLKIHLK,Negative,9,9,9,9,9,9,"0,1,8",0.953189,1,0.6931471805599453,substitution,0.0,3.4823529411764707,Negative,1,cedar,0.0085,SSYLKIHLK,0.0296,SSYLKIHLK,True,0.4930503835186239
SLYTTEMDLR,HLA-A0301,0.9116,0,5,0.3125,0.5865,1.7702,HLA-A*03:01,31511069,SLYTTEMDLR,SLYTTERDLR,0,0,136.0,127.0,False,Conserved,-1,SLYTTEMLR,-1,SLYTTEMLR,6,0.0,SLYTTERLR,0.06890200000000002,SLYTTEMDLR,SLYTTEMDLR,SLYTTERDLR,Negative,10,10,10,10,10,10,"0,1,8",0.931098,6,0.0,substitution,0.0,1.9418604651162792,Negative,1,cedar,0.9116,SLYTTERDLR,1.7702,SLYTTERLR,True,0.1419686516950312
SPNQSSTSNEM,HLA-B0702,0.0879,0,5,0.3537,0.5559,0.1239,HLA-B*07:02,31511069,SPNQSSTSNEM,SPNQSNTSNEM,0,0,405.0,395.0,False,Conserved,1,SPNQSSTSM,1,SPNQSSTSM,5,0.6931471805599453,SPNQSNTSM,0.03678199999999998,SPNQSSTSNEM,SPNQSSTSNEM,SPNQSNTSNEM,Negative,11,11,11,11,11,11,"1,8",0.963218,5,0.6931471805599453,substitution,0.0,1.409556313993174,Negative,1,cedar,0.0879,SPNQSNTSNEM,0.1239,SPNQSNTSM,True,0.1219194520079196
SPPHPGRLPDL,HLA-B0702,0.3467,1,5,1.4136,0.3431,0.2472,HLA-B*07:02,32226429,SPPHPGRL,PPRPGRLPDL,0,1,1044.0,1034.0,True,Conserved,0,SPPHPGRLL,-17,SP-PHPGRL,"0,2,4,5,6,7",2.1972245773362196,PPRPGRLPL,0.23819400000000002,SPPHPGRLPDL,SPPHPGRL,PPRPGRLPDL,Positive,11,8,10,8,10,11,"1,8",0.761806,3,0.6931471805599453,substitution,1.0,0.7130083645803288,Positive_all,1,cedar,0.4687,SPPRPGRLPDL,0.5083,SPPRPGRLL,True,0.11013686484963137
SPPTSPVQTPL,HLA-B0702,0.1109,0,5,0.3082,0.5727,0.0305,HLA-B*07:02,27198675,SPPTSPVQTPL,SPPTSPVRTPL,0,0,877.0,867.0,False,Conserved,1,SPSPVQTPL,1,SPSPVQTPL,5,0.6931471805599453,SPSPVRTPL,0.03533900000000001,SPPTSPVQTPL,SPPTSPVQTPL,SPPTSPVRTPL,Negative,11,11,11,11,11,11,"1,8",0.964661,7,0.6931471805599453,substitution,0.0,0.2750225428313796,Negative,1,cedar,0.1109,SPPTSPVRTPL,0.0305,SPSPVRTPL,True,0.19704481558485812
SPWWNFGSLL,HLA-A2402,0.8092,1,5,0.0692,0.7246,0.8822,HLA-A*24:02,"34270940,34270940",PWWNFGSLL,AWWNFGSLL,1,1,37.0,28.0,False,Conserved,-1,SPWWNGSLL,-1,PWWNFGSLL,0,1.3862943611198906,AWWNFGSLL,0.036076,SPWWNFGSLL,PWWNFGSLL,AWWNFGSLL,Positive,10,9,9,9,9,10,"1,8",0.963924,1,1.3862943611198906,substitution,1.0,1.0902125556104794,"Positive_all,Positive_all",2,cedar,2.2243,SAWWNFGSLL,2.2276,SWWNFGSLL,True,0.13119312161596025
SQNSSTICCV,HLA-A0201,6.3016,0,5,0.4306,0.2807,2.8592,HLA-A*02:01,31511069,SQNSSTICCV,SQNSSTICSV,0,0,643.0,634.0,False,Conserved,-1,SQNSSTICV,-1,SQNSSTICV,7,1.3862943611198906,SQNSSTISV,0.03893000000000002,SQNSSTICCV,SQNSSTICCV,SQNSSTICSV,Negative,10,10,10,10,10,10,"1,3,8",0.96107,8,1.3862943611198906,substitution,0.0,0.4537260378316618,Negative,1,cedar,6.3016,SQNSSTICSV,2.8592,SQNSSTISV,True,0.1729791599570999
SQSPRSPPGK,HLA-A1101,0.3273,0,5,0.8646,0.5255,0.4161,HLA-A*11:01,31511069,SQSPRSPPGK,RSPRSPPGK,0,1,83.0,74.0,True,Conserved,1,SQSPRSPPK,-4,SQSPSPPGK,"0,1,2,3",2.6390573296152584,RSPRSPPGK,0.044433999999999974,SQSPRSPPGK,SQSPRSPPGK,RSPRSPPGK,Negative,10,10,9,10,9,10,"0,1,8",0.955566,1,0.6931471805599453,substitution,0.0,1.2713107241063246,Negative,1,cedar,0.3273,SRSPRSPPGK,1.3451,SSPRSPPGK,True,0.152994880893757
SQSPSSFSM,HLA-A0201,1.4008,0,5,0.0231,0.6658,5.1724,HLA-A*02:01,27198675,SQSPSSFSM,SQSPSSFST,0,0,1911.0,1903.0,True,Improved,-1,SQSPSSFSM,-1,SQSPSSFSM,8,0.0,SQSPSSFST,0.01920999999999995,SQSPSSFSM,SQSPSSFSM,SQSPSSFST,Negative,9,9,9,9,9,9,"1,3,8",0.98079,8,0.0,substitution,0.0,3.692461450599657,Negative,1,cedar,1.4008,SQSPSSFST,5.1724,SQSPSSFST,True,0.044948283484430994
SQSPSSFSM,HLA-B1501,0.0508,0,5,0.0231,0.6658,4.4232,HLA-B*15:01,27198675,SQSPSSFSM,SQSPSSFST,0,0,1911.0,1903.0,True,Improved,-1,SQSPSSFSM,-1,SQSPSSFSM,8,0.0,SQSPSSFST,0.01920999999999995,SQSPSSFSM,SQSPSSFSM,SQSPSSFST,Negative,9,9,9,9,9,9,"1,8",0.98079,8,0.0,substitution,0.0,87.07086614173228,Negative,1,cedar,0.0508,SQSPSSFST,4.4232,SQSPSSFST,True,0.07616440621120833
SSASTESPAF,HLA-B3501,0.0735,0,5,1.5272,0.3153,7.904,HLA-B*35:01,27198675,SASTESPAF,SASTESPAS,1,1,191.0,182.0,True,Improved,-2,SASTESPAF,-2,SASTESPAF,8,0.6931471805599453,SASTESPAS,0.024534999999999973,SSASTESPAF,SASTESPAF,SASTESPAS,Negative,10,9,9,9,9,10,"1,8",0.975465,9,0.6931471805599453,substitution,0.0,107.5374149659864,Negative,1,cedar,1.356,SSASTESPAS,41.6667,SASTESPAS,True,0.05079147748814813
SSSGAPSLK,HLA-A1101,0.0677,0,5,0.1719,0.6904,0.065,HLA-A*11:01,27198675,SSSGAPSLK,SSSGAPSPK,0,0,1468.0,1460.0,False,Conserved,-3,SSSGAPSLK,-3,SSSGAPSLK,7,1.3862943611198906,SSSGAPSPK,0.05597399999999997,SSSGAPSLK,SSSGAPSLK,SSSGAPSPK,Negative,9,9,9,9,9,9,"0,1,8",0.944026,7,1.3862943611198906,substitution,0.0,0.9601181683899558,Negative,1,cedar,0.0677,SSSGAPSPK,0.065,SSSGAPSPK,True,0.06525913563112587
SSSGAPSLKGK,HLA-A1101,0.0677,0,5,1.0314,0.4972,0.065,HLA-A*11:01,27198675,SSSGAPSLK,SSSGAPSPK,0,0,1470.0,1460.0,False,Conserved,-3,SSSGAPSLK,-3,SSSGAPSLK,7,1.3862943611198906,SSSGAPSPK,0.05597399999999997,SSSGAPSLKGK,SSSGAPSLK,SSSGAPSPK,Negative,11,9,9,9,9,11,"0,1,8",0.944026,7,1.3862943611198906,substitution,0.0,0.9601181683899558,Negative,1,cedar,0.2979,SSSGAPSPKGK,0.339,SSSGAPSPK,True,0.05239697275654504
SSWHNADDDR,HLA-A1101,7.4195,0,5,4.2649,0.3145,7.5056,HLA-A*11:01,24323902,SSWHNADDDR,SSWRNADDDR,0,0,1067.0,1058.0,False,Conserved,0,SSWHNADDR,0,SSWHNADDR,3,0.6931471805599453,SSWRNADDR,0.07573200000000002,SSWHNADDDR,SSWHNADDDR,SSWRNADDDR,Negative,10,10,10,10,10,10,"0,1,8",0.924268,3,0.6931471805599453,substitution,0.0,1.0116045555630433,Negative,1,cedar,7.4195,SSWRNADDDR,7.5056,SSWRNADDR,True,0.13151756482064436
SVFNTWNPM,HLA-C1203,1.5812,0,5,0.0966,0.5083,1.3526,HLA-C*12:03,29895573,SVFNTWNPM,SVFNTWKPM,0,0,24.0,16.0,False,Conserved,0,SVFNTWNPM,0,SVFNTWNPM,6,1.3862943611198906,SVFNTWKPM,0.07162400000000002,SVFNTWNPM,SVFNTWNPM,SVFNTWKPM,Negative,9,9,9,9,9,9,"1,8",0.928376,6,1.3862943611198906,substitution,0.0,0.8554262585378194,Negative,1,cedar,1.5812,SVFNTWKPM,1.3526,SVFNTWKPM,True,0.13321786731664814
SVFNTWNPM,HLA-A2501,0.7377,0,5,0.0966,0.5083,0.9353,HLA-A*25:01,29895573,SVFNTWNPM,SVFNTWKPM,0,0,24.0,16.0,False,Conserved,0,SVFNTWNPM,0,SVFNTWNPM,6,1.3862943611198906,SVFNTWKPM,0.07162400000000002,SVFNTWNPM,SVFNTWNPM,SVFNTWKPM,Negative,9,9,9,9,9,9,"0,1,8",0.928376,6,1.3862943611198906,substitution,0.0,1.267859563508201,Negative,1,cedar,0.7377,SVFNTWKPM,0.9353,SVFNTWKPM,True,0.14154564469787076
SVFNTWNPMWV,HLA-C1203,1.5812,0,5,0.501,0.5235,1.3526,HLA-C*12:03,29895573,SVFNTWNPM,SVFNTWKPM,0,0,26.0,16.0,False,Conserved,0,SVFNTPMWV,0,SVFNTWNPM,6,1.3862943611198906,SVFNTWKPM,0.07162400000000002,SVFNTWNPMWV,SVFNTWNPM,SVFNTWKPM,Negative,11,9,9,9,9,11,"1,8",0.928376,6,1.3862943611198906,substitution,0.0,0.8554262585378194,Negative,1,cedar,17.4717,SVFNTWKPMWV,15.869,SVFNKPMWV,True,0.2990720157980842
SVLNYFKPY,HLA-B1501,0.8793,0,5,0.1288,0.6379,0.8244,HLA-B*15:01,27198675,SVLNYFKPY,SVLNYFEPY,0,0,4028.0,4020.0,False,Conserved,1,SVLNYFKPY,1,SVLNYFKPY,6,0.6931471805599453,SVLNYFEPY,0.04974400000000001,SVLNYFKPY,SVLNYFKPY,SVLNYFEPY,Negative,9,9,9,9,9,9,"1,8",0.950256,6,0.6931471805599453,substitution,0.0,0.9375639713408394,Negative,1,cedar,0.8793,SVLNYFEPY,0.8244,SVLNYFEPY,True,0.12057724242911622
SVLNYFKPYL,HLA-A0201,0.2684,1,5,1.1872,0.6995,0.1385,HLA-A*02:01,27198675,VLNYFKPYL,VLNYFEPYL,1,1,4029.0,4020.0,False,Conserved,1,SLNYFKPYL,1,VLNYFKPYL,5,0.6931471805599453,VLNYFEPYL,0.05767,SVLNYFKPYL,VLNYFKPYL,VLNYFEPYL,Negative,10,9,9,9,9,10,"1,3,8",0.94233,6,0.6931471805599453,substitution,0.0,0.5160208643815201,Negative,1,cedar,2.4248,SVLNYFEPYL,1.7067,SLNYFEPYL,True,0.12426977909546139
SVQAPVPPK,HLA-A0301,0.0171,0,5,0.0141,0.8279,0.0166,HLA-A*03:01,30556813,SVQAPVPPK,SLQAPVPPK,0,0,306.0,298.0,True,Conserved,1,SVQAPVPPK,1,SVQAPVPPK,1,1.791759469228055,SLQAPVPPK,0.022877000000000036,SVQAPVPPK,SVQAPVPPK,SLQAPVPPK,Negative,9,9,9,9,9,9,"0,1,8",0.977123,1,1.791759469228055,substitution,0.0,0.9707602339181286,Negative,1,cedar,0.0171,SLQAPVPPK,0.0166,SLQAPVPPK,True,0.23431655373291838
SVQKDVLEY,HLA-B1501,0.0411,0,5,0.3211,0.6079,0.154,HLA-B*15:01,27198675,VQKDVLEY,SVQEDVLEY,1,0,578.0,570.0,False,Conserved,1,SVQKDVLEY,-9,VQK-DVLEY,"0,1,2,3",,SVQEDVLEY,0.084839,SVQKDVLEY,VQKDVLEY,SVQEDVLEY,Negative,9,8,9,8,9,9,"1,8",0.915161,3,0.6931471805599453,substitution,0.0,3.7469586374695867,Negative,1,cedar,0.1287,SVQEDVLEY,0.154,SVQEDVLEY,True,0.16918474105653625
SYMIMEIEL,HLA-C1402,0.0942,1,5,0.0583,0.7885,5.1874,HLA-C*14:02,27827318,SYMIMEIEL,SMIMEIEL,0,1,256.0,248.0,True,Improved,-2,SYMIMEIEL,-6,SYMIMEIEL,"1,2,3",-1.0,SMI-MEIEL,0.06425099999999995,SYMIMEIEL,SYMIMEIEL,SMIMEIEL,Positive,9,9,8,9,8,9,"1,8",0.935749,1,0.6931471805599453,substitution,1.0,55.067940552016985,Positive_all,1,cedar,0.0942,SSMIMEIEL,7.0656,SSMIMEIEL,True,0.30863880658805304
SYWNRLQFL,HLA-A2402,0.0552,0,5,0.0298,0.8249,0.1851,HLA-A*24:02,27198675,SYWNRLQFL,SYWNRLRFL,0,0,587.0,579.0,False,Conserved,1,SYWNRLQFL,1,SYWNRLQFL,6,0.6931471805599453,SYWNRLRFL,0.053722999999999965,SYWNRLQFL,SYWNRLQFL,SYWNRLRFL,Negative,9,9,9,9,9,9,"1,8",0.946277,6,0.6931471805599453,substitution,0.0,3.3532608695652173,Negative,1,cedar,0.0552,SYWNRLRFL,0.1851,SYWNRLRFL,True,0.19096896121709311
SYWNRLQFL,HLA-A0201,6.1216,0,5,0.0298,0.8249,10.8561,HLA-A*02:01,27198675,SYWNRLQFL,SYWNRLRFL,0,0,587.0,579.0,False,Conserved,1,SYWNRLQFL,1,SYWNRLQFL,6,0.6931471805599453,SYWNRLRFL,0.053722999999999965,SYWNRLQFL,SYWNRLQFL,SYWNRLRFL,Negative,9,9,9,9,9,9,"1,3,8",0.946277,6,0.6931471805599453,substitution,0.0,1.7734089127025614,Negative,1,cedar,6.1216,SYWNRLRFL,10.8561,SYWNRLRFL,True,0.12297338577345701
TAVAGLASY,HLA-B3501,0.0183,0,5,0.0163,0.8414,0.0163,HLA-B*35:01,33262196,TAVAGLASY,TAVAGLTSY,0,0,229.0,221.0,False,Conserved,0,TAVAGLASY,0,TAVAGLASY,6,1.3862943611198906,TAVAGLTSY,0.04180600000000001,TAVAGLASY,TAVAGLASY,TAVAGLTSY,Negative,9,9,9,9,9,9,"1,8",0.958194,6,1.3862943611198906,substitution,0.0,0.8907103825136611,Negative,1,cedar,0.0183,TAVAGLTSY,0.0163,TAVAGLTSY,True,0.21862937651196973
TEDEHFEFY,HLA-B4403,0.0617,1,5,0.4176,0.3193,0.6246,HLA-B*44:03,27312342,TEDEHFEFY,TEDEHFEF,0,0,458.0,450.0,True,Improved,2,TEDEHFEFY,-9,TEDEHFEFY,"5,6,7,8",,TEDEH-FEF,0.052802000000000016,TEDEHFEFY,TEDEHFEFY,TEDEHFEF,Positive,9,9,8,9,8,9,"1,8",0.947198,8,0.6931471805599453,substitution,1.0,10.123176661264182,Positive_all,1,cedar,0.0617,TEDEHFEFH,0.9195,TEDEHFEFH,True,0.3743585700018102
TFADTAALL,HLA-A2402,0.5977,0,5,0.1094,0.7324,6.8218,HLA-A*24:02,27198675,TFADTAALL,TFADTAAL,0,0,361.0,353.0,True,Improved,-2,TFADTAALL,-7,TFADTAALL,"4,5,7",0.0,TFAD-TAAL,0.03676999999999997,TFADTAALL,TFADTAALL,TFADTAAL,Negative,9,9,8,9,8,9,"1,8",0.96323,8,0.6931471805599453,substitution,0.0,11.41341810272712,Negative,1,cedar,0.5977,TFADTAALS,16.7636,TFADTAALS,True,0.15850093324109368
TITMQLMNR,HLA-A1101,1.7506,0,5,0.487,0.5086,1.8575,HLA-A*11:01,"34270940,34270940",TITMQLMNR,TITMQLMKR,0,0,299.0,291.0,False,Conserved,0,TITMQLMNR,0,TITMQLMNR,7,1.3862943611198906,TITMQLMKR,0.03854000000000002,TITMQLMNR,TITMQLMNR,TITMQLMKR,Negative,9,9,9,9,9,9,"0,1,8",0.96146,7,1.3862943611198906,substitution,0.0,1.0610647777904718,"Negative,Negative",2,cedar,1.7506,TITMQLMKR,1.8575,TITMQLMKR,True,0.17762575410143702
TITMQLMNREK,HLA-A1101,0.6354,0,5,1.5992,0.4295,1.1929,HLA-A*11:01,"34270940,34270940",ITMQLMNREK,ITMQLMKREK,1,1,99.0,89.0,False,Conserved,0,TITMQLMEK,0,ITMQLMNEK,6,-1.0,ITMQLMREK,0.051849000000000034,TITMQLMNREK,ITMQLMNREK,ITMQLMKREK,Negative,11,10,10,10,10,11,"0,1,8",0.948151,7,1.3862943611198906,substitution,0.0,1.8774000629524712,"Negative,Negative",2,cedar,3.2987,TITMQLMKREK,3.2948,TITMQLMEK,True,0.11542180908634633
TLAYFLPRPPL,HLA-A0201,3.341,0,5,0.942,0.4809,1.9492,HLA-A*02:01,27198675,TLAYFLPRPPL,TLAYFPPRPPL,0,0,256.0,246.0,True,Conserved,-3,TYFLPRPPL,-13,TLAYFLPRL,"2,3,4,5,7",2.0794415416798357,TLFPPRPPL,0.084125,TLAYFLPRPPL,TLAYFLPRPPL,TLAYFPPRPPL,Negative,11,11,11,11,11,11,"1,3,8",0.915875,5,1.3862943611198906,substitution,0.0,0.5834181382819514,Negative,1,cedar,3.341,TLAYFPPRPPL,1.9492,TLFPPRPPL,True,0.12055046725795988
TLVPDLLSPK,HLA-A0301,0.449,0,5,0.3127,0.5864,0.8129,HLA-A*03:01,33479501,TLVPDLLSPK,LVPDLLSPK,0,1,166.0,157.0,True,Conserved,-1,TLVPDLLSK,-10,TLVPDLLSK,"0,1,2,3,4,6,7",2.4849066497880004,LVPDLLSPK,0.03248399999999996,TLVPDLLSPK,TLVPDLLSPK,LVPDLLSPK,Negative,10,10,9,10,9,10,"0,1,8",0.967516,0,1.3862943611198906,substitution,0.0,1.810467706013363,Negative,1,cedar,0.449,PLVPDLLSPK,3.4251,PLVPDLLSK,True,0.15965210956828219
TMLTKTWHSSA,HLA-A0201,2.9945,0,5,3.0288,0.543,3.4361,HLA-A*02:01,31511069,TMLTKTWHS,TMLTKTWRS,0,0,1562.0,1552.0,False,Conserved,0,TMLTKTWSA,0,TMLTKTWHS,7,0.6931471805599453,TMLTKTWRS,0.05901500000000004,TMLTKTWHSSA,TMLTKTWHS,TMLTKTWRS,Negative,11,9,9,9,9,11,"1,3,8",0.940985,7,0.6931471805599453,substitution,0.0,1.1474703623309401,Negative,1,cedar,3.5668,TMLTKTWRSSA,3.6551,TMLTKTWSA,True,0.09078087150961744
TMQLMNREK,HLA-A1101,1.3328,0,5,0.38,0.5673,2.1138,HLA-A*11:01,"34270940,34270940",TMQLMNREK,TMQLMKREK,0,0,301.0,293.0,False,Conserved,0,TMQLMNREK,0,TMQLMNREK,5,1.3862943611198906,TMQLMKREK,0.06271000000000004,TMQLMNREK,TMQLMNREK,TMQLMKREK,Negative,9,9,9,9,9,9,"0,1,8",0.93729,5,1.3862943611198906,substitution,0.0,1.5859843937575029,"Negative,Negative",2,cedar,1.3328,TMQLMKREK,2.1138,TMQLMKREK,True,0.10431070521295475
TPSLPTLPT,HLA-B0702,0.5406,0,5,0.2305,0.4094,0.5142,HLA-B*07:02,27198675,TPSLPTLPT,TPSLPTPPT,0,0,537.0,529.0,False,Conserved,-3,TPSLPTLPT,-3,TPSLPTLPT,6,1.3862943611198906,TPSLPTPPT,0.08358299999999996,TPSLPTLPT,TPSLPTLPT,TPSLPTPPT,Negative,9,9,9,9,9,9,"1,8",0.916417,6,1.3862943611198906,substitution,0.0,0.951165371809101,Negative,1,cedar,0.5406,TPSLPTPPT,0.5142,TPSLPTPPT,True,0.15931328813204557
TQFLYIWFK,HLA-A1101,0.3539,1,5,0.0614,0.7576,0.4467,HLA-A*11:01,32226429,TQFLYIWFK,TQFLYLWFK,0,0,,,False,Conserved,2,TQFLYIWFK,2,TQFLYIWFK,5,1.3862943611198906,TQFLYLWFK,0.03413200000000005,TQFLYIWFK,TQFLYIWFK,TQFLYLWFK,Positive,9,9,9,9,9,9,"0,1,8",0.965868,5,1.3862943611198906,substitution,1.0,1.2622209663746822,Positive_all,1,cedar,0.3539,TQFLYLWFK,0.4467,TQFLYLWFK,True,0.4076298511780546
TSLSGIAHK,HLA-A1101,0.0387,0,5,0.1215,0.7197,0.0192,HLA-A*11:01,27198675,TSLSGIAHK,TSLSGIAQK,0,0,143.0,135.0,False,Conserved,0,TSLSGIAHK,0,TSLSGIAHK,7,1.3862943611198906,TSLSGIAQK,0.046174999999999966,TSLSGIAHK,TSLSGIAHK,TSLSGIAQK,Negative,9,9,9,9,9,9,"0,1,8",0.953825,7,1.3862943611198906,substitution,0.0,0.49612403100775193,Negative,1,cedar,0.0387,TSLSGIAQK,0.0192,TSLSGIAQK,True,0.14182155500546925
TVSPFLSQR,HLA-A1101,0.039,0,5,0.0254,0.8565,0.1212,HLA-A*11:01,27198675,TVSPFLSQR,TVSPFLRQR,0,0,28.0,20.0,False,Conserved,-1,TVSPFLSQR,-1,TVSPFLSQR,6,1.791759469228055,TVSPFLRQR,0.061222,TVSPFLSQR,TVSPFLSQR,TVSPFLRQR,Negative,9,9,9,9,9,9,"0,1,8",0.938778,6,1.791759469228055,substitution,0.0,3.1076923076923078,Negative,1,cedar,0.039,TVSPFLRQR,0.1212,TVSPFLRQR,True,0.19467739855375257
TYSGKFLIL,HLA-A2402,0.0493,0,5,0.0819,0.7574,5.5634,HLA-A*24:02,27198675,TYSGKFLIL,TNSGKFLIL,0,0,604.0,596.0,True,Improved,-2,TYSGKFLIL,-2,TYSGKFLIL,1,0.6931471805599453,TNSGKFLIL,0.06259300000000001,TYSGKFLIL,TYSGKFLIL,TNSGKFLIL,Negative,9,9,9,9,9,9,"1,8",0.937407,1,0.6931471805599453,substitution,0.0,112.84787018255578,Negative,1,cedar,0.0493,TNSGKFLIL,5.5634,TNSGKFLIL,True,0.3480454805023297
VADINDHAL,HLA-C0303,0.0779,1,5,0.0084,0.7535,12.7727,HLA-C*03:03,"29545564,29545564,29643231,29643231,29643231",VADINDHAL,VADINDHAP,0,0,141.0,133.0,True,Improved,-3,VADINDHAL,-3,VADINDHAL,8,1.3862943611198906,VADINDHAP,0.03488800000000003,VADINDHAL,VADINDHAL,VADINDHAP,Positive,9,9,9,9,9,9,"1,8",0.965112,8,1.3862943611198906,substitution,0.8,163.9627727856226,"Positive_all,Negative,Positive_all,Positive_all,Positive_all",5,cedar,0.0779,VADINDHAP,12.7727,VADINDHAP,True,0.3261402046139332
VALPYFHSF,HLA-A2402,0.176,0,5,0.0799,0.6113,0.1101,HLA-A*24:02,"34270940,34270940",VALPYFHSF,VTLPYFHSF,0,0,1192.0,1184.0,True,Conserved,0,VALPYFHSF,0,VALPYFHSF,1,1.3862943611198906,VTLPYFHSF,0.036341999999999985,VALPYFHSF,VALPYFHSF,VTLPYFHSF,Negative,9,9,9,9,9,9,"1,8",0.963658,1,1.3862943611198906,substitution,0.0,0.6255681818181819,"Negative,Negative",2,cedar,0.176,VTLPYFHSF,0.1101,VTLPYFHSF,True,0.37883827083209226
VAWHSEVGLPL,HLA-C0303,0.3772,0,5,0.169,0.4118,0.3772,HLA-C*03:03,24323902,VAWHSEVGL,VAWHSEVGL,0,0,241.0,231.0,False,Conserved,1,VHSEVGLPL,4,VAWHSEVGL,-1,,VAWHSEVGL,0.0,VAWHSEVGLPL,VAWHSEVGL,VAWHSEVGL,Negative,11,9,9,9,9,11,"1,8",1.0,10,1.791759469228055,substitution,0.0,1.0,Negative,1,cedar,1.6659,VAWHSEVGLPV,9.5265,VASEVGLPV,True,0.12818941272824885
VCPIASSPCL,HLA-A2402,15.9275,0,5,0.3322,0.2971,19.0,HLA-A*24:02,27198675,CPIASSPCL,CPNASSPCL,1,1,2437.0,2428.0,False,Conserved,-3,VPIASSPCL,-3,CPIASSPCL,2,0.6931471805599453,CPNASSPCL,0.08434900000000001,VCPIASSPCL,CPIASSPCL,CPNASSPCL,Negative,10,9,9,9,9,10,"1,8",0.915651,3,0.6931471805599453,substitution,0.0,1.1929053523779627,Negative,1,cedar,26.5,VCPNASSPCL,23.8125,VCPNASPCL,True,0.15705799186140804
VERASAIAW,HLA-B4402,0.0553,1,5,0.0295,0.5039,7.5081,HLA-B*44:02,"31351799,31351799",VERASAIAW,VERASAIAR,0,0,328.0,320.0,True,Improved,-3,VERASAIAW,-3,VERASAIAW,8,0.6931471805599453,VERASAIAR,0.035124000000000044,VERASAIAW,VERASAIAW,VERASAIAR,Positive,9,9,9,9,9,9,"1,8",0.964876,8,0.6931471805599453,substitution,1.0,135.77034358047015,"Positive_all,Positive_all",2,cedar,0.0553,VERASAIAR,7.5081,VERASAIAR,True,0.1945803199800967
VERASAIAW,HLA-B1801,0.3106,1,5,0.0295,0.5039,2.4203,HLA-B*18:01,"31351799,31351799",VERASAIAW,VERASAIAR,0,0,328.0,320.0,True,Improved,-3,VERASAIAW,-3,VERASAIAW,8,0.6931471805599453,VERASAIAR,0.035124000000000044,VERASAIAW,VERASAIAW,VERASAIAR,Positive,9,9,9,9,9,9,"1,8",0.964876,8,0.6931471805599453,substitution,0.5,7.792337411461688,"Positive_all,Negative",2,cedar,0.3106,VERASAIAR,2.4203,VERASAIAR,True,0.14627914095129502
VFKDILYEL,HLA-A2402,0.1397,0,5,0.1823,0.6835,0.2536,HLA-A*24:02,"34270940,34270940",VFKDILYEL,VFKDRLYEL,0,0,319.0,311.0,False,Conserved,-3,VFKDILYEL,-3,VFKDILYEL,4,0.0,VFKDRLYEL,0.10203399999999996,VFKDILYEL,VFKDILYEL,VFKDRLYEL,Negative,9,9,9,9,9,9,"1,8",0.897966,4,0.0,substitution,0.0,1.8153185397279885,"Negative,Negative",2,cedar,0.1397,VFKDRLYEL,0.2536,VFKDRLYEL,True,0.36267312312838657
VFTQSFITVSI,HLA-A2402,0.6721,1,5,1.0323,0.2208,0.6348,HLA-A*24:02,32226429,VFTQSFITV,VFTQSFVTV,0,0,475.0,465.0,False,Conserved,3,VQSFITVSI,3,VFTQSFITV,6,1.0986122886681098,VFTQSFVTV,0.01461800000000002,VFTQSFITVSI,VFTQSFITV,VFTQSFVTV,Positive,11,9,9,9,9,11,"1,8",0.985382,6,1.0986122886681098,substitution,1.0,0.9445023062044339,Positive_all,1,cedar,3.2507,VFTQSFVTVSI,2.9718,VFTQSFVTI,True,0.1727110343753974
VIRRDFSMADK,HLA-A0301,2.9209,0,5,1.5586,0.378,2.8117,HLA-A*03:01,31511069,VIRRDFSMADK,VMRRDFSMADK,0,0,608.0,598.0,True,Conserved,1,VIRRDFSMK,1,VIRRDFSMK,1,1.0986122886681098,VMRRDFSMK,0.016584000000000043,VIRRDFSMADK,VIRRDFSMADK,VMRRDFSMADK,Negative,11,11,11,11,11,11,"0,1,8",0.983416,1,1.0986122886681098,substitution,0.0,0.9626142627272416,Negative,1,cedar,2.9209,VMRRDFSMADK,2.8117,VMRRDFSMK,True,0.12535848631788574
VLICLRLLMRY,HLA-B1501,5.0045,1,5,0.6866,0.4962,5.7649,HLA-B*15:01,32226429,ICLRLLMRY,VLICLRLLM,2,0,145.0,135.0,True,Conserved,-3,VLICLRLLY,-2,ICLRLLMRY,"0,1,2,3,5,6,7,8",2.9444389791664403,VLICLRLLM,0.131166,VLICLRLLMRY,ICLRLLMRY,VLICLRLLM,Positive,11,9,9,9,9,11,"1,8",0.868834,10,0.6931471805599453,substitution,1.0,1.1519432510740333,Positive_all,1,cedar,5.92,VLICLRLLMRD,90.0,VLICLRLLM,True,0.3198955162929842
VLMGAVALGA,HLA-A0201,1.9024,0,5,0.2607,0.7751,4.543,HLA-A*02:01,"34244308,34244308",VLMGAVALGA,VLTGAVALGA,0,0,182.0,173.0,True,Conserved,-1,VLMGAVAGA,-6,VLMGAVLGA,"2,6,7",0.0,VLTGAVALA,0.040880999999999945,VLMGAVALGA,VLMGAVALGA,VLTGAVALGA,Negative,10,10,10,10,10,10,"1,3,8",0.959119,2,0.0,substitution,0.0,2.388036164844407,"Negative,Negative",2,cedar,1.9024,VLTGAVALGA,4.543,VLTGAVALA,True,0.17506915600757644
VLMGAVALGAL,HLA-A0201,1.3852,0,5,0.8207,0.7457,2.899,HLA-A*02:01,"34244308,34244308",VLMGAVALGAL,VLTGAVALGAL,0,0,183.0,173.0,False,Conserved,-1,VLMGAVALL,-1,VLMGAVALL,2,0.0,VLTGAVALL,0.030564000000000036,VLMGAVALGAL,VLMGAVALGAL,VLTGAVALGAL,Negative,11,11,11,11,11,11,"1,3,8",0.969436,2,0.0,substitution,0.0,2.092838579266532,"Negative,Negative",2,cedar,1.3852,VLTGAVALGAL,2.899,VLTGAVALL,True,0.1496184022863837
VLNYFKPYL,HLA-A0201,0.2684,1,5,0.2356,0.8546,0.1385,HLA-A*02:01,"30418433,27198675",VLNYFKPYL,VLNYFEPYL,0,0,4029.0,4021.0,False,Conserved,1,VLNYFKPYL,1,VLNYFKPYL,5,0.6931471805599453,VLNYFEPYL,0.05767,VLNYFKPYL,VLNYFKPYL,VLNYFEPYL,Positive,9,9,9,9,9,9,"1,3,8",0.94233,5,0.6931471805599453,substitution,0.5,0.5160208643815201,"Positive_all,Negative",2,cedar,0.2684,VLNYFEPYL,0.1385,VLNYFEPYL,True,0.2721946019720555
VLSAQSHCSTY,HLA-B1501,0.2481,0,5,0.9748,0.5061,0.1705,HLA-B*15:01,27198675,AQSHCSTY,VLSAPSHCSTY,3,0,681.0,671.0,True,Conserved,-1,VLSAQSSTY,-11,AQS-HCSTY,"0,1,3,4,5",2.1972245773362196,VLSAPSSTY,0.14717000000000002,VLSAQSHCSTY,AQSHCSTY,VLSAPSHCSTY,Negative,11,8,11,8,11,11,"1,8",0.85283,4,0.6931471805599453,substitution,0.0,0.6872228939943572,Negative,1,cedar,0.5068,VLSAPSHCSTY,0.1705,VLSAPSSTY,True,0.1034093172926853
VMASVDNPL,HLA-A0201,0.9793,0,5,0.0583,0.8479,21.8026,HLA-A*02:01,"34244308,34244308",VMASVDNPL,VMASVDNPH,0,0,773.0,765.0,True,Improved,-3,VMASVDNPL,-3,VMASVDNPL,8,0.6931471805599453,VMASVDNPH,0.03495499999999996,VMASVDNPL,VMASVDNPL,VMASVDNPH,Negative,9,9,9,9,9,9,"1,3,8",0.965045,8,0.6931471805599453,substitution,0.0,22.263453487184726,"Negative,Negative",2,cedar,0.9793,VMASVDNPH,21.8026,VMASVDNPH,True,0.14387889555294434
VTFSCHGADK,HLA-A1101,0.8186,0,5,0.2786,0.6484,0.3362,HLA-A*11:01,27198675,VTFSCHGADK,VTFSCPGADK,0,0,91.0,82.0,False,Conserved,-2,VTFSHGADK,-2,VTFSHGADK,4,0.6931471805599453,VTFSPGADK,0.11840799999999996,VTFSCHGADK,VTFSCHGADK,VTFSCPGADK,Negative,10,10,10,10,10,10,"0,1,8",0.881592,5,0.6931471805599453,substitution,0.0,0.410701197165893,Negative,1,cedar,0.8186,VTFSCPGADK,0.3362,VTFSPGADK,True,0.11183430152642695
VTYSGKFLI,HLA-A2402,0.6678,0,5,0.0332,0.6503,2.8597,HLA-A*24:02,"27198675,27198675",TYSGKFLI,VTNSGKFLI,1,0,603.0,595.0,False,Improved,-2,VTYSGKFLI,-9,TYSGK-FLI,"0,1,2,3,4,5",0.0,VTNSGKFLI,0.11394199999999999,VTYSGKFLI,TYSGKFLI,VTNSGKFLI,Negative,9,8,9,8,9,9,"1,8",0.886058,2,0.6931471805599453,substitution,0.0,4.2822701407607076,"Negative,Negative",2,cedar,1.6451,VTNSGKFLI,2.8597,VTNSGKFLI,True,0.1692067911668591
VTYSGKFLI,HLA-A0201,2.0944,0,5,0.0332,0.6503,6.1295,HLA-A*02:01,"27198675,27198675,27198675,27198675",VTYSGKFLI,VTNSGKFLI,0,0,603.0,595.0,False,Conserved,-2,VTYSGKFLI,-2,VTYSGKFLI,2,0.6931471805599453,VTNSGKFLI,0.08584800000000004,VTYSGKFLI,VTYSGKFLI,VTNSGKFLI,Negative,9,9,9,9,9,9,"1,3,8",0.914152,2,0.6931471805599453,substitution,0.0,2.926613827349122,"Negative,Negative,Negative,Negative",4,cedar,2.0944,VTNSGKFLI,6.1295,VTNSGKFLI,True,0.19616216185065094
VYPPRGFSP,HLA-A2402,1.3015,0,5,3.0054,0.3224,2.4766,HLA-A*24:02,27198675,VYPPRGFSP,VYPPRGFPP,0,0,1369.0,1361.0,False,Conserved,-1,VYPPRGFSP,-1,VYPPRGFSP,7,1.3862943611198906,VYPPRGFPP,0.05854899999999996,VYPPRGFSP,VYPPRGFSP,VYPPRGFPP,Negative,9,9,9,9,9,9,"1,8",0.941451,7,1.3862943611198906,substitution,0.0,1.9028812908182864,Negative,1,cedar,1.3015,VYPPRGFPP,2.4766,VYPPRGFPP,True,0.09199749004314811
VYPPRGFSPY,HLA-A2402,0.3718,0,5,0.1018,0.7403,0.441,HLA-A*24:02,27198675,VYPPRGFSPY,VYPPRGFPPY,0,0,1370.0,1361.0,True,Conserved,-1,VYPPRGFSY,-10,VYPPRGFSY,"4,5,6,7",2.302585092994046,VYPPGFPPY,0.06391199999999997,VYPPRGFSPY,VYPPRGFSPY,VYPPRGFPPY,Negative,10,10,10,10,10,10,"1,8",0.936088,7,1.3862943611198906,substitution,0.0,1.1861215707369552,Negative,1,cedar,0.3718,VYPPRGFPPY,0.441,VYPPGFPPY,True,0.12458105845962951
VYPPRGFSPYL,HLA-A2402,0.1081,0,5,0.3235,0.5175,0.0814,HLA-A*24:02,27198675,VYPPRGFSPYL,VYPPRGFPPYL,0,0,1371.0,1361.0,False,Conserved,-1,VYPPFSPYL,-1,VYPPFSPYL,5,1.3862943611198906,VYPPFPPYL,0.06277900000000003,VYPPRGFSPYL,VYPPRGFSPYL,VYPPRGFPPYL,Negative,11,11,11,11,11,11,"1,8",0.937221,7,1.3862943611198906,substitution,0.0,0.7530064754856615,Negative,1,cedar,0.1081,VYPPRGFPPYL,0.0814,VYPPFPPYL,True,0.24904510134635346
WFQGERIAY,HLA-B3501,1.2167,0,5,0.1132,0.7284,2.4823,HLA-B*35:01,27198675,WFQGERIAY,RFQGERIAY,0,0,355.0,347.0,False,Conserved,-3,WFQGERIAY,-3,WFQGERIAY,0,0.6931471805599453,RFQGERIAY,0.046153,WFQGERIAY,WFQGERIAY,RFQGERIAY,Negative,9,9,9,9,9,9,"1,8",0.953847,0,0.6931471805599453,substitution,0.0,2.0401906797074054,Negative,1,cedar,1.2167,RFQGERIAY,2.4823,RFQGERIAY,True,0.11660415295936308
WLIRETQPITK,HLA-A0301,0.3305,1,5,2.1591,0.3434,0.3336,HLA-A*03:01,27827318,LIRETQPITK,LIRETQPISK,1,1,550.0,540.0,False,Conserved,1,WLITQPITK,1,LIRETPITK,7,1.791759469228055,LIRETPISK,0.017203999999999997,WLIRETQPITK,LIRETQPITK,LIRETQPISK,Positive,11,10,10,10,10,11,"0,1,8",0.982796,9,1.791759469228055,substitution,1.0,1.0093797276853251,Positive_all,1,cedar,1.9632,WLIRETQPISK,1.9349,WLITQPISK,True,0.13405245733365811
WQADIVAAL,HLA-B1801,1.2304,0,5,0.0074,0.8944,1.4244,HLA-B*18:01,"31351799,31351799",WQADIVAAL,RQADIVAAL,0,0,336.0,328.0,False,Conserved,-3,WQADIVAAL,-3,WQADIVAAL,0,0.6931471805599453,RQADIVAAL,0.039000000000000035,WQADIVAAL,WQADIVAAL,RQADIVAAL,Negative,9,9,9,9,9,9,"1,8",0.961,0,0.6931471805599453,substitution,0.0,1.1576723016905073,"Negative,Negative",2,cedar,1.2304,RQADIVAAL,1.4244,RQADIVAAL,True,0.16702964832858713
WQLEFLQPL,HLA-A0206,0.1134,0,5,0.0075,0.9257,0.0357,HLA-A*02:06,"33262196,33262196",WQLEFLQPL,RQLEFLQPL,0,0,286.0,278.0,False,Conserved,-3,WQLEFLQPL,-3,WQLEFLQPL,0,0.6931471805599453,RQLEFLQPL,0.04214499999999999,WQLEFLQPL,WQLEFLQPL,RQLEFLQPL,Negative,9,9,9,9,9,9,"1,3,8",0.957855,0,0.6931471805599453,substitution,0.0,0.3148148148148148,"Negative,Negative",2,cedar,0.1134,RQLEFLQPL,0.0357,RQLEFLQPL,True,0.3960337478760973
WTRDSCDFSY,HLA-A0101,0.0927,0,5,0.0093,0.8023,0.1174,HLA-A*01:01,30906654,WTRDSCDFSY,RTRDSCDFSY,0,0,15.0,6.0,False,Conserved,-3,WTDSCDFSY,-3,WTDSCDFSY,0,0.6931471805599453,RTDSCDFSY,0.032699000000000034,WTRDSCDFSY,WTRDSCDFSY,RTRDSCDFSY,Negative,10,10,10,10,10,10,"1,2,8",0.967301,0,0.6931471805599453,substitution,0.0,1.2664509169363538,Negative,1,cedar,0.0927,RTRDSCDFSY,0.1174,RTDSCDFSY,True,0.1992712462439687
YDYVSALHPV,HLA-B4102,4.6785,0,5,0.1089,0.4414,4.6024,HLA-B*41:02,33479501,YDYVSALHP,YDHVSALHP,0,0,266.0,257.0,False,Conserved,2,YDYVSALHV,2,YDYVSALHP,2,0.6931471805599453,YDHVSALHP,0.061382999999999965,YDYVSALHPV,YDYVSALHP,YDHVSALHP,Negative,10,9,9,9,9,10,"1,8",0.938617,2,0.6931471805599453,substitution,0.0,0.98373410281073,Negative,1,cedar,5.9881,YDHVSALHPV,5.9785,YDHSALHPV,True,0.20505717985083838
YFFWGLWAL,HLA-A0201,2.3918,1,5,0.1128,0.7289,3.9622,HLA-A*02:01,"31655052,31655052",YFFWGLWAL,HFFWGLWAL,0,0,415.0,407.0,False,Conserved,2,YFFWGLWAL,2,YFFWGLWAL,0,0.6931471805599453,HFFWGLWAL,0.026575000000000015,YFFWGLWAL,YFFWGLWAL,HFFWGLWAL,Positive,9,9,9,9,9,9,"1,3,8",0.973425,0,0.6931471805599453,substitution,0.5,1.6565766368425454,"Negative,Positive_all",2,cedar,2.3918,HFFWGLWAL,3.9622,HFFWGLWAL,True,0.3568614020678067
YIAQFKGAW,HLA-B3501,2.4211,0,5,0.0751,0.4081,2.2283,HLA-B*35:01,27198675,YIAQFKGAW,YIAQSKGAW,0,0,178.0,170.0,False,Conserved,-2,YIAQFKGAW,-2,YIAQFKGAW,4,0.6931471805599453,YIAQSKGAW,0.09567899999999996,YIAQFKGAW,YIAQFKGAW,YIAQSKGAW,Negative,9,9,9,9,9,9,"1,8",0.904321,4,0.6931471805599453,substitution,0.0,0.9203667754326545,Negative,1,cedar,2.4211,YIAQSKGAW,2.2283,YIAQSKGAW,True,0.15036243299719276
YLTPQSNHLSV,HLA-A0201,0.0443,0,5,1.0849,0.5743,0.0443,HLA-A*02:01,31511069,YLTPQSNHL,YLTPQSNHL,0,0,1279.0,1269.0,False,Conserved,1,YLTPQSLSV,4,YLTPQSNHL,-1,,YLTPQSNHL,0.0,YLTPQSNHLSV,YLTPQSNHL,YLTPQSNHL,Negative,11,9,9,9,9,11,"1,3,8",1.0,10,1.791759469228055,substitution,0.0,1.0,Negative,1,cedar,0.365,YLTPQSNHLSL,0.4108,YLTPQSLSL,True,0.0823501809123201
YLWPPVQLA,HLA-A0201,0.0222,1,5,0.1437,0.7803,0.0296,HLA-A*02:01,30418433,YLWPPVQLA,YLWPAVQLA,0,0,144.0,136.0,False,Conserved,-1,YLWPPVQLA,-1,YLWPPVQLA,4,1.3862943611198906,YLWPAVQLA,0.09426000000000001,YLWPPVQLA,YLWPPVQLA,YLWPAVQLA,Positive,9,9,9,9,9,9,"1,3,8",0.90574,4,1.3862943611198906,substitution,1.0,1.3333333333333333,Positive_all,1,cedar,0.0222,YLWPAVQLA,0.0296,YLWPAVQLA,True,0.4590662780631841
YLWWVNGQSLL,HLA-A0201,0.2241,0,5,0.2757,0.7277,0.7523,HLA-A*02:01,27198675,YLWWVNGQSLL,YLWWVNGQSL,0,0,542.0,532.0,True,Conserved,-3,YLWNGQSLL,-8,YLWNGQSLL,"3,4,5,6,7",0.6931471805599453,YLWWNGQSL,0.02394099999999999,YLWWVNGQSLL,YLWWVNGQSLL,YLWWVNGQSL,Negative,11,11,10,11,10,11,"1,3,8",0.976059,10,1.3862943611198906,substitution,0.0,3.35698348951361,Negative,1,cedar,0.2241,YLWWVNGQSLP,4.2371,YLWNGQSLP,True,0.2861638420916734
YMFLASPSV,HLA-A0201,0.0716,1,5,0.0092,0.9542,0.203,HLA-A*02:01,30418433,YMFLASPSV,YMVLASPSV,0,0,400.0,392.0,False,Conserved,-1,YMFLASPSV,-1,YMFLASPSV,2,0.6931471805599453,YMVLASPSV,0.05765200000000004,YMFLASPSV,YMFLASPSV,YMVLASPSV,Positive,9,9,9,9,9,9,"1,3,8",0.942348,2,0.6931471805599453,substitution,1.0,2.8351955307262573,Positive_all,1,cedar,0.0716,YMVLASPSV,0.203,YMVLASPSV,True,0.3091995051879404
YMTAVLEYL,HLA-A0201,0.0993,0,5,0.0055,0.9471,0.0431,HLA-A*02:01,31511069,YMTAVLEYL,YMAAVLEYL,0,0,59.0,51.0,False,Conserved,0,YMTAVLEYL,0,YMTAVLEYL,2,1.3862943611198906,YMAAVLEYL,0.043458,YMTAVLEYL,YMTAVLEYL,YMAAVLEYL,Negative,9,9,9,9,9,9,"1,3,8",0.956542,2,1.3862943611198906,substitution,0.0,0.4340382678751259,Negative,1,cedar,0.0993,YMAAVLEYL,0.0431,YMAAVLEYL,True,0.37201085705744963
YPPRGFSPY,HLA-B0702,0.8921,0,5,0.0304,0.7963,0.8751,HLA-B*07:02,27198675,YPPRGFSPY,YPPRGFPPY,0,0,1370.0,1362.0,False,Conserved,-1,YPPRGFSPY,-1,YPPRGFSPY,6,1.3862943611198906,YPPRGFPPY,0.07950900000000005,YPPRGFSPY,YPPRGFSPY,YPPRGFPPY,Negative,9,9,9,9,9,9,"1,8",0.920491,6,1.3862943611198906,substitution,0.0,0.9809438403766394,Negative,1,cedar,0.8921,YPPRGFPPY,0.8751,YPPRGFPPY,True,0.12450565638232157
YPPRGFSPYL,HLA-B0702,0.1517,0,5,0.0668,0.7271,0.138,HLA-B*07:02,27198675,YPPRGFSPYL,YPPRGFPPYL,0,0,1371.0,1362.0,False,Conserved,-1,YPRGFSPYL,-1,YPRGFSPYL,5,1.3862943611198906,YPRGFPPYL,0.07654700000000003,YPPRGFSPYL,YPPRGFSPYL,YPPRGFPPYL,Negative,10,10,10,10,10,10,"1,8",0.923453,6,1.3862943611198906,substitution,0.0,0.909690177982861,Negative,1,cedar,0.1517,YPPRGFPPYL,0.138,YPRGFPPYL,True,0.16978106954556516
YQFFSDECSY,HLA-B1501,0.1001,0,5,0.0103,0.8184,0.0389,HLA-B*15:01,27198675,YQFFSDECSY,YQFSSDECSY,0,0,193.0,184.0,False,Conserved,-2,YQFFSDESY,-2,YQFFSDESY,3,0.6931471805599453,YQFSSDESY,0.07332499999999997,YQFFSDECSY,YQFFSDECSY,YQFSSDECSY,Negative,10,10,10,10,10,10,"1,8",0.926675,3,0.6931471805599453,substitution,0.0,0.3886113886113886,Negative,1,cedar,0.1001,YQFSSDECSY,0.0389,YQFSSDESY,True,0.2705163286995046
YQFFSDECSYL,HLA-A0201,1.5734,0,5,0.3387,0.6585,1.2855,HLA-A*02:01,27198675,YQFFSDECSYL,YQFSSDECSYL,0,0,194.0,184.0,False,Conserved,-2,YQFDECSYL,4,YQFDECSYL,-1,,YQFDECSYL,0.06057599999999996,YQFFSDECSYL,YQFFSDECSYL,YQFSSDECSYL,Negative,11,11,11,11,11,11,"1,3,8",0.939424,3,0.6931471805599453,substitution,0.0,0.8170204652345241,Negative,1,cedar,1.5734,YQFSSDECSYL,1.2855,YQFDECSYL,True,0.20990914638326522
YQFFSDECSYL,HLA-B1501,0.1001,0,5,0.3387,0.6585,0.0389,HLA-B*15:01,27198675,YQFFSDECSY,YQFSSDECSY,0,0,194.0,184.0,False,Conserved,-2,YQFDECSYL,-2,YQFFSDESY,3,0.6931471805599453,YQFSSDESY,0.07332499999999997,YQFFSDECSYL,YQFFSDECSY,YQFSSDECSY,Negative,11,10,10,10,10,11,"1,8",0.926675,3,0.6931471805599453,substitution,0.0,0.3886113886113886,Negative,1,cedar,2.4296,YQFSSDECSYL,1.403,YQFSSDESY,True,0.16903533167880058
YQLALSIGTSY,HLA-B1501,0.0714,0,5,0.1609,0.6863,0.4783,HLA-B*15:01,27198675,YQLALSIGTSY,QLALSIGTPY,0,1,400.0,390.0,True,Conserved,-1,YQLSIGTSY,-5,YQLSIGTSY,"0,1,2,7",1.791759469228055,QLASIGTPY,0.056916999999999995,YQLALSIGTSY,YQLALSIGTSY,QLALSIGTPY,Negative,11,11,10,11,10,11,"1,8",0.943083,9,1.3862943611198906,substitution,0.0,6.698879551820728,Negative,1,cedar,0.0714,YQLALSIGTPY,0.48,YQLSIGTPY,True,0.21505770259711565
YRHLFKVFR,HLA-B2705,0.1811,0,5,0.1179,0.6516,1.2567,HLA-B*27:05,34518289,YRHLFKVFR,YRHLFKVF,0,0,312.0,304.0,True,Improved,-2,YRHLFKVFR,-15,YRHLFKVFR,"3,4,5,6,7,8",1.6094379124341003,YRH-LFKVF,0.050614999999999966,YRHLFKVFR,YRHLFKVFR,YRHLFKVF,Negative,9,9,8,9,8,9,"1,8",0.949385,8,1.791759469228055,substitution,0.0,6.939260077305355,Negative,1,cedar,0.1811,YRHLFKVFG,3.4978,YRHLFKVFG,True,0.40900291399705047
YRIYDIPPK,HLA-B2705,0.2922,0,5,0.2603,0.5951,0.4682,HLA-B*27:05,34518289,YRIYDIPPK,YRVYDIPPK,0,0,38.0,30.0,False,Conserved,3,YRIYDIPPK,3,YRIYDIPPK,2,1.0986122886681098,YRVYDIPPK,0.017256999999999967,YRIYDIPPK,YRIYDIPPK,YRVYDIPPK,Negative,9,9,9,9,9,9,"1,8",0.982743,2,1.0986122886681098,substitution,0.0,1.6023271731690623,Negative,1,cedar,0.2922,YRVYDIPPK,0.4682,YRVYDIPPK,True,0.3722206710389256
YSSIVANRW,HLA-B5701,0.0128,0,5,0.0236,0.7592,0.8761,HLA-B*57:01,33479501,YSSIVANRW,YPSIVANRW,0,0,1198.0,1190.0,True,Improved,-1,YSSIVANRW,-1,YSSIVANRW,1,1.3862943611198906,YPSIVANRW,0.048826000000000036,YSSIVANRW,YSSIVANRW,YPSIVANRW,Negative,9,9,9,9,9,9,"1,8",0.951174,1,1.3862943611198906,substitution,0.0,68.4453125,Negative,1,cedar,0.0128,YPSIVANRW,0.8761,YPSIVANRW,True,0.24205909637055123
YVLTWIVGA,HLA-A0201,0.5392,1,5,0.0545,0.8293,0.916,HLA-A*02:01,30418433,YVLTWIVGA,YVVTWIVGA,0,0,182.0,174.0,False,Conserved,1,YVLTWIVGA,1,YVLTWIVGA,2,1.791759469228055,YVVTWIVGA,0.03464699999999998,YVLTWIVGA,YVLTWIVGA,YVVTWIVGA,Positive,9,9,9,9,9,9,"1,3,8",0.965353,2,1.791759469228055,substitution,1.0,1.698813056379822,Positive_all,1,cedar,0.5392,YVVTWIVGA,0.916,YVVTWIVGA,True,0.30852889313978676
YVVPGSPCL,HLA-C0303,0.0077,1,5,0.0242,0.8407,0.0773,HLA-C*03:03,"34491407,34491407,34491407",YVVPGSPCL,SVVPGSPCL,0,0,1317.0,1309.0,False,Conserved,-2,YVVPGSPCL,-2,YVVPGSPCL,0,0.6931471805599453,SVVPGSPCL,0.027669000000000055,YVVPGSPCL,YVVPGSPCL,SVVPGSPCL,Positive,9,9,9,9,9,9,"1,8",0.972331,0,0.6931471805599453,substitution,0.6666666666666666,10.038961038961038,"Positive_all,Positive_all,Negative",3,cedar,0.0077,SVVPGSPCL,0.0773,SVVPGSPCL,True,0.3638022563287894
AAAAAAQQIQV,HLA-B0702,3.9712,0,6,11.9024,0.1632,1.0441,HLA-B*07:02,27198675,AAAAAAQQI,AAAAAAQQL,0,0,167.0,157.0,True,Conserved,2,AAAAAQIQV,2,AAAAAAQQI,8,1.3862943611198906,AAAAAAQQL,0.006453000000000042,AAAAAAQQIQV,AAAAAAQQI,AAAAAAQQL,Negative,11,9,9,9,9,11,"1,8",0.993547,8,1.3862943611198906,substitution,0.0,0.26291800966962126,Negative,1,cedar,26.7692,AAAAAAQQLQV,25.5667,AAAAAQLQV,True,0.12907935660929853
AAAAQQIQV,HLA-B0702,4.9092,0,6,0.3045,0.4709,4.7746,HLA-B*07:02,27198675,AAAAQQIQV,AAAAQQLQV,0,0,167.0,159.0,False,Conserved,2,AAAAQQIQV,2,AAAAQQIQV,6,1.3862943611198906,AAAAQQLQV,0.021275000000000044,AAAAQQIQV,AAAAQQIQV,AAAAQQLQV,Negative,9,9,9,9,9,9,"1,8",0.978725,6,1.3862943611198906,substitution,0.0,0.9725820907683533,Negative,1,cedar,4.9092,AAAAQQLQV,4.7746,AAAAQQLQV,True,0.1273113925557736
AAAAQQIQV,HLA-A0201,1.9555,0,6,0.3045,0.4709,2.2847,HLA-A*02:01,27198675,AAAAQQIQV,AAAAQQLQV,0,0,167.0,159.0,False,Conserved,2,AAAAQQIQV,2,AAAAQQIQV,6,1.3862943611198906,AAAAQQLQV,0.021275000000000044,AAAAQQIQV,AAAAQQIQV,AAAAQQLQV,Negative,9,9,9,9,9,9,"1,3,8",0.978725,6,1.3862943611198906,substitution,0.0,1.168345691638967,Negative,1,cedar,1.9555,AAAAQQLQV,2.2847,AAAAQQLQV,True,0.1259027619126144
AAIAASRSV,HLA-C1203,0.0591,0,6,0.058,0.74,1.1729,HLA-C*12:03,30556813,AAIAASRSV,AAIAASRSA,0,0,14.0,6.0,True,Improved,0,AAIAASRSV,0,AAIAASRSV,8,1.3862943611198906,AAIAASRSA,0.01226499999999997,AAIAASRSV,AAIAASRSV,AAIAASRSA,Negative,9,9,9,9,9,9,"1,8",0.987735,8,1.3862943611198906,substitution,0.0,19.846023688663283,Negative,1,cedar,0.0591,AAIAASRSA,1.1729,AAIAASRSA,True,0.20163500551437336
AALLQVTLLL,HLA-A0201,0.0995,1,6,1.1018,0.5721,0.1342,HLA-A*02:01,27198675,ALLQVTLLL,ALSQVTLLL,1,1,367.0,358.0,False,Conserved,-2,ALLQVTLLL,-2,ALLQVTLLL,2,0.6931471805599453,ALSQVTLLL,0.053108000000000044,AALLQVTLLL,ALLQVTLLL,ALSQVTLLL,Negative,10,9,9,9,9,10,"1,3,8",0.946892,3,0.6931471805599453,substitution,0.0,1.348743718592965,Negative,1,cedar,1.1841,AALSQVTLLL,1.525,ALSQVTLLL,True,0.24345319422202932
AAQARLQPV,HLA-B0801,1.0295,0,6,0.454,0.4298,0.3943,HLA-B*08:01,33479501,AAQARLQPV,IAMARLQPV,0,0,319.0,311.0,False,Conserved,-1,AAQARLQPV,-1,AAQARLQPV,"0,2",-1.0,IAMARLQPV,0.07921,AAQARLQPV,AAQARLQPV,IAMARLQPV,Negative,9,9,9,9,9,9,"1,4,8",0.92079,"0,2",-1.0,substitution,0.0,0.38300145701796984,Negative,1,cedar,1.0295,IAMARLQPV,0.3943,IAMARLQPV,True,0.10050604368689024
AEETPPFSNY,HLA-B4403,0.0056,0,6,0.1229,0.5609,0.0074,HLA-B*44:03,30556813,EETPPFSNY,EETPPYSNY,1,1,286.0,277.0,False,Conserved,3,AETPPFSNY,3,EETPPFSNY,5,0.6931471805599453,EETPPYSNY,0.047653999999999974,AEETPPFSNY,EETPPFSNY,EETPPYSNY,Negative,10,9,9,9,9,10,"1,8",0.952346,6,0.6931471805599453,substitution,0.0,1.3214285714285714,Negative,1,cedar,0.0334,AEETPPYSNY,0.0341,AEETPPYSY,True,0.15022216514044906
AISLLSLPL,HLA-A0201,4.1611,0,6,1.6552,0.318,5.5068,HLA-A*02:01,27198675,AISLLSLPL,AIPLLSLPL,0,0,411.0,403.0,False,Conserved,-1,AISLLSLPL,-1,AISLLSLPL,2,1.3862943611198906,AIPLLSLPL,0.05932499999999996,AISLLSLPL,AISLLSLPL,AIPLLSLPL,Negative,9,9,9,9,9,9,"1,3,8",0.940675,2,1.3862943611198906,substitution,0.0,1.3234000624834779,Negative,1,cedar,4.1611,AIPLLSLPL,5.5068,AIPLLSLPL,True,0.1742063579840049
AIVVILMSMV,HLA-A0201,6.2889,0,6,2.0399,0.5531,5.6768,HLA-A*02:01,31511069,AIVVILMSM,IVVLLMSMV,0,1,373.0,364.0,True,Conserved,2,AIVVILMSV,6,AIVVILMSM,"0,1,3,4,5,6,7,8",2.772588722239781,IVVLLMSMV,0.070936,AIVVILMSMV,AIVVILMSM,IVVLLMSMV,Negative,10,9,9,9,9,10,"1,3,8",0.929064,4,1.3862943611198906,substitution,0.0,0.9026697832689342,Negative,1,cedar,8.1741,AIVVLLMSMV,8.9949,AIVVLLMSV,True,0.289638898784849
ALALAQKGVQL,HLA-B0702,0.9954,0,6,4.8097,0.417,1.3579,HLA-B*07:02,27198675,ALAQKGVQL,ALARKGVQL,2,2,38.0,28.0,False,Conserved,1,ALAQKGVQL,1,ALAQKGVQL,3,0.6931471805599453,ALARKGVQL,0.05340800000000001,ALALAQKGVQL,ALAQKGVQL,ALARKGVQL,Negative,11,9,9,9,9,11,"1,8",0.946592,5,0.6931471805599453,substitution,0.0,1.364175205947358,Negative,1,cedar,7.3651,ALALARKGVQL,8.4926,ALALARVQL,True,0.10257457887896268
ALAVIELYNA,HLA-A0201,3.1291,0,6,1.1792,0.6326,1.584,HLA-A*02:01,31511069,ALAVIELYNA,ALIELYNA,0,2,553.0,544.0,True,Conserved,1,ALAVELYNA,-9,ALAVELYNA,"2,3,4",,ALIE-LYNA,0.08020499999999997,ALAVIELYNA,ALAVIELYNA,ALIELYNA,Negative,10,10,8,10,8,10,"1,3,8",0.919795,3,1.791759469228055,substitution,0.0,0.5062158448116072,Negative,1,cedar,3.1291,ALALIELYNA,2.5574,ALALELYNA,True,0.12919424449596895
ALAVKALYPV,HLA-A0201,1.4656,0,6,0.08,0.8423,0.1931,HLA-A*02:01,31511069,ALAVKALYPV,ALAEKALYPV,0,0,461.0,452.0,True,Conserved,-2,ALAKALYPV,-5,ALAKALYPV,"3,4,5,6,7",0.6931471805599453,ALAEKALYV,0.06256600000000001,ALAVKALYPV,ALAVKALYPV,ALAEKALYPV,Negative,10,10,10,10,10,10,"1,3,8",0.937434,3,0.6931471805599453,substitution,0.0,0.13175491266375544,Negative,1,cedar,1.4656,ALAEKALYPV,0.1931,ALAEKALYV,True,0.11822479110660453
ALFALLEIL,HLA-A0201,0.3139,1,6,0.2798,0.7699,2.0171,HLA-A*02:01,"35193931,35193931,35193931,35193931,35193931,35193931",ALFALLEIL,ALFALLEI,0,0,723.0,715.0,True,Improved,-3,ALFALLEIL,-11,ALFALLEIL,"3,4,6,7,8",0.0,ALF-ALLEI,0.035578,ALFALLEIL,ALFALLEIL,ALFALLEI,Positive,9,9,8,9,8,9,"1,3,8",0.964422,8,1.3862943611198906,substitution,0.5,6.425931825422109,"Positive_all,Negative,Positive_all,Positive_all,Negative,Negative",6,cedar,0.3139,ALFALLEIP,3.9993,ALFALLEIP,True,0.28655915410396965
ALIHHNTYL,HLA-A0201,0.0579,1,6,0.0837,0.8338,0.1235,HLA-A*02:01,"30418433,26945006,26945006,26945006,26945006,26945006,26945006,26945006,26389673,26389673,26389673,26389673",ALIHHNTYL,ALIHHNTHL,0,0,474.0,466.0,False,Conserved,2,ALIHHNTYL,2,ALIHHNTYL,7,0.6931471805599453,ALIHHNTHL,0.04503900000000005,ALIHHNTYL,ALIHHNTYL,ALIHHNTHL,Positive,9,9,9,9,9,9,"1,3,8",0.954961,7,0.6931471805599453,substitution,1.0,2.132987910189983,"Positive_all,Positive_all,Positive_all,Positive_all,Positive_all,Positive_all,Positive_all,Positive_all,Positive_all,Positive_all,Positive_all,Positive_all",12,cedar,0.0579,ALIHHNTHL,0.1235,ALIHHNTHL,True,0.3118148302780823
ALLETPSLLL,HLA-A0201,0.0446,1,6,0.4578,0.6813,0.0363,HLA-A*02:01,"27198675,27198675,27198675,27198675",ALLETPSLL,ALLETLSLL,0,0,2334.0,2325.0,False,Conserved,-3,ALLETPLLL,-3,ALLETPSLL,5,1.3862943611198906,ALLETLSLL,0.09166300000000005,ALLETPSLLL,ALLETPSLL,ALLETLSLL,Positive,10,9,9,9,9,10,"1,3,8",0.908337,5,1.3862943611198906,substitution,0.5,0.8139013452914797,"Negative,Positive_all,Negative,Positive_all",4,cedar,0.1538,ALLETLSLLL,0.2448,ALLETLLLL,True,0.21975562738985494
ALLQVTLLL,HLA-A0201,0.0995,1,6,0.3452,0.7086,0.1342,HLA-A*02:01,"30418433,27198675",ALLQVTLLL,ALSQVTLLL,0,0,367.0,359.0,False,Conserved,-2,ALLQVTLLL,-2,ALLQVTLLL,2,0.6931471805599453,ALSQVTLLL,0.053108000000000044,ALLQVTLLL,ALLQVTLLL,ALSQVTLLL,Positive,9,9,9,9,9,9,"1,3,8",0.946892,2,0.6931471805599453,substitution,0.5,1.348743718592965,"Positive_all,Negative",2,cedar,0.0995,ALSQVTLLL,0.1342,ALSQVTLLL,True,0.3162543783750946
ALQHFELENSL,HLA-A0201,0.3415,0,6,0.4065,0.323,0.4922,HLA-A*02:01,27198675,ALQHFELENSL,ALQHFELANSL,0,0,250.0,240.0,False,Conserved,-1,AHFELENSL,-1,ALFELENSL,5,0.6931471805599453,ALFELANSL,0.04465399999999997,ALQHFELENSL,ALQHFELENSL,ALQHFELANSL,Negative,11,11,11,11,11,11,"1,3,8",0.955346,7,0.6931471805599453,substitution,0.0,1.4412884333821376,Negative,1,cedar,0.3415,ALQHFELANSL,0.4922,ALFELANSL,True,0.11038090909093033
ALVRGVCMKV,HLA-A0201,1.2789,0,6,0.3971,0.7415,0.9676,HLA-A*02:01,31511069,ALVRGVCMKV,ALVRGVFMKV,0,0,140.0,131.0,True,Conserved,-2,ALVRGVMKV,-6,ALVRGVMKV,"3,4,5",2.4849066497880004,ALVGVFMKV,0.09992900000000005,ALVRGVCMKV,ALVRGVCMKV,ALVRGVFMKV,Negative,10,10,10,10,10,10,"1,3,8",0.900071,6,0.6931471805599453,substitution,0.0,0.7565876925482837,Negative,1,cedar,1.2789,ALVRGVFMKV,0.9676,ALVGVFMKV,True,0.1924617291073846
AMAGSLVFL,HLA-A0201,0.0845,1,6,0.0247,0.8813,0.1194,HLA-A*02:01,"30418433,27198675",AMAGSLVFL,AMAGSPVFL,0,0,158.0,150.0,False,Conserved,-3,AMAGSLVFL,-3,AMAGSLVFL,5,1.3862943611198906,AMAGSPVFL,0.09639200000000003,AMAGSLVFL,AMAGSLVFL,AMAGSPVFL,Positive,9,9,9,9,9,9,"1,3,8",0.903608,5,1.3862943611198906,substitution,0.5,1.4130177514792899,"Positive_all,Negative",2,cedar,0.0845,AMAGSPVFL,0.1194,AMAGSPVFL,True,0.30312359515609283
AMAGSLVFL,HLA-B0702,6.2205,0,6,0.0247,0.8813,3.9303,HLA-B*07:02,27198675,AMAGSLVFL,AMAGSPVFL,0,0,158.0,150.0,False,Conserved,-3,AMAGSLVFL,-3,AMAGSLVFL,5,1.3862943611198906,AMAGSPVFL,0.09639200000000003,AMAGSLVFL,AMAGSLVFL,AMAGSPVFL,Negative,9,9,9,9,9,9,"1,8",0.903608,5,1.3862943611198906,substitution,0.0,0.6318302387267904,Negative,1,cedar,6.2205,AMAGSPVFL,3.9303,AMAGSPVFL,True,0.17795340335077017
AMAGSLVFL,HLA-A2402,4.1874,0,6,0.0247,0.8813,3.2724,HLA-A*24:02,27198675,AMAGSLVFL,AMAGSPVFL,0,0,158.0,150.0,False,Conserved,-3,AMAGSLVFL,-3,AMAGSLVFL,5,1.3862943611198906,AMAGSPVFL,0.09639200000000003,AMAGSLVFL,AMAGSLVFL,AMAGSPVFL,Negative,9,9,9,9,9,9,"1,8",0.903608,5,1.3862943611198906,substitution,0.0,0.7814873191001577,Negative,1,cedar,4.1874,AMAGSPVFL,3.2724,AMAGSPVFL,True,0.16995190972779387
AMAVLYLAL,HLA-A0201,1.9184,0,6,0.4049,0.7439,4.0305,HLA-A*02:01,"31655052,31655052",AMAVLYLAL,AVAVLYLAL,0,0,200.0,192.0,True,Conserved,1,AMAVLYLAL,1,AMAVLYLAL,1,0.0,AVAVLYLAL,0.025815000000000032,AMAVLYLAL,AMAVLYLAL,AVAVLYLAL,Negative,9,9,9,9,9,9,"1,3,8",0.974185,1,0.0,substitution,0.0,2.1009695579649708,"Negative,Negative",2,cedar,1.9184,AVAVLYLAL,4.0305,AVAVLYLAL,True,0.2302738967581775
AMHNQLTDMEK,HLA-A0301,0.4073,0,6,0.4375,0.5576,0.3973,HLA-A*03:01,31511069,AMHNQLTDMEK,AIHNQLTDMEK,0,0,182.0,172.0,True,Conserved,1,AMHNQLMEK,1,AMHNQLMEK,1,1.0986122886681098,AIHNQLMEK,0.017001000000000044,AMHNQLTDMEK,AMHNQLTDMEK,AIHNQLTDMEK,Negative,11,11,11,11,11,11,"0,1,8",0.982999,1,1.0986122886681098,substitution,0.0,0.9754480726737048,Negative,1,cedar,0.4073,AIHNQLTDMEK,0.3973,AIHNQLMEK,True,0.11408813090546108
AMLSKVVIL,HLA-A0201,0.099,0,6,0.5509,0.6591,0.482,HLA-A*02:01,33479501,AMLSKVVIL,AMPSKVVIL,0,0,1713.0,1705.0,False,Conserved,-3,AMLSKVVIL,-3,AMLSKVVIL,2,1.3862943611198906,AMPSKVVIL,0.07625499999999996,AMLSKVVIL,AMLSKVVIL,AMPSKVVIL,Negative,9,9,9,9,9,9,"1,3,8",0.923745,2,1.3862943611198906,substitution,0.0,4.8686868686868685,Negative,1,cedar,0.099,AMPSKVVIL,0.482,AMPSKVVIL,True,0.24344687782929547
APESRERVPSV,HLA-B0702,0.4401,0,6,0.6637,0.4619,0.232,HLA-B*07:02,27198675,APESRERVPSV,EPRERVPSV,0,2,541.0,531.0,False,Conserved,-1,APRERVPSV,-1,APRERVPSV,0,0.6931471805599453,EPRERVPSV,0.07881700000000003,APESRERVPSV,APESRERVPSV,EPRERVPSV,Negative,11,11,9,11,9,11,"1,8",0.921183,3,1.3862943611198906,substitution,0.0,0.5271529197909567,Negative,1,cedar,0.4401,APEPRERVPSV,0.4006,APRERVPSV,True,0.1020921134896567
APTPLPAPQQY,HLA-B3501,0.0057,0,6,1.268,0.3431,0.0053,HLA-B*35:01,27198675,TPLPAPQQY,TPSPAPQQY,2,2,100.0,90.0,False,Conserved,-2,APLPAPQQY,-2,TPLPAPQQY,2,0.6931471805599453,TPSPAPQQY,0.06591999999999998,APTPLPAPQQY,TPLPAPQQY,TPSPAPQQY,Negative,11,9,9,9,9,11,"1,8",0.93408,4,0.6931471805599453,substitution,0.0,0.9298245614035088,Negative,1,cedar,0.1852,APTPSPAPQQY,0.2144,APSPAPQQY,True,0.10624213997555881
APTRTVKII,HLA-B0702,0.4434,0,6,0.5974,0.4778,0.4521,HLA-B*07:02,27198675,APTRTVKII,APTRTVEI,0,0,569.0,561.0,False,Conserved,1,APTRTVKII,-12,APTRTVKII,"3,4,5,6,7",,APT-RTVEI,0.07153600000000004,APTRTVKII,APTRTVKII,APTRTVEI,Negative,9,9,8,9,8,9,"1,8",0.928464,6,0.6931471805599453,substitution,0.0,1.0196211096075778,Negative,1,cedar,0.4434,APTRTVEII,0.8057,APTRTVEII,True,0.21435024105827466
APTRTVKIINV,HLA-B0702,0.4434,0,6,4.6379,0.1808,0.4521,HLA-B*07:02,27198675,APTRTVKII,APTRTVEI,0,0,571.0,561.0,True,Conserved,1,APTRKIINV,-12,APTRTVKII,"3,4,5,6,7",,APT-RTVEI,0.07153600000000004,APTRTVKIINV,APTRTVKII,APTRTVEI,Negative,11,9,8,9,8,11,"1,8",0.928464,6,0.6931471805599453,substitution,0.0,1.0196211096075778,Negative,1,cedar,3.6801,APTRTVEIINV,5.4467,APTRTVINV,True,0.1498829303586934
AQFKGAWIL,HLA-A0201,0.4326,0,6,0.0177,0.4881,1.6461,HLA-A*02:01,"27198675,27198675,27198675,27198675",AQFKGAWIL,AQSKGAWIL,0,0,180.0,172.0,False,Improved,-2,AQFKGAWIL,-2,AQFKGAWIL,2,0.6931471805599453,AQSKGAWIL,0.08280900000000002,AQFKGAWIL,AQFKGAWIL,AQSKGAWIL,Negative,9,9,9,9,9,9,"1,3,8",0.917191,2,0.6931471805599453,substitution,0.0,3.805131761442441,"Negative,Negative,Negative,Negative",4,cedar,0.4326,AQSKGAWIL,1.6461,AQSKGAWIL,True,0.2100086239006539
AQVELNLML,HLA-A0201,0.4749,0,6,0.133,0.3569,1.2207,HLA-A*02:01,27198675,AQVELNLML,AQEELNLML,0,0,719.0,711.0,False,Conserved,-2,AQVELNLML,-2,AQVELNLML,2,0.6931471805599453,AQEELNLML,0.06717300000000004,AQVELNLML,AQVELNLML,AQEELNLML,Negative,9,9,9,9,9,9,"1,3,8",0.932827,2,0.6931471805599453,substitution,0.0,2.570435881238155,Negative,1,cedar,0.4749,AQEELNLML,1.2207,AQEELNLML,True,0.20353340280762774
AQYTLMVQAV,HLA-A0201,0.8008,0,6,0.0449,0.4251,1.3766,HLA-A*02:01,31511069,AQYTLMVQA,AQYTLMAQA,0,0,131.0,122.0,False,Conserved,0,AQYTLVQAV,0,AQYTLMVQA,6,1.3862943611198906,AQYTLMAQA,0.04105800000000004,AQYTLMVQAV,AQYTLMVQA,AQYTLMAQA,Negative,10,9,9,9,9,10,"1,3,8",0.958942,6,1.3862943611198906,substitution,0.0,1.719030969030969,Negative,1,cedar,2.0274,AQYTLMAQAV,3.123,AQYTLMQAV,True,0.1765601563016324
ARFAVNLRL,HLA-B2705,0.0053,0,6,0.0385,0.719,8.7252,HLA-B*27:05,34518289,ARFAVNLRL,AGFAVNLRL,0,0,264.0,256.0,True,Improved,-2,ARFAVNLRL,-2,ARFAVNLRL,1,1.791759469228055,AGFAVNLRL,0.059867000000000004,ARFAVNLRL,ARFAVNLRL,AGFAVNLRL,Negative,9,9,9,9,9,9,"1,8",0.940133,1,1.791759469228055,substitution,0.0,1646.264150943396,Negative,1,cedar,0.0053,AGFAVNLRL,8.7252,AGFAVNLRL,True,0.40233750910596033
ATFLCPANV,HLA-A0201,1.993,0,6,0.3485,0.5619,5.1654,HLA-A*02:01,31511069,ATFLCPANV,ATFLCPADV,0,0,130.0,122.0,False,Conserved,1,ATFLCPANV,1,ATFLCPANV,7,0.6931471805599453,ATFLCPADV,0.040993999999999975,ATFLCPANV,ATFLCPANV,ATFLCPADV,Negative,9,9,9,9,9,9,"1,3,8",0.959006,7,0.6931471805599453,substitution,0.0,2.59177119919719,Negative,1,cedar,1.993,ATFLCPADV,5.1654,ATFLCPADV,True,0.1484116433714487
ATFRNNQMK,HLA-A0301,0.12,0,6,0.0561,0.762,0.0827,HLA-A*03:01,31511069,ATFRNNQMK,ATFRNNHMK,0,0,10.0,2.0,False,Conserved,0,ATFRNNQMK,0,ATFRNNQMK,6,1.3862943611198906,ATFRNNHMK,0.068241,ATFRNNQMK,ATFRNNQMK,ATFRNNHMK,Negative,9,9,9,9,9,9,"0,1,8",0.931759,6,1.3862943611198906,substitution,0.0,0.6891666666666667,Negative,1,cedar,0.12,ATFRNNHMK,0.0827,ATFRNNHMK,True,0.14625398228276754
AVGSYVYSV,HLA-A0201,0.1353,1,6,0.0813,0.8072,0.0962,HLA-A*02:01,"30418433,30418433,27198675,27198675,27198675,27198675,27198675,27198675,27198675",AVGSYVYSV,AVGSHVYSV,0,0,473.0,465.0,False,Conserved,2,AVGSYVYSV,2,AVGSYVYSV,4,0.6931471805599453,AVGSHVYSV,0.07000799999999996,AVGSYVYSV,AVGSYVYSV,AVGSHVYSV,Positive,9,9,9,9,9,9,"1,3,8",0.929992,4,0.6931471805599453,substitution,0.5555555555555556,0.7110125646711012,"Positive_all,Positive_all,Positive_all,Positive_all,Positive_all,Negative,Negative,Negative,Negative",9,cedar,0.1353,AVGSHVYSV,0.0962,AVGSHVYSV,True,0.21402605414301856
AYSFQSLLY,HLA-A2402,0.637,0,6,0.0231,0.8055,0.36,HLA-A*24:02,27198675,AYSFQSLLY,AYPFQSLLY,0,0,277.0,269.0,False,Conserved,-1,AYSFQSLLY,-1,AYSFQSLLY,2,1.3862943611198906,AYPFQSLLY,0.07162199999999996,AYSFQSLLY,AYSFQSLLY,AYPFQSLLY,Negative,9,9,9,9,9,9,"1,8",0.928378,2,1.3862943611198906,substitution,0.0,0.5651491365777079,Negative,1,cedar,0.637,AYPFQSLLY,0.36,AYPFQSLLY,True,0.1558151417338916
AYSFQSLLYL,HLA-A2402,0.4353,0,6,0.4103,0.4885,0.2813,HLA-A*24:02,27198675,AYSFQSLLYL,AYPFQSLLYL,0,0,278.0,269.0,False,Conserved,-1,AYFQSLLYL,-4,AYFQSLLYL,2,-1.0,AYPQSLLYL,0.05583199999999999,AYSFQSLLYL,AYSFQSLLYL,AYPFQSLLYL,Negative,10,10,10,10,10,10,"1,8",0.944168,2,1.3862943611198906,substitution,0.0,0.6462209970135538,Negative,1,cedar,0.4353,AYPFQSLLYL,0.2813,AYPQSLLYL,True,0.20188074955952784
CGILAENTALY,HLA-B3501,0.4013,0,6,0.6632,0.3137,0.4345,HLA-B*35:01,27198675,ILAENTALY,ILAEDTALY,2,2,2928.0,2918.0,False,Conserved,1,CLAENTALY,1,ILAENTALY,4,0.6931471805599453,ILAEDTALY,0.05632199999999998,CGILAENTALY,ILAENTALY,ILAEDTALY,Negative,11,9,9,9,9,11,"1,8",0.943678,6,0.6931471805599453,substitution,0.0,1.0827311238474957,Negative,1,cedar,9.7314,CGILAEDTALY,9.5922,CLAEDTALY,True,0.11699435466447988
CLLTNWPSV,HLA-A0201,0.8263,0,6,0.1753,0.8727,0.0905,HLA-A*02:01,31511069,CLLTNWPSV,SLLTNWPSV,0,0,231.0,223.0,False,Conserved,-1,CLLTNWPSV,-1,CLLTNWPSV,0,1.3862943611198906,SLLTNWPSV,0.03133600000000003,CLLTNWPSV,CLLTNWPSV,SLLTNWPSV,Negative,9,9,9,9,9,9,"1,3,8",0.968664,0,1.3862943611198906,substitution,0.0,0.10952438581628947,Negative,1,cedar,0.8263,SLLTNWPSV,0.0905,SLLTNWPSV,True,0.18757681194042594
CMGENQFNV,HLA-A0201,0.7237,0,6,0.1285,0.8861,0.0275,HLA-A*02:01,31511069,CMGENQFNV,FMGENQFNV,0,0,190.0,182.0,False,Conserved,-2,CMGENQFNV,-2,CMGENQFNV,0,0.6931471805599453,FMGENQFNV,0.04181999999999997,CMGENQFNV,CMGENQFNV,FMGENQFNV,Negative,9,9,9,9,9,9,"1,3,8",0.95818,0,0.6931471805599453,substitution,0.0,0.03799917092717977,Negative,1,cedar,0.7237,FMGENQFNV,0.0275,FMGENQFNV,True,0.12721237452265222
CPFSQCTKSF,HLA-B0702,1.4842,0,6,0.3265,0.5452,1.0326,HLA-B*07:02,27198675,CPFSQCTKSF,CPFPQCTKSF,0,0,307.0,298.0,False,Conserved,-1,CPFSQTKSF,-1,CPFSQTKSF,3,1.3862943611198906,CPFPQTKSF,0.07904100000000003,CPFSQCTKSF,CPFSQCTKSF,CPFPQCTKSF,Negative,10,10,10,10,10,10,"1,8",0.920959,3,1.3862943611198906,substitution,0.0,0.6957283384988546,Negative,1,cedar,1.4842,CPFPQCTKSF,1.0326,CPFPQTKSF,True,0.09830800465600069
CTFSEVAAHY,HLA-A0101,0.1964,0,6,0.069,0.5466,0.057,HLA-A*01:01,33479501,FSEVAAHY,TSSEVAAHY,2,1,1283.0,1274.0,True,Conserved,-2,CTFEVAAHY,-8,FSE-VAAHY,"0,2,3",,TSSEVAAHY,0.06939300000000004,CTFSEVAAHY,FSEVAAHY,TSSEVAAHY,Negative,10,8,9,8,9,10,"1,2,8",0.930607,2,0.6931471805599453,substitution,0.0,0.29022403258655805,Negative,1,cedar,0.4624,CTSSEVAAHY,0.3384,CTSSEAAHY,True,0.133893720338008
DFLRNIPRSIF,HLA-A2402,1.8378,0,6,3.0491,0.2036,1.7214,HLA-A*24:02,27198675,DFLRNIPRSIF,DFLRNIPGSIF,0,0,446.0,436.0,True,Conserved,-2,DFLRNIPRF,-10,DFLRNIPRF,"4,5,6,7",1.6094379124341003,DFLRPGSIF,0.07106000000000001,DFLRNIPRSIF,DFLRNIPRSIF,DFLRNIPGSIF,Negative,11,11,11,11,11,11,"1,8",0.92894,7,1.791759469228055,substitution,0.0,0.9366634018935683,Negative,1,cedar,1.8378,DFLRNIPGSIF,1.7214,DFLRPGSIF,True,0.11648917213044
DIFQVVKAI,HLA-A6802,0.4208,0,6,0.3254,0.2753,0.3276,HLA-A*68:02,30556813,DIFQVVKAI,DIFQVVKAL,0,0,1090.0,1082.0,True,Conserved,2,DIFQVVKAI,2,DIFQVVKAI,8,1.3862943611198906,DIFQVVKAL,0.008736999999999995,DIFQVVKAI,DIFQVVKAI,DIFQVVKAL,Negative,9,9,9,9,9,9,"0,1,8",0.991263,8,1.3862943611198906,substitution,0.0,0.7785171102661597,Negative,1,cedar,0.4208,DIFQVVKAL,0.3276,DIFQVVKAL,True,0.1934970340546122
DMWSIEVICY,HLA-B3501,2.343,0,6,1.0296,0.4308,3.1043,HLA-B*35:01,27198675,WSIEVICY,DMWSIGVICY,2,0,1652.0,1643.0,True,Conserved,-2,DMWSIEVIY,-9,WSIEV-ICY,"0,1,2,3,4,5,6,7",1.0986122886681098,DMWSIGVIY,0.16748300000000005,DMWSIEVICY,WSIEVICY,DMWSIGVICY,Negative,10,8,10,8,10,10,"1,8",0.832517,5,0.6931471805599453,substitution,0.0,1.3249253094323516,Negative,1,cedar,3.3798,DMWSIGVICY,3.1043,DMWSIGVIY,True,0.2410382604517073
DVKAIGPLV,HLA-A2601,0.7853,0,6,1.5573,0.4594,1.6229,HLA-A*26:01,30556813,DVKAIGPLV,DVKAMGPLV,0,0,279.0,271.0,False,Conserved,1,DVKAIGPLV,1,DVKAIGPLV,4,1.0986122886681098,DVKAMGPLV,0.049834000000000045,DVKAIGPLV,DVKAIGPLV,DVKAMGPLV,Negative,9,9,9,9,9,9,"0,1,8",0.950166,4,1.0986122886681098,substitution,0.0,2.066598752069273,Negative,1,cedar,0.7853,DVKAMGPLV,1.6229,DVKAMGPLV,True,0.13368314425737474
DYRQDEYYNF,HLA-A2402,0.2876,0,6,0.6243,0.424,0.3645,HLA-A*24:02,"34270940,34270940",DYRQDEYYNF,DYRQDESYNF,0,0,520.0,511.0,False,Conserved,-2,DYQDEYYNF,-2,DYQDEYYNF,5,0.6931471805599453,DYQDESYNF,0.07254799999999995,DYRQDEYYNF,DYRQDEYYNF,DYRQDESYNF,Negative,10,10,10,10,10,10,"1,8",0.927452,6,0.6931471805599453,substitution,0.0,1.2673852573018078,"Negative,Negative",2,cedar,0.2876,DYRQDESYNF,0.3645,DYQDESYNF,True,0.24193315579214858
EETPPFSNY,HLA-B4403,0.0056,0,6,0.1061,0.5781,0.0074,HLA-B*44:03,30556813,EETPPFSNY,EETPPYSNY,0,0,286.0,278.0,False,Conserved,3,EETPPFSNY,3,EETPPFSNY,5,0.6931471805599453,EETPPYSNY,0.047653999999999974,EETPPFSNY,EETPPFSNY,EETPPYSNY,Negative,9,9,9,9,9,9,"1,8",0.952346,5,0.6931471805599453,substitution,0.0,1.3214285714285714,Negative,1,cedar,0.0056,EETPPYSNY,0.0074,EETPPYSNY,True,0.2947700881005308
EMDMHLSDY,HLA-A0101,0.0816,0,6,0.0664,0.6043,0.0752,HLA-A*01:01,30556813,EMDMHLSDY,EMDMHISDY,0,0,824.0,816.0,False,Conserved,2,EMDMHLSDY,2,EMDMHLSDY,5,1.3862943611198906,EMDMHISDY,0.03341099999999997,EMDMHLSDY,EMDMHLSDY,EMDMHISDY,Negative,9,9,9,9,9,9,"1,2,8",0.966589,5,1.3862943611198906,substitution,0.0,0.9215686274509803,Negative,1,cedar,0.0816,EMDMHISDY,0.0752,EMDMHISDY,True,0.29020494557443777
ETPPFSNYNTL,HLA-A2601,0.1031,0,6,1.2156,0.4956,0.1436,HLA-A*26:01,30556813,ETPPFSNY,ETPPYSNY,0,0,289.0,279.0,False,Conserved,3,ETFSNYNTL,3,ET-PPFSNY,5,0.6931471805599453,ET-PPYSNY,0.05605800000000005,ETPPFSNYNTL,ETPPFSNY,ETPPYSNY,Negative,11,8,8,8,8,11,"0,1,8",0.943942,4,0.6931471805599453,substitution,0.0,1.3928225024248304,Negative,1,cedar,1.2731,ETPPYSNYNTL,1.5306,ETPPNYNTL,True,0.09534891969135267
ETVKNLLEF,HLA-B3501,0.4408,0,6,0.0068,0.7059,12.6412,HLA-B*35:01,27198675,ETVKNLLEF,ETVKNLLES,0,0,560.0,552.0,True,Improved,-2,ETVKNLLEF,-2,ETVKNLLEF,8,0.6931471805599453,ETVKNLLES,0.026587999999999945,ETVKNLLEF,ETVKNLLEF,ETVKNLLES,Negative,9,9,9,9,9,9,"1,8",0.973412,8,0.6931471805599453,substitution,0.0,28.67785843920145,Negative,1,cedar,0.4408,ETVKNLLES,12.6412,ETVKNLLES,True,0.16504220721523916
FARAHALMF,HLA-B1501,0.6037,1,6,0.0083,0.7949,0.365,HLA-B*15:01,"29643231,29643231,29643231",FARAHALMF,FARAHPLMF,0,0,415.0,407.0,False,Conserved,-1,FARAHALMF,-1,FARAHALMF,5,1.3862943611198906,FARAHPLMF,0.08337300000000003,FARAHALMF,FARAHALMF,FARAHPLMF,Positive,9,9,9,9,9,9,"1,8",0.916627,5,1.3862943611198906,substitution,0.6666666666666666,0.6046049362266026,"Negative,Positive_all,Positive_all",3,cedar,0.6037,FARAHPLMF,0.365,FARAHPLMF,True,0.1608783665507685
FAVGSYVYSV,HLA-A0201,0.1353,1,6,0.0856,0.7712,0.0962,HLA-A*02:01,27198675,AVGSYVYSV,AVGSHVYSV,1,1,473.0,464.0,False,Conserved,2,FAVGSVYSV,2,AVGSYVYSV,4,0.6931471805599453,AVGSHVYSV,0.07000799999999996,FAVGSYVYSV,AVGSYVYSV,AVGSHVYSV,Negative,10,9,9,9,9,10,"1,3,8",0.929992,5,0.6931471805599453,substitution,0.0,0.7110125646711012,Negative,1,cedar,2.9531,FAVGSHVYSV,2.0692,FVGSHVYSV,True,0.2809869960024368
FAWEPFVAQF,HLA-B1501,2.1824,0,6,0.1558,0.5541,1.1504,HLA-B*15:01,27198675,FAWEPFVAQF,FAREPFVAQF,0,0,132.0,123.0,False,Conserved,-3,FAWEPVAQF,-3,FAWEPVAQF,2,0.6931471805599453,FAREPVAQF,0.09747499999999998,FAWEPFVAQF,FAWEPFVAQF,FAREPFVAQF,Negative,10,10,10,10,10,10,"1,8",0.902525,2,0.6931471805599453,substitution,0.0,0.527126099706745,Negative,1,cedar,2.1824,FAREPFVAQF,1.1504,FAREPVAQF,True,0.13988958262691603
FGLLGNILLVI,HLA-A0224,0.0279,1,6,1.6861,0.6466,0.0562,HLA-A*02:24,31221207,GLLGNILLV,GLLGNILVV,1,1,69.0,59.0,False,Conserved,1,FLLGNILLV,1,GLLGNILLV,7,1.791759469228055,GLLGNILVV,0.021241999999999983,FGLLGNILLV,GLLGNILLV,GLLGNILVV,Positive,11,9,9,9,9,11,"1,3,8",0.978758,8,1.791759469228055,substitution,1.0,2.0143369175627237,Positive_all,1,cedar,3.9848,FGLLGNILVVI,5.3259,FLLGNILVV,True,0.26095654404648605
FIHGGAIATV,HLA-A0201,0.4698,0,6,0.0493,0.859,2.794,HLA-A*02:01,31511069,FIHGGAIATV,FIHGGAIATM,0,0,159.0,150.0,True,Improved,1,FIHGGIATV,1,FIHGGIATV,8,0.0,FIHGGIATM,0.01027800000000001,FIHGGAIATV,FIHGGAIATV,FIHGGAIATM,Negative,10,10,10,10,10,10,"1,3,8",0.989722,9,0.0,substitution,0.0,5.947211579395487,Negative,1,cedar,0.4698,FIHGGAIATM,2.794,FIHGGIATM,True,0.21986533502541528
FILAERSSLF,HLA-B3501,1.7672,0,6,0.2136,0.4204,3.0794,HLA-B*35:01,27198675,ILAERSSLF,FILAERSSL,1,0,,,True,Conserved,-2,FIAERSSLF,-3,ILAERSSLF,"0,1,2,3,4,5,7,8",3.091042453358316,FILAERSSL,0.07688700000000004,FILAERSSLF,ILAERSSLF,FILAERSSL,Negative,10,9,9,9,9,10,"1,8",0.923113,9,0.6931471805599453,substitution,0.0,1.7425305568130376,Negative,1,cedar,3.9147,FILAERSSLS,55.0,FILAERSSL,True,0.11629676403105924
FILMGLPHV,HLA-A0203,0.1593,0,6,0.0089,0.827,0.7015,HLA-A*02:03,33262196,FILMGLPHV,FILMGLPHA,0,0,18.0,10.0,True,Improved,0,FILMGLPHV,0,FILMGLPHV,8,1.3862943611198906,FILMGLPHA,0.017862999999999962,FILMGLPHV,FILMGLPHV,FILMGLPHA,Negative,9,9,9,9,9,9,"1,8",0.982137,8,1.3862943611198906,substitution,0.0,4.403640929064658,Negative,1,cedar,0.1593,FILMGLPHA,0.7015,FILMGLPHA,True,0.5510043321108716
FILMGLPHV,HLA-A0206,0.0231,0,6,0.0089,0.827,0.1676,HLA-A*02:06,"33262196,33262196",FILMGLPHV,FILMGLPHA,0,0,18.0,10.0,True,Conserved,0,FILMGLPHV,0,FILMGLPHV,8,1.3862943611198906,FILMGLPHA,0.017862999999999962,FILMGLPHV,FILMGLPHV,FILMGLPHA,Negative,9,9,9,9,9,9,"1,3,8",0.982137,8,1.3862943611198906,substitution,0.0,7.255411255411255,"Negative,Negative",2,cedar,0.0231,FILMGLPHA,0.1676,FILMGLPHA,True,0.606855344632867
FLAPLFLVLL,HLA-A0201,0.0426,1,6,0.0217,0.8847,0.0421,HLA-A*02:01,"32660279,32660279",FLAPLFLVL,FLAPLFMVL,0,0,283.0,274.0,False,Conserved,2,FLAPLLVLL,2,FLAPLFLVL,6,0.6931471805599453,FLAPLFMVL,0.028205000000000036,FLAPLFLVLL,FLAPLFLVL,FLAPLFMVL,Positive,10,9,9,9,9,10,"1,3,8",0.971795,6,0.6931471805599453,substitution,0.5,0.988262910798122,"Positive_all,Negative",2,cedar,0.3303,FLAPLFMVLL,0.4672,FLAPLMVLL,True,0.34907443083279704
FLDEFMEGV,HLA-A0201,0.021,1,6,0.0111,0.8018,0.0105,HLA-A*02:01,30418433,FLDEFMEGV,FLDEFMEAV,0,0,232.0,224.0,False,Conserved,0,FLDEFMEGV,0,FLDEFMEGV,7,1.3862943611198906,FLDEFMEAV,0.03756300000000001,FLDEFMEGV,FLDEFMEGV,FLDEFMEAV,Positive,9,9,9,9,9,9,"1,3,8",0.962437,7,1.3862943611198906,substitution,1.0,0.5,Positive_all,1,cedar,0.021,FLDEFMEAV,0.0105,FLDEFMEAV,True,0.3603009933540933
FLHKGYVPC,HLA-A0201,1.4866,0,6,1.121,0.7076,0.4654,HLA-A*02:01,31511069,FLHKGYVPC,FLHEGYVPC,0,0,97.0,89.0,True,Conserved,1,FLHKGYVPC,1,FLHKGYVPC,3,0.6931471805599453,FLHEGYVPC,0.06010199999999999,FLHKGYVPC,FLHKGYVPC,FLHEGYVPC,Negative,9,9,9,9,9,9,"1,3,8",0.939898,3,0.6931471805599453,substitution,0.0,0.3130633660702274,Negative,1,cedar,1.4866,FLHEGYVPC,0.4654,FLHEGYVPC,True,0.16202669466868494
FLLYYGQDI,HLA-A0201,1.3899,0,6,0.4595,0.8058,3.0705,HLA-A*02:01,31511069,FLLYYGQDI,FLLYYGRDI,0,0,475.0,467.0,False,Conserved,1,FLLYYGQDI,1,FLLYYGQDI,6,0.6931471805599453,FLLYYGRDI,0.051072000000000006,FLLYYGQDI,FLLYYGQDI,FLLYYGRDI,Negative,9,9,9,9,9,9,"1,3,8",0.948928,6,0.6931471805599453,substitution,0.0,2.2091517375350747,Negative,1,cedar,1.3899,FLLYYGRDI,3.0705,FLLYYGRDI,True,0.27953007762544185
FLRNIPRSI,HLA-A0201,1.1961,0,6,0.3943,0.7422,1.9281,HLA-A*02:01,27198675,FLRNIPRSI,FLRNIPGSI,0,0,445.0,437.0,False,Conserved,-2,FLRNIPRSI,-2,FLRNIPRSI,6,1.791759469228055,FLRNIPGSI,0.08890200000000004,FLRNIPRSI,FLRNIPRSI,FLRNIPGSI,Negative,9,9,9,9,9,9,"1,3,8",0.911098,6,1.791759469228055,substitution,0.0,1.6119889641334337,Negative,1,cedar,1.1961,FLRNIPGSI,1.9281,FLRNIPGSI,True,0.10919557115957368
FLRNIPRSI,HLA-B0702,1.6966,0,6,0.3943,0.7422,2.0566,HLA-B*07:02,27198675,FLRNIPRSI,FLRNIPGSI,0,0,445.0,437.0,False,Conserved,-2,FLRNIPRSI,-2,FLRNIPRSI,6,1.791759469228055,FLRNIPGSI,0.08890200000000004,FLRNIPRSI,FLRNIPRSI,FLRNIPGSI,Negative,9,9,9,9,9,9,"1,8",0.911098,6,1.791759469228055,substitution,0.0,1.2121890840504537,Negative,1,cedar,1.6966,FLRNIPGSI,2.0566,FLRNIPGSI,True,0.10407731158406001
FLRNIPRSIF,HLA-B0702,1.6966,0,6,0.1849,0.6736,2.0566,HLA-B*07:02,27198675,FLRNIPRSI,FLRNIPGSI,0,0,446.0,437.0,False,Conserved,-2,FLRNIPRSF,-2,FLRNIPRSI,6,1.791759469228055,FLRNIPGSI,0.08890200000000004,FLRNIPRSIF,FLRNIPRSI,FLRNIPGSI,Negative,10,9,9,9,9,10,"1,8",0.911098,6,1.791759469228055,substitution,0.0,1.2121890840504537,Negative,1,cedar,2.763,FLRNIPGSIF,2.7963,FLRNPGSIF,True,0.12926386261299777
FMFVNSLLL,HLA-A0201,0.2372,1,6,0.0214,0.9353,0.551,HLA-A*02:01,"31921104,31921104",FMFVNSLLL,SMFVNSLLL,0,0,535.0,527.0,False,Conserved,-2,FMFVNSLLL,-2,FMFVNSLLL,0,0.6931471805599453,SMFVNSLLL,0.02725999999999995,FMFVNSLLL,FMFVNSLLL,SMFVNSLLL,Positive,9,9,9,9,9,9,"1,3,8",0.97274,0,0.6931471805599453,substitution,1.0,2.3229342327150087,"Positive_all,Positive_all",2,cedar,0.2372,SMFVNSLLL,0.551,SMFVNSLLL,True,0.3558088800373282
FSLARQFSL,HLA-A0201,1.6667,0,6,0.0256,0.666,6.906,HLA-A*02:01,27198675,FSLARQFSL,FPLARQFSL,0,0,420.0,412.0,True,Improved,-1,FSLARQFSL,-1,FSLARQFSL,1,1.3862943611198906,FPLARQFSL,0.05137899999999995,FSLARQFSL,FSLARQFSL,FPLARQFSL,Negative,9,9,9,9,9,9,"1,3,8",0.948621,1,1.3862943611198906,substitution,0.0,4.143517129657407,Negative,1,cedar,1.6667,FPLARQFSL,6.906,FPLARQFSL,True,0.11971310429816936
FSLPKSVPL,HLA-A0201,1.4232,0,6,0.0067,0.9162,1.2588,HLA-A*02:01,27198675,FSLPKSVPL,SLPESVPL,0,1,232.0,224.0,False,Conserved,1,FSLPKSVPL,-18,FSLPKSVPL,"0,1,2,3,4,5,6,7",1.6094379124341003,SLPESVP-L,0.09980800000000001,FSLPKSVPL,FSLPKSVPL,SLPESVPL,Negative,9,9,8,9,8,9,"1,3,8",0.900192,4,0.6931471805599453,substitution,0.0,0.884485666104553,Negative,1,cedar,1.4232,FSLPESVPL,1.678,FSLPESVPL,True,0.10571198454316547
FSLPKSVPL,HLA-B0702,1.5225,0,6,0.0067,0.9162,3.3301,HLA-B*07:02,27198675,FSLPKSVPL,FSLPESVPL,0,0,232.0,224.0,False,Conserved,1,FSLPKSVPL,1,FSLPKSVPL,4,0.6931471805599453,FSLPESVPL,0.053644000000000025,FSLPKSVPL,FSLPKSVPL,FSLPESVPL,Negative,9,9,9,9,9,9,"1,8",0.946356,4,0.6931471805599453,substitution,0.0,2.1872577996715927,Negative,1,cedar,1.5225,FSLPESVPL,3.3301,FSLPESVPL,True,0.11617996121688459
FSPEFSEFF,HLA-B3501,1.7447,0,6,0.0699,0.5338,3.2134,HLA-B*35:01,27198675,FSPEFSEFF,FSPEFSEF,0,0,418.0,410.0,True,Conserved,0,FSPEFSEFF,-15,FSPEFSEFF,"2,3,4,5,6,7",,FS-PEFSEF,0.05002300000000004,FSPEFSEFF,FSPEFSEFF,FSPEFSEF,Negative,9,9,8,9,8,9,"1,8",0.949977,8,0.6931471805599453,substitution,0.0,1.841806614317648,Negative,1,cedar,1.7447,FSPEFSEFI,12.8015,FSPEFSEFI,True,0.1292112619693785
FSPEFSEFFI,HLA-A0201,8.8129,0,6,0.291,0.3572,2.2458,HLA-A*02:01,27198675,FSPEFSEFF,FSPEFSEFI,0,0,419.0,410.0,True,Conserved,0,FSPEFSEFI,0,FSPEFSEFF,8,0.6931471805599453,FSPEFSEFI,0.021086999999999967,FSPEFSEFFI,FSPEFSEFF,FSPEFSEFI,Negative,10,9,9,9,9,10,"1,3,8",0.978913,8,0.6931471805599453,substitution,0.0,0.2548309863949437,Negative,1,cedar,9.3016,FSPEFSEFII,12.6344,FSPEFSEFI,True,0.1440956011984353
FVALSTCHEL,HLA-A0201,2.816,0,6,0.2335,0.6252,4.5878,HLA-A*02:01,27198675,ALSTCHEL,FVALSTCHGL,2,0,157.0,148.0,True,Conserved,-2,FVALSTHEL,-11,AL-STCHEL,"0,1,2,3,4,5,7",2.5649493574615367,FVALSTHGL,0.135652,FVALSTCHEL,ALSTCHEL,FVALSTCHGL,Negative,10,8,10,8,10,10,"1,3,8",0.864348,8,0.6931471805599453,substitution,0.0,1.6291903409090909,Negative,1,cedar,3.1819,FVALSTCHGL,4.5878,FVALSTHGL,True,0.11388773884378514
FVSFVNMNSLL,HLA-A0201,6.2063,0,6,0.9117,0.5376,6.3812,HLA-A*02:01,27198675,FVSFVNMNSL,FVSFVNMDSL,0,0,114.0,104.0,False,Conserved,1,FVSFVNSLL,4,FVSFVNMSL,-1,,FVSFVNMSL,0.03814899999999999,FVSFVNMNSLL,FVSFVNMNSL,FVSFVNMDSL,Negative,11,10,10,10,10,11,"1,3,8",0.961851,7,0.6931471805599453,substitution,0.0,1.0281810418445774,Negative,1,cedar,9.501,FVSFVNMDSLL,9.0049,FVSFVDSLL,True,0.16883354336199194
FWYYAKVDL,HLA-C0702,1.2869,1,6,0.1248,0.7165,0.2458,HLA-C*07:02,32226429,FWYYAKVDL,FWYYAKVEL,0,0,38.0,30.0,False,Conserved,2,FWYYAKVDL,2,FWYYAKVDL,7,1.3862943611198906,FWYYAKVEL,0.029834000000000027,FWYYAKVDL,FWYYAKVDL,FWYYAKVEL,Positive,9,9,9,9,9,9,"1,8",0.970166,7,1.3862943611198906,substitution,1.0,0.1910016318284249,Positive_all,1,cedar,1.2869,FWYYAKVEL,0.2458,FWYYAKVEL,True,0.2109394142541966
FYHFQDATSW,HLA-A2402,0.2586,0,6,0.1383,0.4265,0.266,HLA-A*24:02,"34270940,34270940",FYHFQDATSW,FYHLQDATSW,0,0,156.0,147.0,False,Conserved,0,FHFQDATSW,0,FYFQDATSW,2,1.791759469228055,FYLQDATSW,0.052709000000000006,FYHFQDATSW,FYHFQDATSW,FYHLQDATSW,Negative,10,10,10,10,10,10,"1,8",0.947291,3,1.791759469228055,substitution,0.0,1.02861562258314,"Negative,Negative",2,cedar,0.2586,FYHLQDATSW,0.266,FYLQDATSW,True,0.1525169405300728
GIIPPSVQV,HLA-A0201,0.0788,0,6,0.9493,0.5588,2.586,HLA-A*02:01,33479501,GIIPPSVQV,KIPPSVQV,0,1,40.0,32.0,True,Improved,-3,GIIPPSVQV,-8,GIIPPSVQV,"0,2",,KI-PPSVQV,0.076623,GIIPPSVQV,GIIPPSVQV,KIPPSVQV,Negative,9,9,8,9,8,9,"1,3,8",0.923377,1,0.0,substitution,0.0,32.81725888324873,Negative,1,cedar,0.0788,GKIPPSVQV,5.66,GKIPPSVQV,True,0.2903895705280868
GLAAIDLIL,HLA-A0201,0.4975,0,6,0.2223,0.7846,0.3508,HLA-A*02:01,31511069,GLAAIDLIL,GLAGIDLIL,0,0,583.0,575.0,True,Conserved,0,GLAAIDLIL,0,GLAAIDLIL,3,1.3862943611198906,GLAGIDLIL,0.05424799999999996,GLAAIDLIL,GLAAIDLIL,GLAGIDLIL,Negative,9,9,9,9,9,9,"1,3,8",0.945752,3,1.3862943611198906,substitution,0.0,0.7051256281407036,Negative,1,cedar,0.4975,GLAGIDLIL,0.3508,GLAGIDLIL,True,0.2054306045771016
GLAMAGSLVFL,HLA-A0201,0.0845,1,6,0.6609,0.699,0.1194,HLA-A*02:01,27198675,AMAGSLVFL,AMAGSPVFL,2,2,158.0,148.0,False,Conserved,-3,GLAGSLVFL,-3,AMAGSLVFL,5,1.3862943611198906,AMAGSPVFL,0.09639200000000003,GLAMAGSLVFL,AMAGSLVFL,AMAGSPVFL,Negative,11,9,9,9,9,11,"1,3,8",0.903608,7,1.3862943611198906,substitution,0.0,1.4130177514792899,Negative,1,cedar,0.6206,GLAMAGSPVFL,0.6698,GLAGSPVFL,True,0.18474070720395142
GLGEEQNHGV,HLA-A0201,0.6758,0,6,1.7599,0.5793,15.1244,HLA-A*02:01,31511069,GLGEEQNHGV,WGEEQNHGV,0,1,148.0,139.0,True,Improved,-2,GLGEEQHGV,-6,GLGEEQHGV,"0,1,2,4,5",1.6094379124341003,WGEEQNHGV,0.06552599999999997,GLGEEQNHGV,GLGEEQNHGV,WGEEQNHGV,Negative,10,10,9,10,9,10,"1,3,8",0.934474,1,0.0,substitution,0.0,22.37999408108908,Negative,1,cedar,0.6758,GWGEEQNHGV,23.7273,GWGEEQHGV,True,0.11624391751670343
GLGKGTYGV,HLA-A0201,0.2464,1,6,0.3452,0.7563,1.4424,HLA-A*02:01,30340600,GLGKGTYGV,GVGKGTYGV,0,0,882.0,874.0,True,Improved,1,GLGKGTYGV,1,GLGKGTYGV,1,1.791759469228055,GVGKGTYGV,0.024702,GLGKGTYGV,GLGKGTYGV,GVGKGTYGV,Positive,9,9,9,9,9,9,"1,3,8",0.975298,1,1.791759469228055,substitution,1.0,5.853896103896103,Positive_all,1,cedar,0.2464,GVGKGTYGV,1.4424,GVGKGTYGV,True,0.15781576372385023
GLGSPTVYK,HLA-A1101,0.0732,0,6,0.0227,0.7477,0.1094,HLA-A*11:01,31511069,GLGSPTVYK,GLGSPTVHK,0,0,413.0,405.0,False,Conserved,2,GLGSPTVYK,2,GLGSPTVYK,7,0.6931471805599453,GLGSPTVHK,0.045533000000000046,GLGSPTVYK,GLGSPTVYK,GLGSPTVHK,Negative,9,9,9,9,9,9,"0,1,8",0.954467,7,0.6931471805599453,substitution,0.0,1.494535519125683,Negative,1,cedar,0.0732,GLGSPTVHK,0.1094,GLGSPTVHK,True,0.16027732322220734
GPPDRCQPA,HLA-B0702,2.3193,0,6,1.4397,0.1985,3.3723,HLA-B*07:02,27198675,GPPDRCQPA,GPPDRCQHA,0,0,335.0,327.0,False,Conserved,-2,GPPDRCQPA,-2,GPPDRCQPA,7,0.6931471805599453,GPPDRCQHA,0.08628599999999997,GPPDRCQPA,GPPDRCQPA,GPPDRCQHA,Negative,9,9,9,9,9,9,"1,8",0.913714,7,0.6931471805599453,substitution,0.0,1.4540162980209546,Negative,1,cedar,2.3193,GPPDRCQHA,3.3723,GPPDRCQHA,True,0.17689067192052182
GPQTVWTGA,HLA-B0702,1.7962,0,6,0.4101,0.3438,4.8201,HLA-B*07:02,27198675,GPQTVWTGA,GPQTVWTGP,0,0,2589.0,2581.0,True,Conserved,-1,GPQTVWTGA,-1,GPQTVWTGA,8,1.3862943611198906,GPQTVWTGP,0.029357999999999995,GPQTVWTGA,GPQTVWTGA,GPQTVWTGP,Negative,9,9,9,9,9,9,"1,8",0.970642,8,1.3862943611198906,substitution,0.0,2.683498496826634,Negative,1,cedar,1.7962,GPQTVWTGP,4.8201,GPQTVWTGP,True,0.11887068979401777
GPQTVWTGAW,HLA-B3501,3.9047,0,6,1.9854,0.2907,6.9594,HLA-B*35:01,27198675,GPQTVWTGAW,GPQTVWTGPW,0,0,2590.0,2581.0,False,Conserved,-1,GPQTVTGAW,-1,GPQTVTGAW,7,1.3862943611198906,GPQTVTGPW,0.04600899999999997,GPQTVWTGAW,GPQTVWTGAW,GPQTVWTGPW,Negative,10,10,10,10,10,10,"1,8",0.953991,8,1.3862943611198906,substitution,0.0,1.7823136220452274,Negative,1,cedar,3.9047,GPQTVWTGPW,6.9594,GPQTVTGPW,True,0.14070952036040163
GPQTVWTGAW,HLA-B0702,1.7962,0,6,1.9854,0.2907,3.3094,HLA-B*07:02,27198675,GPQTVWTGA,GPQTVWTGPW,0,0,2590.0,2581.0,True,Conserved,-1,GPQTVTGAW,-9,GPQTVWTGA,"5,6,7,8",-1.0,GPQTVTGPW,0.07832399999999995,GPQTVWTGAW,GPQTVWTGA,GPQTVWTGPW,Negative,10,9,10,9,10,10,"1,8",0.921676,8,1.3862943611198906,substitution,0.0,1.842445162008685,Negative,1,cedar,2.3519,GPQTVWTGPW,3.3094,GPQTVTGPW,True,0.14793415229554893
GSYVYSVAK,HLA-A1101,0.0353,0,6,0.0181,0.8127,0.1596,HLA-A*11:01,27198675,GSYVYSVAK,GSHVYSVAK,0,0,475.0,467.0,False,Conserved,2,GSYVYSVAK,2,GSYVYSVAK,2,0.6931471805599453,GSHVYSVAK,0.05697300000000005,GSYVYSVAK,GSYVYSVAK,GSHVYSVAK,Negative,9,9,9,9,9,9,"0,1,8",0.943027,2,0.6931471805599453,substitution,0.0,4.521246458923513,Negative,1,cedar,0.0353,GSHVYSVAK,0.1596,GSHVYSVAK,True,0.2365943540490933
HHWQSTIGM,HLA-B0702,7.1356,0,6,0.0201,0.6762,8.869,HLA-B*07:02,27198675,HHWQSTIGM,HHWRSTIGM,0,0,253.0,245.0,False,Conserved,1,HHWQSTIGM,1,HHWQSTIGM,3,0.6931471805599453,HHWRSTIGM,0.06496000000000002,HHWQSTIGM,HHWQSTIGM,HHWRSTIGM,Negative,9,9,9,9,9,9,"1,8",0.93504,3,0.6931471805599453,substitution,0.0,1.2429228095745277,Negative,1,cedar,7.1356,HHWRSTIGM,8.869,HHWRSTIGM,True,0.1750220381243325
HIDKWCLDLK,HLA-A0301,2.4715,0,6,0.6081,0.5122,2.7846,HLA-A*03:01,31511069,HIDKWCLDLK,HIDKWCRDLK,0,0,47.0,38.0,True,Conserved,-2,HIDKWCLLK,-7,HIDKWCLLK,"5,6",0.6931471805599453,HIDKWRDLK,0.09166399999999997,HIDKWCLDLK,HIDKWCLDLK,HIDKWCRDLK,Negative,10,10,10,10,10,10,"0,1,8",0.908336,6,1.3862943611198906,substitution,0.0,1.1266841998786163,Negative,1,cedar,2.4715,HIDKWCRDLK,2.7846,HIDKWRDLK,True,0.23378118322527414
HLYRCRLSSL,HLA-A0201,4.1383,0,6,0.0093,0.786,2.7446,HLA-A*02:01,31511069,HLYRCRLSSL,HLYRCQLSSL,0,0,146.0,137.0,False,Conserved,1,HLYRRLSSL,-3,HLYRCLSSL,4,-1.0,HLYRQLSSL,0.05490499999999998,HLYRCRLSSL,HLYRCRLSSL,HLYRCQLSSL,Negative,10,10,10,10,10,10,"1,3,8",0.945095,5,0.6931471805599453,substitution,0.0,0.6632191962883309,Negative,1,cedar,4.1383,HLYRCQLSSL,2.7446,HLYRQLSSL,True,0.10872412235448053
HMTEVVRHC,HLA-A0201,1.7606,1,6,6.454,0.3545,2.504,HLA-A*02:01,"32518267,32518267,32518267,32518267,32518267,32518267,32518267,32518267,30709841,30709841,30709841,35124005,35124005,35124005,35124005,35124005,35124005",HMTEVVRHC,HMTEVVRRC,0,0,176.0,168.0,False,Conserved,0,HMTEVVRHC,0,HMTEVVRHC,7,0.6931471805599453,HMTEVVRRC,0.055605000000000016,HMTEVVRHC,HMTEVVRHC,HMTEVVRRC,Positive,9,9,9,9,9,9,"1,3,8",0.944395,7,0.6931471805599453,substitution,1.0,1.422242417357719,"Positive_all,Positive_all,Positive_all,Positive_all,Positive_all,Positive_all,Positive_all,Positive_all,Positive_all,Positive_all,Positive_all,Positive_all,Positive_all,Positive_all,Positive_all,Positive_all,Positive_all",17,cedar,1.7606,HMTEVVRRC,2.504,HMTEVVRRC,True,0.19407262731899128
HPLKNGDIL,HLA-B0702,0.2359,0,6,0.0343,0.5361,0.0646,HLA-B*07:02,27198675,HPLKNGDIL,HPLKNGGIL,0,0,2445.0,2437.0,False,Conserved,-1,HPLKNGDIL,-1,HPLKNGDIL,6,0.6931471805599453,HPLKNGGIL,0.07807200000000003,HPLKNGDIL,HPLKNGDIL,HPLKNGGIL,Negative,9,9,9,9,9,9,"1,8",0.921928,6,0.6931471805599453,substitution,0.0,0.2738448495125053,Negative,1,cedar,0.2359,HPLKNGGIL,0.0646,HPLKNGGIL,True,0.18130099045005565
HSPFTATSL,HLA-C0102,0.0084,0,6,0.0093,0.7181,0.0059,HLA-C*01:02,30556813,HSPFTATSL,HAPFTATSL,0,0,876.0,868.0,True,Conserved,1,HSPFTATSL,1,HSPFTATSL,1,1.3862943611198906,HAPFTATSL,0.023673000000000055,HSPFTATSL,HSPFTATSL,HAPFTATSL,Negative,9,9,9,9,9,9,"1,2,8",0.976327,1,1.3862943611198906,substitution,0.0,0.7023809523809524,Negative,1,cedar,0.0084,HAPFTATSL,0.0059,HAPFTATSL,True,0.1994570794400097
HSRNTHLGK,HLA-A3001,0.009,0,6,0.0083,0.8693,0.0266,HLA-A*30:01,24323902,HSRNTHLGK,HSRNRHLGK,0,0,774.0,766.0,False,Conserved,-1,HSRNTHLGK,-1,HSRNTHLGK,4,0.6931471805599453,HSRNRHLGK,0.08193399999999995,HSRNTHLGK,HSRNTHLGK,HSRNRHLGK,Negative,9,9,9,9,9,9,"0,1,2,8",0.918066,4,0.6931471805599453,substitution,0.0,2.9555555555555557,Negative,1,cedar,0.009,HSRNRHLGK,0.0266,HSRNRHLGK,True,0.2616846433042906
HSRNTHLGKK,HLA-A3001,0.009,0,6,0.0453,0.7666,0.0266,HLA-A*30:01,24323902,HSRNTHLGK,HSRNRHLGK,0,0,775.0,766.0,False,Conserved,-1,HSRNTHLKK,-1,HSRNTHLGK,4,0.6931471805599453,HSRNRHLGK,0.08193399999999995,HSRNTHLGKK,HSRNTHLGK,HSRNRHLGK,Negative,10,9,9,9,9,10,"0,1,2,8",0.918066,4,0.6931471805599453,substitution,0.0,2.9555555555555557,Negative,1,cedar,0.112,HSRNRHLGKK,0.3584,HSRNRHLKK,True,0.17831116593601315
HSRNTHLGKKK,HLA-A3001,0.009,0,6,0.2686,0.6435,0.0266,HLA-A*30:01,24323902,HSRNTHLGK,HSRNRHLGK,0,0,776.0,766.0,False,Conserved,-1,HSRNTHLKK,-1,HSRNTHLGK,4,0.6931471805599453,HSRNRHLGK,0.08193399999999995,HSRNTHLGKKK,HSRNTHLGK,HSRNRHLGK,Negative,11,9,9,9,9,11,"0,1,2,8",0.918066,4,0.6931471805599453,substitution,0.0,2.9555555555555557,Negative,1,cedar,0.2795,HSRNRHLGKKK,0.7312,HSRNRHLKK,True,0.12846593225836558
HSSKKVMRTK,HLA-A3001,0.0073,0,6,0.4023,0.6042,0.1859,HLA-A*30:01,24323902,SSKKVMRTK,SNKKVMRTK,1,1,113.0,104.0,True,Conserved,1,HSKKVMRTK,1,SSKKVMRTK,1,0.6931471805599453,SNKKVMRTK,0.029849000000000014,HSSKKVMRTK,SSKKVMRTK,SNKKVMRTK,Negative,10,9,9,9,9,10,"0,1,2,8",0.970151,2,0.6931471805599453,substitution,0.0,25.465753424657535,Negative,1,cedar,0.3254,HSNKKVMRTK,0.2331,HSNKKVMTK,True,0.10988349510291796
HSYSELCTW,HLA-B5701,0.0093,0,6,0.0089,0.8088,0.2683,HLA-B*57:01,30556813,HSYSELCTW,DSYSELCTW,0,0,33.0,25.0,False,Conserved,-1,HSYSELCTW,-1,HSYSELCTW,0,0.6931471805599453,DSYSELCTW,0.030483999999999956,HSYSELCTW,HSYSELCTW,DSYSELCTW,Negative,9,9,9,9,9,9,"1,8",0.969516,0,0.6931471805599453,substitution,0.0,28.8494623655914,Negative,1,cedar,0.0093,DSYSELCTW,0.2683,DSYSELCTW,True,0.27935114062320693
HVHRLCAVRCL,HLA-B0702,10.9454,0,6,1.5109,0.3956,2.98,HLA-B*07:02,27198675,HVHRLCAV,RLRAVRCL,0,3,353.0,343.0,True,Conserved,-3,HRLCAVRCL,-15,HVH-RLCAV,"0,1,2,3,4,5,6,7,8",2.6390573296152584,RLRAVR-CL,0.26957600000000004,HVHRLCAVRCL,HVHRLCAV,RLRAVRCL,Negative,11,8,8,8,8,11,"1,8",0.730424,5,0.6931471805599453,substitution,0.0,0.27226049299249,Negative,1,cedar,16.7838,HVHRLRAVRCL,5.3236,HVHRLRAVL,True,0.19587116142190794
HVMLQIINIV,HLA-A0201,0.5769,0,6,0.3601,0.5582,0.29,HLA-A*02:01,27198675,VMLQIINIV,HVMLQIINV,1,0,2521.0,2512.0,True,Conserved,3,HVMLQIINV,-11,VMLQIINIV,"0,1,2,3,4,6,7",2.1972245773362196,HVMLQIINV,0.06904900000000003,HVMLQIINIV,VMLQIINIV,HVMLQIINV,Negative,10,9,9,9,9,10,"1,3,8",0.930951,8,1.0986122886681098,substitution,0.0,0.5026867741376322,Negative,1,cedar,3.9496,HVMLQIINVV,3.628,HVMLQIINV,True,0.3500152808538057
HWQSTIGML,HLA-A2402,1.3799,0,6,0.6585,0.5331,2.7356,HLA-A*24:02,27198675,HWQSTIGML,HWRSTIGML,0,0,254.0,246.0,False,Conserved,1,HWQSTIGML,1,HWQSTIGML,2,0.6931471805599453,HWRSTIGML,0.055064,HWQSTIGML,HWQSTIGML,HWRSTIGML,Negative,9,9,9,9,9,9,"1,8",0.944936,2,0.6931471805599453,substitution,0.0,1.9824624972824119,Negative,1,cedar,1.3799,HWRSTIGML,2.7356,HWRSTIGML,True,0.14396762375663744
HYTAQIILAL,HLA-C1403,0.3458,0,6,0.4533,0.6283,1.9314,HLA-C*14:03,24323902,HYTAQIIL,STAQIILAL,0,1,162.0,153.0,True,Improved,-2,HTAQIILAL,-12,HYT-AQIIL,"0,1,2,3,4,5,6,7",1.6094379124341003,STAQIILAL,0.16039000000000003,HYTAQIILAL,HYTAQIIL,STAQIILAL,Negative,10,8,9,8,9,10,"1,8",0.83961,1,0.6931471805599453,substitution,0.0,5.585309427414691,Negative,1,cedar,0.7418,HSTAQIILAL,16.964,HSAQIILAL,True,0.19687723004291258
IAAISEQVRF,HLA-C0303,0.4051,0,6,1.2597,0.3643,0.7535,HLA-C*03:03,"34244308,34244308",AAISEQVRF,AAIREQVRF,1,1,186.0,177.0,False,Conserved,-1,IAISEQVRF,-1,AAISEQVRF,3,1.791759469228055,AAIREQVRF,0.06315300000000001,IAAISEQVRF,AAISEQVRF,AAIREQVRF,Negative,10,9,9,9,9,10,"1,8",0.936847,4,1.791759469228055,substitution,0.0,1.8600345593680572,"Negative,Negative",2,cedar,2.641,IAAIREQVRF,4.5521,IAAIREQVF,True,0.14906053514388465
IAMAVLYLA,HLA-A0201,3.9566,1,6,0.0926,0.6575,7.7819,HLA-A*02:01,"31655052,31655052",IAMAVLYLA,IAVAVLYLA,0,0,199.0,191.0,False,Conserved,1,IAMAVLYLA,1,IAMAVLYLA,2,0.0,IAVAVLYLA,0.03546499999999997,IAMAVLYLA,IAMAVLYLA,IAVAVLYLA,Positive,9,9,9,9,9,9,"1,3,8",0.964535,2,0.0,substitution,1.0,1.966814942122024,"Positive_all,Positive_all",2,cedar,3.9566,IAVAVLYLA,7.7819,IAVAVLYLA,True,0.3030806355275709
IEHNIRNAKY,HLA-B4403,0.2014,0,6,0.3648,0.4368,0.2338,HLA-B*44:03,30556813,IEHNIRNAKY,IEHNIRNDKY,0,0,613.0,604.0,True,Conserved,-2,IEHNINAKY,-2,IEHNINAKY,"5,6",-1.0,IEHNIRNKY,0.057487999999999984,IEHNIRNAKY,IEHNIRNAKY,IEHNIRNDKY,Negative,10,10,10,10,10,10,"1,8",0.942512,7,0.6931471805599453,substitution,0.0,1.1608738828202583,Negative,1,cedar,0.2014,IEHNIRNDKY,0.2338,IEHNIRNKY,True,0.23759721173579956
IHYTAQIIL,HLA-B3901,0.0192,1,6,0.0803,0.5809,0.0173,HLA-B*39:01,"29296522,29296522,29296522,24323902",IHYTAQIIL,IHSTAQIIL,0,0,160.0,152.0,False,Conserved,-2,IHYTAQIIL,-2,IHYTAQIIL,2,0.6931471805599453,IHSTAQIIL,0.07116599999999995,IHYTAQIIL,IHYTAQIIL,IHSTAQIIL,Positive,9,9,9,9,9,9,"1,8",0.928834,2,0.6931471805599453,substitution,0.5,0.9010416666666667,"Positive_all,Negative,Positive_all,Negative",4,cedar,0.0192,IHSTAQIIL,0.0173,IHSTAQIIL,True,0.3877348503626817
IHYTAQIILAL,HLA-B3901,0.0192,1,6,0.4257,0.4194,0.0173,HLA-B*39:01,24323902,IHYTAQIIL,IHSTAQIIL,0,0,162.0,152.0,False,Conserved,-2,IHYTAQIAL,-2,IHYTAQIIL,2,0.6931471805599453,IHSTAQIIL,0.07116599999999995,IHYTAQIILAL,IHYTAQIIL,IHSTAQIIL,Negative,11,9,9,9,9,11,"1,8",0.928834,2,0.6931471805599453,substitution,0.0,0.9010416666666667,Negative,1,cedar,0.396,IHSTAQIILAL,0.3474,IHSTAQIAL,True,0.22928761542233142
IILMLVTNR,HLA-A1101,2.6002,0,6,0.6269,0.4775,2.3294,HLA-A*11:01,31511069,IILMLVTNR,IIQMLVTNR,0,0,608.0,600.0,False,Conserved,-2,IILMLVTNR,-2,IILMLVTNR,2,0.6931471805599453,IIQMLVTNR,0.060668000000000055,IILMLVTNR,IILMLVTNR,IIQMLVTNR,Negative,9,9,9,9,9,9,"0,1,8",0.939332,2,0.6931471805599453,substitution,0.0,0.8958541650642259,Negative,1,cedar,2.6002,IIQMLVTNR,2.3294,IIQMLVTNR,True,0.25291237070049927
IISNIQDTQV,HLA-A0201,2.8149,0,6,1.6894,0.5844,3.1453,HLA-A*02:01,27198675,IISNIQDTQV,IIPNIQDTQV,0,0,1176.0,1167.0,False,Conserved,-1,IISNIQTQV,-1,IISNIQTQV,2,1.3862943611198906,IIPNIQTQV,0.05380099999999999,IISNIQDTQV,IISNIQDTQV,IIPNIQDTQV,Negative,10,10,10,10,10,10,"1,3,8",0.946199,2,1.3862943611198906,substitution,0.0,1.1173753952183025,Negative,1,cedar,2.8149,IIPNIQDTQV,3.1453,IIPNIQTQV,True,0.16821451883136274
ILAENTALY,HLA-B3501,0.4013,0,6,0.0183,0.8185,0.4345,HLA-B*35:01,27198675,ILAENTALY,ILAEDTALY,0,0,2928.0,2920.0,False,Conserved,1,ILAENTALY,1,ILAENTALY,4,0.6931471805599453,ILAEDTALY,0.05632199999999998,ILAENTALY,ILAENTALY,ILAEDTALY,Negative,9,9,9,9,9,9,"1,8",0.943678,4,0.6931471805599453,substitution,0.0,1.0827311238474957,Negative,1,cedar,0.4013,ILAEDTALY,0.4345,ILAEDTALY,True,0.15152921282102105
ILAENTALYF,HLA-B3501,0.4013,0,6,0.1836,0.6742,0.2236,HLA-B*35:01,27198675,ILAENTALY,LAEDTALYF,0,1,2929.0,2920.0,True,Conserved,1,ILAENTLYF,3,ILAENTALY,"0,1,2,3,4,5,6,7,8",2.8903717578961645,LAEDTALYF,0.11947700000000006,ILAENTALYF,ILAENTALY,LAEDTALYF,Negative,10,9,9,9,9,10,"1,8",0.880523,4,0.6931471805599453,substitution,0.0,0.5571891353102417,Negative,1,cedar,4.74,ILAEDTALYF,2.532,IAEDTALYF,True,0.1255118186303093
ILFDSLTRECV,HLA-A0201,0.0695,0,6,0.2512,0.7361,0.0815,HLA-A*02:01,31511069,ILFDSLTRECV,ILFDSLTGECV,0,0,2491.0,2481.0,False,Conserved,-2,ILFDSLTRV,-2,ILFDSLTRV,7,1.791759469228055,ILFDSLTGV,0.06794800000000001,ILFDSLTRECV,ILFDSLTRECV,ILFDSLTGECV,Negative,11,11,11,11,11,11,"1,3,8",0.932052,7,1.791759469228055,substitution,0.0,1.1726618705035972,Negative,1,cedar,0.0695,ILFDSLTGECV,0.0815,ILFDSLTGV,True,0.30233040570985675
ILITQVLGL,HLA-A0201,0.1056,1,6,0.2987,0.8398,0.1106,HLA-A*02:01,30418433,ILITQVLGL,ILIAQVLGL,0,0,192.0,184.0,True,Conserved,0,ILITQVLGL,0,ILITQVLGL,3,1.3862943611198906,ILIAQVLGL,0.048377,ILITQVLGL,ILITQVLGL,ILIAQVLGL,Positive,9,9,9,9,9,9,"1,3,8",0.951623,3,1.3862943611198906,substitution,1.0,1.0473484848484849,Positive_all,1,cedar,0.1056,ILIAQVLGL,0.1106,ILIAQVLGL,True,0.3452410439981202
ILLAVLQEI,HLA-A0201,0.0674,0,6,0.0516,0.9149,0.0266,HLA-A*02:01,31511069,ILLAVLQEI,KLLAVLQEI,0,0,430.0,422.0,False,Conserved,-3,ILLAVLQEI,-3,ILLAVLQEI,0,0.0,KLLAVLQEI,0.021094999999999975,ILLAVLQEI,ILLAVLQEI,KLLAVLQEI,Negative,9,9,9,9,9,9,"1,3,8",0.978905,0,0.0,substitution,0.0,0.3946587537091988,Negative,1,cedar,0.0674,KLLAVLQEI,0.0266,KLLAVLQEI,True,0.31464082398859655
ILNVDIFTL,HLA-A0201,0.0693,1,6,0.0645,0.8444,0.0842,HLA-A*02:01,30418433,ILNVDIFTL,ILNVDVFTL,0,0,630.0,622.0,False,Conserved,3,ILNVDIFTL,3,ILNVDIFTL,5,1.0986122886681098,ILNVDVFTL,0.017657000000000034,ILNVDIFTL,ILNVDIFTL,ILNVDVFTL,Positive,9,9,9,9,9,9,"1,3,8",0.982343,5,1.0986122886681098,substitution,1.0,1.2150072150072149,Positive_all,1,cedar,0.0693,ILNVDVFTL,0.0842,ILNVDVFTL,True,0.4375579553352678
ILTDIEEKV,HLA-A0201,0.0283,1,6,0.0799,0.8356,0.0794,HLA-A*02:01,"30418433,27198675",ILTDIEEKV,ILTDMEEKV,0,0,440.0,432.0,False,Conserved,1,ILTDIEEKV,1,ILTDIEEKV,4,1.0986122886681098,ILTDMEEKV,0.04546899999999998,ILTDIEEKV,ILTDIEEKV,ILTDMEEKV,Positive,9,9,9,9,9,9,"1,3,8",0.954531,4,1.0986122886681098,substitution,0.5,2.8056537102473498,"Positive_all,Negative",2,cedar,0.0283,ILTDMEEKV,0.0794,ILTDMEEKV,True,0.32520548132642574
ILWIFSIYL,HLA-A0201,0.532,1,6,0.2771,0.8445,0.1176,HLA-A*02:01,"31921104,31921104,31921104,31921104",ILWIFSIYL,ILWTFSIYL,0,0,126.0,118.0,True,Conserved,-1,ILWIFSIYL,-1,ILWIFSIYL,3,1.0986122886681098,ILWTFSIYL,0.06592200000000004,ILWIFSIYL,ILWIFSIYL,ILWTFSIYL,Positive,9,9,9,9,9,9,"1,3,8",0.934078,3,1.0986122886681098,substitution,1.0,0.22105263157894736,"Positive_all,Positive_all,Positive_all,Positive_all",4,cedar,0.532,ILWTFSIYL,0.1176,ILWTFSIYL,True,0.5339671907184734
IMRTYTYEI,HLA-A0201,2.2955,1,6,0.1585,0.5658,18.7823,HLA-A*02:01,"32934692,32934692",IMRTYTYEI,IMRTYTYEK,0,0,335.0,327.0,True,Conserved,-3,IMRTYTYEI,-3,IMRTYTYEI,8,0.0,IMRTYTYEK,0.02594300000000005,IMRTYTYEI,IMRTYTYEI,IMRTYTYEK,Positive,9,9,9,9,9,9,"1,3,8",0.974057,8,0.0,substitution,1.0,8.182226094532782,"Positive_all,Positive_all",2,cedar,2.2955,IMRTYTYEK,18.7823,IMRTYTYEK,True,0.21308855381698596
IPAVKLNKL,HLA-B0702,0.0647,0,6,0.487,0.4527,0.0319,HLA-B*07:02,33479501,IPAVKLNKL,IPAVKLNEL,0,0,457.0,449.0,False,Conserved,1,IPAVKLNKL,1,IPAVKLNKL,7,0.6931471805599453,IPAVKLNEL,0.030847999999999987,IPAVKLNKL,IPAVKLNKL,IPAVKLNEL,Negative,9,9,9,9,9,9,"1,8",0.969152,7,0.6931471805599453,substitution,0.0,0.4930448222565688,Negative,1,cedar,0.0647,IPAVKLNEL,0.0319,IPAVKLNEL,True,0.2982027448924481
IPAVKLNKLL,HLA-B0702,0.0647,0,6,0.7615,0.4413,0.0319,HLA-B*07:02,33479501,IPAVKLNKL,IPAVKLNEL,0,0,458.0,449.0,False,Conserved,1,IPAVKLNKL,1,IPAVKLNKL,7,0.6931471805599453,IPAVKLNEL,0.030847999999999987,IPAVKLNKLL,IPAVKLNKL,IPAVKLNEL,Negative,10,9,9,9,9,10,"1,8",0.969152,7,0.6931471805599453,substitution,0.0,0.4930448222565688,Negative,1,cedar,0.5978,IPAVKLNELL,0.4678,IPAVKLNEL,True,0.14773940897560228
IPSSQKVIF,HLA-B3501,0.0545,0,6,0.1808,0.6291,0.0457,HLA-B*35:01,"30256815,30256815",IPSSQKVIF,IPSSQKQSF,0,0,1195.0,1187.0,False,Conserved,-4,IPSSQKVIF,-4,IPSSQKVIF,"6,7",0.6931471805599453,IPSSQKQSF,0.10983500000000002,IPSSQKVIF,IPSSQKVIF,IPSSQKQSF,Negative,9,9,9,9,9,9,"1,8",0.890165,"6,7",0.6931471805599453,substitution,0.0,0.8385321100917431,"Negative,Negative",2,cedar,0.0545,IPSSQKQSF,0.0457,IPSSQKQSF,True,0.22535993463632822
IQAAYVHVI,HLA-A0201,0.8155,0,6,0.0096,0.4794,13.9732,HLA-A*02:01,31511069,IQAAYVHVI,IHAAYVHVI,0,0,364.0,356.0,True,Improved,0,IQAAYVHVI,0,IQAAYVHVI,1,1.3862943611198906,IHAAYVHVI,0.04575700000000005,IQAAYVHVI,IQAAYVHVI,IHAAYVHVI,Negative,9,9,9,9,9,9,"1,3,8",0.954243,1,1.3862943611198906,substitution,0.0,17.134518700183936,Negative,1,cedar,0.8155,IHAAYVHVI,13.9732,IHAAYVHVI,True,0.24757262412864633
IQASMFDQK,HLA-A1101,0.8057,0,6,0.7505,0.5419,0.9044,HLA-A*11:01,27198675,IQASMFDQK,IQAGMFDQK,0,0,1207.0,1199.0,False,Conserved,0,IQASMFDQK,0,IQASMFDQK,3,0.6931471805599453,IQAGMFDQK,0.06671000000000005,IQASMFDQK,IQASMFDQK,IQAGMFDQK,Negative,9,9,9,9,9,9,"0,1,8",0.93329,3,0.6931471805599453,substitution,0.0,1.1225021720243267,Negative,1,cedar,0.8057,IQAGMFDQK,0.9044,IQAGMFDQK,True,0.09006316221967443
IQMFTIVLVSY,HLA-B4402,7.232,1,6,0.1696,0.6815,9.3323,HLA-B*44:02,32226429,MFTIVLVSY,IFTIVLVSY,2,2,216.0,206.0,False,Conserved,1,IQMFTIVSY,1,MFTIVLVSY,0,1.0986122886681098,IFTIVLVSY,0.012195999999999985,IQMFTIVLVSY,MFTIVLVSY,IFTIVLVSY,Positive,11,9,9,9,9,11,"1,8",0.987804,2,1.0986122886681098,substitution,1.0,1.290417588495575,Positive_all,1,cedar,12.8167,IQIFTIVLVSY,13.4894,IQIFTIVSY,True,0.2710345057136987
IRLYQFRLIV,HLA-C0702,1.7845,1,6,0.4946,0.5341,7.8812,HLA-C*07:02,32226429,IRLYQFRLI,IWLYQFRLI,0,0,13.0,4.0,True,Improved,-3,IRYQFRLIV,-3,IRLYQFRLI,1,0.6931471805599453,IWLYQFRLI,0.08206100000000005,IRLYQFRLIV,IRLYQFRLI,IWLYQFRLI,Positive,10,9,9,9,9,10,"1,8",0.917939,1,0.6931471805599453,substitution,1.0,4.416475203138134,Positive_all,1,cedar,10.326,IWLYQFRLIV,28.875,IWYQFRLIV,True,0.3954856271996573
ISIQRAQPL,HLA-B0801,0.3035,0,6,0.0315,0.8121,0.4893,HLA-B*08:01,33479501,ISIQRAQPL,LKLQRAQPL,0,0,160.0,152.0,False,Conserved,4,ISIQRAQPL,4,ISIQRAQPL,"0,1,2",2.0794415416798357,LKLQRAQPL,0.06888799999999995,ISIQRAQPL,ISIQRAQPL,LKLQRAQPL,Negative,9,9,9,9,9,9,"1,4,8",0.931112,"0,1,2",2.0794415416798357,substitution,0.0,1.612191103789127,Negative,1,cedar,0.3035,LKLQRAQPL,0.4893,LKLQRAQPL,True,0.16103879364454482
ISPILENPFF,HLA-A2402,2.3022,0,6,1.011,0.3793,2.3022,HLA-A*24:02,27198675,ISPILENPF,ISPILENPF,0,0,460.0,451.0,False,Conserved,-2,IPILENPFF,6,ISPILENPF,-1,,ISPILENPF,0.0,ISPILENPFF,ISPILENPF,ISPILENPF,Negative,10,9,9,9,9,10,"1,8",1.0,9,0.6931471805599453,substitution,0.0,1.0,Negative,1,cedar,3.3688,ISPILENPFS,42.5,ISPILENPF,True,0.13607683893722455
ISYLMIALM,HLA-C1203,1.7104,0,6,0.6155,0.3959,2.4618,HLA-C*12:03,24323902,ISYLMIALM,ISYLMIAL,0,0,111.0,103.0,True,Conserved,-1,ISYLMIALM,-3,ISYLMIALM,"3,4,5,6,7,8",1.3862943611198906,ISY-LMIAL,0.036587999999999954,ISYLMIALM,ISYLMIALM,ISYLMIAL,Negative,9,9,8,9,8,9,"1,8",0.963412,8,0.0,substitution,0.0,1.4393124415341443,Negative,1,cedar,1.7104,ISYLMIALT,15.2619,ISYLMIALT,True,0.3410651860549368
ISYLMIALMVV,HLA-C1203,1.7104,0,6,2.8324,0.5562,2.4618,HLA-C*12:03,24323902,ISYLMIALM,ISYLMIAL,0,0,113.0,103.0,True,Conserved,-1,ILMIALMVV,-3,ISYLMIALM,"3,4,5,6,7,8",1.3862943611198906,ISY-LMIAL,0.036587999999999954,ISYLMIALMVV,ISYLMIALM,ISYLMIAL,Negative,11,9,8,9,8,11,"1,8",0.963412,8,0.0,substitution,0.0,1.4393124415341443,Negative,1,cedar,27.1667,ISYLMIALTVV,21.25,ISYLALTVV,True,0.4072050423528583
IVAADLIMTL,HLA-A0201,0.5369,0,6,0.4588,0.6313,0.0736,HLA-A*02:01,27198675,VAADLIMTL,VVADLIMTL,1,1,92.0,83.0,True,Conserved,0,IVADLIMTL,0,VAADLIMTL,1,1.3862943611198906,VVADLIMTL,0.02721499999999999,IVAADLIMTL,VAADLIMTL,VVADLIMTL,Negative,10,9,9,9,9,10,"1,3,8",0.972785,2,1.3862943611198906,substitution,0.0,0.13708325572732352,Negative,1,cedar,1.0839,IVVADLIMTL,1.0832,IVADLIMTL,True,0.21507194659187812
IVFGVSQPDV,HLA-A0201,3.6588,0,6,0.2756,0.5856,6.7836,HLA-A*02:01,31511069,IVFGVSQPDV,IVSGVSQPDV,0,0,546.0,537.0,False,Conserved,-2,IVFGVSQPV,-2,IVFGVSQPV,2,0.6931471805599453,IVSGVSQPV,0.060136999999999996,IVFGVSQPDV,IVFGVSQPDV,IVSGVSQPDV,Negative,10,10,10,10,10,10,"1,3,8",0.939863,2,0.6931471805599453,substitution,0.0,1.8540505083633978,Negative,1,cedar,3.6588,IVSGVSQPDV,6.7836,IVSGVSQPV,True,0.1306123230318436
IVILVVTGV,HLA-A0201,0.9631,0,6,0.1895,0.6201,2.3066,HLA-A*02:01,31511069,IVILVVTGV,IVILVGTGV,0,0,784.0,776.0,False,Conserved,-3,IVILVVTGV,-3,IVILVVTGV,5,1.3862943611198906,IVILVGTGV,0.07225300000000001,IVILVVTGV,IVILVVTGV,IVILVGTGV,Negative,9,9,9,9,9,9,"1,3,8",0.927747,5,1.3862943611198906,substitution,0.0,2.394974561312429,Negative,1,cedar,0.9631,IVILVGTGV,2.3066,IVILVGTGV,True,0.2767625209364867
IYDRFGQEI,HLA-A2402,0.1803,0,6,0.0137,0.4395,0.5752,HLA-A*24:02,31511069,IYDRFGQEI,IYDRFGQDI,0,0,55.0,47.0,False,Conserved,2,IYDRFGQEI,2,IYDRFGQEI,7,1.3862943611198906,IYDRFGQDI,0.03552999999999995,IYDRFGQEI,IYDRFGQEI,IYDRFGQDI,Negative,9,9,9,9,9,9,"1,8",0.96447,7,1.3862943611198906,substitution,0.0,3.190238491403217,Negative,1,cedar,0.1803,IYDRFGQDI,0.5752,IYDRFGQDI,True,0.2873213255545932
IYVRPFSNF,HLA-A2402,0.0063,0,6,0.0092,0.7985,0.0107,HLA-A*24:02,30880120,IYVRPFSNF,IYVWPFTNF,0,0,198.0,190.0,False,Conserved,-2,IYVRPFSNF,-2,IYVRPFSNF,"3,6",2.0794415416798357,IYVWPFTNF,0.17147599999999996,IYVRPFSNF,IYVRPFSNF,IYVWPFTNF,Negative,9,9,9,9,9,9,"1,8",0.828524,"3,6",2.0794415416798357,substitution,0.0,1.6984126984126984,Negative,1,cedar,0.0063,IYVWPFTNF,0.0107,IYVWPFTNF,True,0.3284670512489771
KEWEDSQLV,HLA-B4002,0.0662,0,6,0.0095,0.6114,0.5271,HLA-B*40:02,33479501,KEWEDSQLV,KECEDSQLV,0,0,1573.0,1565.0,False,Improved,-2,KEWEDSQLV,-2,KEWEDSQLV,2,0.6931471805599453,KECEDSQLV,0.13253700000000002,KEWEDSQLV,KEWEDSQLV,KECEDSQLV,Negative,9,9,9,9,9,9,"1,8",0.867463,2,0.6931471805599453,substitution,0.0,7.9622356495468285,Negative,1,cedar,0.0662,KECEDSQLV,0.5271,KECEDSQLV,True,0.222947558177961
KEWEDSQLVS,HLA-B4002,0.0662,0,6,0.8788,0.2927,0.5271,HLA-B*40:02,33479501,KEWEDSQLV,KECEDSQLV,0,0,1574.0,1565.0,False,Improved,-2,KEWEDSQLV,-2,KEWEDSQLV,2,0.6931471805599453,KECEDSQLV,0.13253700000000002,KEWEDSQLV,KEWEDSQLV,KECEDSQLV,Negative,10,9,9,9,9,10,"1,8",0.867463,2,0.6931471805599453,substitution,0.0,7.9622356495468285,Negative,1,cedar,1.662,KECEDSQLVS,5.4848,KECDSQLVS,True,0.107892160239858
KEYPVIFKSI,HLA-B4102,0.5103,0,6,0.0476,0.531,0.3861,HLA-B*41:02,33479501,KEYPVIFKSI,KEYPVISKSI,0,0,274.0,265.0,True,Conserved,-2,KEYPVIKSI,1,KEYPVIKSI,"4,5",1.6094379124341003,KEYPISKSI,0.07303599999999999,KEYPVIFKSI,KEYPVIFKSI,KEYPVISKSI,Negative,10,10,10,10,10,10,"1,8",0.926964,6,0.6931471805599453,substitution,0.0,0.7566137566137566,Negative,1,cedar,0.5103,KEYPVISKSI,0.3861,KEYPISKSI,True,0.1714353605338001
KGDADVSVPK,HLA-A1101,0.8401,0,6,0.9999,0.5012,1.15,HLA-A*11:01,"34270940,34270940",KGDADVSVPK,KGDVDVSVPK,0,0,1219.0,1210.0,False,Conserved,0,KGADVSVPK,0,KGADVSVPK,2,1.3862943611198906,KGVDVSVPK,0.039771,KGDADVSVPK,KGDADVSVPK,KGDVDVSVPK,Negative,10,10,10,10,10,10,"0,1,8",0.960229,3,1.3862943611198906,substitution,0.0,1.3688846565885013,"Negative,Negative",2,cedar,0.8401,KGDVDVSVPK,1.15,KGVDVSVPK,True,0.11212696743760445
KIFSEVTLK,HLA-A0301,0.0037,1,6,0.0169,0.7965,0.0069,HLA-A*03:01,"16247014,16247014,16247014,16247014",KIFSEVTLK,KIFSEVTPK,0,0,150.0,142.0,False,Conserved,-3,KIFSEVTLK,-3,KIFSEVTLK,7,1.3862943611198906,KIFSEVTPK,0.062361,KIFSEVTLK,KIFSEVTLK,KIFSEVTPK,Positive,9,9,9,9,9,9,"0,1,8",0.937639,7,1.3862943611198906,substitution,1.0,1.8648648648648647,"Positive_all,Positive_all,Positive_all,Positive_all",4,cedar,0.0037,KIFSEVTPK,0.0069,KIFSEVTPK,True,0.3802936884357264
KIQVKTLMVK,HLA-A1101,0.8208,0,6,0.0981,0.6965,0.8691,HLA-A*11:01,"34270940,34270940",KIQVKTLMVK,KIQVKTQMVK,0,0,,,False,Conserved,-2,KIQKTLMVK,-2,KIQKTLMVK,5,0.6931471805599453,KIQKTQMVK,0.058818999999999955,KIQVKTLMVK,KIQVKTLMVK,KIQVKTQMVK,Negative,10,10,10,10,10,10,"0,1,8",0.941181,6,0.6931471805599453,substitution,0.0,1.0588450292397662,"Negative,Negative",2,cedar,0.8208,KIQVKTQMVK,0.8691,KIQKTQMVK,True,0.15595431109458477
KLANPLPYT,HLA-A0201,0.2647,1,6,0.623,0.6439,0.269,HLA-A*02:01,"25837513,25837513,30418433",KLANPLPYT,KLAKPLPYT,0,0,504.0,496.0,True,Conserved,0,KLANPLPYT,0,KLANPLPYT,3,1.3862943611198906,KLAKPLPYT,0.07012799999999997,KLANPLPYT,KLANPLPYT,KLAKPLPYT,Positive,9,9,9,9,9,9,"1,3,8",0.929872,3,1.3862943611198906,substitution,0.3333333333333333,1.016244805440121,"Negative,Negative,Positive_all",3,cedar,0.2647,KLAKPLPYT,0.269,KLAKPLPYT,True,0.09616862035296711
KLFAIVVGRGI,HLA-A0201,2.8469,0,6,1.3187,0.685,2.4616,HLA-A*02:01,31511069,KLFAIVVGRGI,KLFAIIVGRGI,0,0,169.0,159.0,False,Conserved,3,KLFAIVVGI,3,KLFAIVVGI,5,1.0986122886681098,KLFAIIVGI,0.012861000000000011,KLFAIVVGRGI,KLFAIVVGRGI,KLFAIIVGRGI,Negative,11,11,11,11,11,11,"1,3,8",0.987139,5,1.0986122886681098,substitution,0.0,0.8646598054023673,Negative,1,cedar,2.8469,KLFAIIVGRGI,2.4616,KLFAIIVGI,True,0.16061715947081928
KLFAQLINNKA,HLA-A0201,0.8515,0,6,1.7503,0.5029,0.3172,HLA-A*02:01,31511069,KLFAQLINNKA,KLFAQLINNKV,0,0,931.0,921.0,True,Conserved,0,KLFAQLIKA,0,KLFAQLIKA,8,1.3862943611198906,KLFAQLIKV,0.008576000000000028,KLFAQLINNKA,KLFAQLINNKA,KLFAQLINNKV,Negative,11,11,11,11,11,11,"1,3,8",0.991424,10,1.3862943611198906,substitution,0.0,0.3725190839694656,Negative,1,cedar,0.8515,KLFAQLINNKV,0.3172,KLFAQLIKV,True,0.12546315527117713
KLFESKAEL,HLA-A0201,0.0257,0,6,0.1412,0.8813,0.0842,HLA-A*02:01,33479501,KLFESKAEL,QLFESKAEL,0,0,224.0,216.0,False,Conserved,1,KLFESKAEL,1,KLFESKAEL,0,0.6931471805599453,QLFESKAEL,0.014163000000000037,KLFESKAEL,KLFESKAEL,QLFESKAEL,Negative,9,9,9,9,9,9,"1,3,8",0.985837,0,0.6931471805599453,substitution,0.0,3.2762645914396886,Negative,1,cedar,0.0257,QLFESKAEL,0.0842,QLFESKAEL,True,0.1671394400941716
KLGDVITII,HLA-A0201,0.097,1,6,0.2019,0.3308,17.2645,HLA-A*02:01,"33329543,33329543",KLGDVITII,KHGDVITII,0,0,91.0,83.0,True,Improved,-3,KLGDVITII,-3,KLGDVITII,1,0.6931471805599453,KHGDVITII,0.06272100000000003,KLGDVITII,KLGDVITII,KHGDVITII,Positive,9,9,9,9,9,9,"1,3,8",0.937279,1,0.6931471805599453,substitution,0.5,177.98453608247425,"Positive_all,Negative",2,cedar,0.097,KHGDVITII,17.2645,KHGDVITII,True,0.27851794991189327
KLHPKAITPR,HLA-A0301,0.2132,0,6,0.19,0.7148,0.9361,HLA-A*03:01,31511069,KLHPKAITPR,KQHPKAITPR,0,0,294.0,285.0,True,Improved,-2,KLHPKITPR,-2,KLHPKAITR,1,0.6931471805599453,KQHPKAITR,0.04100899999999996,KLHPKAITPR,KLHPKAITPR,KQHPKAITPR,Negative,10,10,10,10,10,10,"0,1,8",0.958991,1,0.6931471805599453,substitution,0.0,4.390712945590995,Negative,1,cedar,0.2132,KQHPKAITPR,0.9361,KQHPKAITR,True,0.13086461880170053
KLLENFYVT,HLA-A0201,0.4296,0,6,0.2217,0.8585,3.8935,HLA-A*02:01,33479501,KLLENFYVT,ELLENFYV,0,0,464.0,456.0,False,Improved,1,KLLENFYVT,-6,KLLENFYVT,"0,4,5,6,7,8",0.0,ELLE-NFYV,0.06925999999999999,KLLENFYVT,KLLENFYVT,ELLENFYV,Negative,9,9,8,9,8,9,"1,3,8",0.93074,0,0.6931471805599453,substitution,0.0,9.06308193668529,Negative,1,cedar,0.4296,ELLENFYVT,4.175,ELLENFYVT,True,0.2069713976789421
KLLENFYVTV,HLA-A0201,0.1081,0,6,0.0262,0.9321,0.4074,HLA-A*02:01,33479501,KLLENFYVTV,LLENFYVTV,0,1,465.0,456.0,True,Conserved,1,KLLENFVTV,-5,KLLENFVTV,"0,2,3,4,5",0.6931471805599453,LLENFYVTV,0.033302000000000054,KLLENFYVTV,KLLENFYVTV,LLENFYVTV,Negative,10,10,9,10,9,10,"1,3,8",0.966698,0,0.6931471805599453,substitution,0.0,3.768732654949121,Negative,1,cedar,0.1081,ELLENFYVTV,1.4087,ELLENFVTV,True,0.34827221178897055
KLPKYGVKV,HLA-B1302,0.287,1,6,0.4959,0.7229,4.1555,HLA-B*13:02,"34290406,34290406",KLPKYGVKV,ELPKYGVKV,0,0,90.0,82.0,False,Improved,1,KLPKYGVKV,1,KLPKYGVKV,0,0.6931471805599453,ELPKYGVKV,0.017728999999999995,KLPKYGVKV,KLPKYGVKV,ELPKYGVKV,Positive,9,9,9,9,9,9,"1,8",0.982271,0,0.6931471805599453,substitution,1.0,14.479094076655054,"Positive_all,Positive_all",2,cedar,0.287,ELPKYGVKV,4.1555,ELPKYGVKV,True,0.14418635091569978
KLSEQILKK,HLA-A0301,0.004,0,6,0.0471,0.7367,0.0046,HLA-A*03:01,30556813,KLSEQILKK,KLSQQILKK,0,0,839.0,831.0,False,Conserved,2,KLSEQILKK,2,KLSEQILKK,3,0.6931471805599453,KLSQQILKK,0.03804700000000005,KLSEQILKK,KLSEQILKK,KLSQQILKK,Negative,9,9,9,9,9,9,"0,1,8",0.961953,3,0.6931471805599453,substitution,0.0,1.15,Negative,1,cedar,0.004,KLSQQILKK,0.0046,KLSQQILKK,True,0.2999749359118453
KLSHQLVLL,HLA-A0201,0.0793,1,6,0.1661,0.801,0.1097,HLA-A*02:01,"30418433,27198675,27198675,27198675,27198675,27198675,27198675,27198675",KLSHQLVLL,KLSHQPVLL,0,0,135.0,127.0,False,Conserved,-3,KLSHQLVLL,-3,KLSHQLVLL,5,1.3862943611198906,KLSHQPVLL,0.09975800000000001,KLSHQLVLL,KLSHQLVLL,KLSHQPVLL,Positive,9,9,9,9,9,9,"1,3,8",0.900242,5,1.3862943611198906,substitution,0.5,1.3833543505674655,"Positive_all,Positive_all,Positive_all,Positive_all,Negative,Negative,Negative,Negative",8,cedar,0.0793,KLSHQPVLL,0.1097,KLSHQPVLL,True,0.3455838326060938
KLSHQLVLLFL,HLA-A0201,0.0793,1,6,1.712,0.6444,0.1097,HLA-A*02:01,27198675,KLSHQLVLL,KLSHQPVLL,0,0,137.0,127.0,False,Conserved,-3,KLSHQLVFL,-3,KLSHQLVLL,5,1.3862943611198906,KLSHQPVLL,0.09975800000000001,KLSHQLVLLFL,KLSHQLVLL,KLSHQPVLL,Negative,11,9,9,9,9,11,"1,3,8",0.900242,5,1.3862943611198906,substitution,0.0,1.3833543505674655,Negative,1,cedar,1.4258,KLSHQPVLLFL,0.4783,KLSPVLLFL,True,0.2222734368684814
KLVVVGACGV,HLA-A0201,5.3829,1,6,0.8772,0.6644,6.0865,HLA-A*02:01,"31511069,34244308,34244308",KLVVVGACGV,KLVVVGAGGV,0,0,14.0,5.0,False,Conserved,-3,KLVVVGAGV,4,KLVVVGAGV,-1,,KLVVVGAGV,0.06764199999999998,KLVVVGACGV,KLVVVGACGV,KLVVVGAGGV,Positive,10,10,10,10,10,10,"1,3,8",0.932358,7,0.6931471805599453,substitution,0.3333333333333333,1.1307102119675267,"Positive_all,Negative,Negative",3,cedar,5.3829,KLVVVGAGGV,6.0865,KLVVVGAGV,True,0.16424781012255787
KLVVVGADGV,HLA-A0203,3.2976,1,6,1.0294,0.6469,3.2011,HLA-A*02:03,32439798,KLVVVGADGV,KLVVVGAGGV,0,0,14.0,5.0,False,Conserved,-1,KLVVVGAGV,4,KLVVVGAGV,-1,,KLVVVGAGV,0.051304000000000016,KLVVVGADGV,KLVVVGADGV,KLVVVGAGGV,Positive,10,10,10,10,10,10,"1,8",0.948696,7,0.6931471805599453,substitution,1.0,0.9707362930616205,Positive_all,1,cedar,3.2976,KLVVVGAGGV,3.2011,KLVVVGAGV,True,0.13273798314710633
KLVVVGAVGV,HLA-A0201,2.8794,1,6,0.9009,0.6612,6.0865,HLA-A*02:01,"31511069,10779805,33123756,33123756,33123756,33123756",KLVVVGAVGV,KLVVVGAGGV,0,0,14.0,5.0,True,Conserved,-3,KLVVGAVGV,-3,KLVVGAVGV,"4,5,6",2.4849066497880004,KLVVVGAGV,0.05038500000000001,KLVVVGAVGV,KLVVVGAVGV,KLVVVGAGGV,Positive,10,10,10,10,10,10,"1,3,8",0.949615,7,1.3862943611198906,substitution,0.3333333333333333,2.1138084323122874,"Negative,Positive_all,Positive_all,Negative,Negative,Negative",6,cedar,2.8794,KLVVVGAGGV,6.0865,KLVVVGAGV,True,0.1451722253241043
KMKNFFFTK,HLA-A0301,0.027,0,6,0.0069,0.8902,0.0183,HLA-A*03:01,34518289,KMKNFFFTK,KMKNFFSTK,0,0,57.0,49.0,False,Conserved,-2,KMKNFFFTK,-2,KMKNFFFTK,6,0.6931471805599453,KMKNFFSTK,0.07097900000000001,KMKNFFFTK,KMKNFFFTK,KMKNFFSTK,Negative,9,9,9,9,9,9,"0,1,8",0.929021,6,0.6931471805599453,substitution,0.0,0.6777777777777778,Negative,1,cedar,0.027,KMKNFFSTK,0.0183,KMKNFFSTK,True,0.2487519136424375
KPFCVLISL,HLA-B0702,0.2389,1,6,0.2525,0.3994,0.0325,HLA-B*07:02,"28678784,28678784",KPFCVLISL,KPFRVLISL,0,0,370.0,362.0,False,Conserved,-3,KPFCVLISL,-3,KPFCVLISL,3,0.6931471805599453,KPFRVLISL,0.12265499999999996,KPFCVLISL,KPFCVLISL,KPFRVLISL,Positive,9,9,9,9,9,9,"1,8",0.877345,3,0.6931471805599453,substitution,0.5,0.13604018417748012,"Positive_all,Negative",2,cedar,0.2389,KPFRVLISL,0.0325,KPFRVLISL,True,0.2664573243068869
KRIPLPPHLC,HLA-C0602,0.0067,1,6,1.7489,0.3753,0.0283,HLA-C*06:02,"32582212,32582212",KRIPLPPHL,ERIPLPPHL,0,0,575.0,566.0,False,Conserved,1,KRIPLPPHL,1,KRIPLPPHL,0,0.6931471805599453,ERIPLPPHL,0.016363000000000016,KRIPLPPHL,KRIPLPPHL,ERIPLPPHL,Positive,10,9,9,9,9,10,"1,8",0.983637,0,0.6931471805599453,substitution,0.5,4.223880597014925,"Negative,Positive_all",2,cedar,1.5676,ERIPLPPHLC,2.4741,ERIPLPPHL,True,0.2789672682233311
KSDIGWIWELW,HLA-A0101,2.6553,1,6,0.2405,0.5819,1.2809,HLA-A*01:01,32226429,KSDIGWIW,SSDIGWVLEL,0,0,530.0,520.0,True,Conserved,-3,KSDIGWILW,-20,KSD-IGWIW,"0,3,4,5,6,7,8",1.0986122886681098,SSDIGVLEL,0.17586999999999997,KSDIGWIWELW,KSDIGWIW,SSDIGWVLEL,Positive,11,8,10,8,10,11,"1,2,8",0.82413,"0,6,7,10",1.3862943611198906,substitution,1.0,0.48239370315971825,Positive_all,1,cedar,3.6011,SSDIGWVLELP,8.8128,SSDIGWVLP,True,0.20414194147350986
KSMAPRQLQPV,HLA-B0702,0.2325,0,6,0.7804,0.3746,0.2325,HLA-B*07:02,27198675,APRQLQPV,APRQLQPV,3,3,156.0,146.0,False,Conserved,1,KSMAPRQLV,4,APR-QLQPV,-1,,APR-QLQPV,0.0,KSMAPRQLQPV,APRQLQPV,APRQLQPV,Negative,11,8,8,8,8,11,"1,8",1.0,0,0.6931471805599453,substitution,0.0,1.0,Negative,1,cedar,12.0588,ESMAPRQLQPV,17.7159,ESMAPRQPV,True,0.09717214620593732
KSMAPRQLQPV,HLA-A0201,0.7065,0,6,0.7804,0.3746,0.7065,HLA-A*02:01,27198675,SMAPRQLQPV,SMAPRQLQPV,1,1,156.0,146.0,False,Conserved,1,KSMAPRQLV,4,SMAPQLQPV,-1,,SMAPQLQPV,0.0,KSMAPRQLQPV,SMAPRQLQPV,SMAPRQLQPV,Negative,11,10,10,10,10,11,"1,3,8",1.0,0,0.6931471805599453,substitution,0.0,1.0,Negative,1,cedar,7.0053,ESMAPRQLQPV,8.3193,SMAPQLQPV,True,0.09423721154959598
KSSPFTAAA,HLA-C1502,0.8938,0,6,0.2075,0.6646,1.3855,HLA-C*15:02,"34244308,34244308",KSSPFTAAA,KSSPFSAAA,0,0,432.0,424.0,False,Conserved,1,KSSPFTAAA,1,KSSPFTAAA,5,1.791759469228055,KSSPFSAAA,0.033718000000000026,KSSPFTAAA,KSSPFTAAA,KSSPFSAAA,Negative,9,9,9,9,9,9,"1,8",0.966282,5,1.791759469228055,substitution,0.0,1.5501230700380397,"Negative,Negative",2,cedar,0.8938,KSSPFSAAA,1.3855,KSSPFSAAA,True,0.05829007448229156
KTSEEIMLV,HLA-A0201,0.1853,0,6,0.0127,0.7053,0.2317,HLA-A*02:01,31511069,KTSEEIMLV,KTSEDIMLV,0,0,346.0,338.0,False,Conserved,2,KTSEEIMLV,2,KTSEEIMLV,4,1.3862943611198906,KTSEDIMLV,0.04645100000000002,KTSEEIMLV,KTSEEIMLV,KTSEDIMLV,Negative,9,9,9,9,9,9,"1,3,8",0.953549,4,1.3862943611198906,substitution,0.0,1.2504047490555856,Negative,1,cedar,0.1853,KTSEDIMLV,0.2317,KTSEDIMLV,True,0.190746484246604
KVIQASMFDQK,HLA-A1101,0.0884,0,6,0.2088,0.6344,0.1174,HLA-A*11:01,27198675,KVIQASMFDQK,KVIQAGMFDQK,0,0,1207.0,1197.0,False,Conserved,0,KVIQASMQK,0,KVIQASMQK,5,0.6931471805599453,KVIQAGMQK,0.05205800000000005,KVIQASMFDQK,KVIQASMFDQK,KVIQAGMFDQK,Negative,11,11,11,11,11,11,"0,1,8",0.947942,5,0.6931471805599453,substitution,0.0,1.3280542986425339,Negative,1,cedar,0.0884,KVIQAGMFDQK,0.1174,KVIQAGMQK,True,0.22909708918339167
KVLGKGSFAK,HLA-A0301,0.0376,0,6,0.0498,0.7322,0.0679,HLA-A*03:01,30556813,KVLGKGSFAK,KVLGKGGFAK,0,0,81.0,72.0,True,Conserved,0,KVLGKGSFK,-4,KVLGKGSFK,"6,7",0.6931471805599453,KVLGKGFAK,0.052020999999999984,KVLGKGSFAK,KVLGKGSFAK,KVLGKGGFAK,Negative,10,10,10,10,10,10,"0,1,8",0.947979,6,0.6931471805599453,substitution,0.0,1.805851063829787,Negative,1,cedar,0.0376,KVLGKGGFAK,0.0679,KVLGKGFAK,True,0.13460535213607966
KVLSLQTAL,HLA-A0201,0.6842,0,6,1.5981,0.5236,1.7762,HLA-A*02:01,31511069,KVLSLQTAL,KVQSLQTAL,0,0,178.0,170.0,False,Conserved,-2,KVLSLQTAL,-2,KVLSLQTAL,2,0.6931471805599453,KVQSLQTAL,0.060394999999999976,KVLSLQTAL,KVLSLQTAL,KVQSLQTAL,Negative,9,9,9,9,9,9,"1,3,8",0.939605,2,0.6931471805599453,substitution,0.0,2.596024554223911,Negative,1,cedar,0.6842,KVQSLQTAL,1.7762,KVQSLQTAL,True,0.1375932926982015
KYLPVKEIYSW,HLA-A2402,0.0541,0,6,0.1831,0.5869,2.7213,HLA-A*24:02,31511069,KYLPVKEIYSW,LPVKEIYSW,0,2,51.0,41.0,True,Improved,-2,KYLPEIYSW,-5,KYLPEIYSW,"0,1,2,3",1.791759469228055,LPVKEIYSW,0.062504,KYLPVKEIYSW,KYLPVKEIYSW,LPVKEIYSW,Negative,11,11,9,11,9,11,"1,8",0.937496,1,0.6931471805599453,substitution,0.0,50.30129390018484,Negative,1,cedar,0.0541,KCLPVKEIYSW,4.1612,KCLPEIYSW,True,0.31079175248070257
LAENTALYF,HLA-B3501,0.4812,0,6,0.0732,0.589,0.2236,HLA-B*35:01,27198675,LAENTALYF,LAEDTALYF,0,0,2929.0,2921.0,False,Conserved,1,LAENTALYF,1,LAENTALYF,3,0.6931471805599453,LAEDTALYF,0.05473499999999998,LAENTALYF,LAENTALYF,LAEDTALYF,Negative,9,9,9,9,9,9,"1,8",0.945265,3,0.6931471805599453,substitution,0.0,0.4646716541978387,Negative,1,cedar,0.4812,LAEDTALYF,0.2236,LAEDTALYF,True,0.17728618137587474
LAMAGSLVFL,HLA-A0201,0.0845,1,6,0.1343,0.6877,0.1194,HLA-A*02:01,27198675,AMAGSLVFL,AMAGSPVFL,1,1,158.0,149.0,False,Conserved,-3,LAMAGSLVL,-3,AMAGSLVFL,5,1.3862943611198906,AMAGSPVFL,0.09639200000000003,LAMAGSLVFL,AMAGSLVFL,AMAGSPVFL,Negative,10,9,9,9,9,10,"1,3,8",0.903608,6,1.3862943611198906,substitution,0.0,1.4130177514792899,Negative,1,cedar,1.7987,LAMAGSPVFL,1.6188,LMAGSPVFL,True,0.23162836059660577
LAYSFQSLL,HLA-A0201,4.472,0,6,0.0247,0.8016,2.3608,HLA-A*02:01,27198675,LAYSFQSLL,LAYPFQSLL,0,0,276.0,268.0,True,Conserved,-1,LAYSFQSLL,-1,LAYSFQSLL,3,1.3862943611198906,LAYPFQSLL,0.08272900000000005,LAYSFQSLL,LAYSFQSLL,LAYPFQSLL,Negative,9,9,9,9,9,9,"1,3,8",0.917271,3,1.3862943611198906,substitution,0.0,0.527906976744186,Negative,1,cedar,4.472,LAYPFQSLL,2.3608,LAYPFQSLL,True,0.17226802452167983
LDLGKSFHF,HLA-A2402,2.2194,0,6,0.3075,0.3763,45.5,HLA-A*24:02,27198675,LDLGKSFHF,LDLGKSFHS,0,0,839.0,831.0,True,Conserved,-2,LDLGKSFHF,-2,LDLGKSFHF,8,0.6931471805599453,LDLGKSFHS,0.031815999999999955,LDLGKSFHF,LDLGKSFHF,LDLGKSFHS,Negative,9,9,9,9,9,9,"1,8",0.968184,8,0.6931471805599453,substitution,0.0,20.501036316121475,Negative,1,cedar,2.2194,LDLGKSFHS,45.5,LDLGKSFHS,True,0.14734808786669354
LDYEWGTVTF,HLA-B1501,3.746,1,6,0.2401,0.552,3.0826,HLA-B*15:01,"29545564,29545564,29545564,29643231,29643231,29643231,29643231",YEWGTVTF,LDYEGGTVTF,2,0,502.0,493.0,True,Conserved,-2,LYEWGTVTF,-5,YEW-GTVTF,"0,1,2,3,5,6",0.0,LDYEGGTTF,0.18341799999999997,LDYEWGTVTF,YEWGTVTF,LDYEGGTVTF,Positive,10,8,10,8,10,10,"1,8",0.816582,4,0.0,substitution,0.8571428571428571,0.8229044313934863,"Positive_all,Negative,Positive_all,Positive_all,Positive_all,Positive_all,Positive_all",7,cedar,4.0537,LDYEGGTVTF,3.0826,LDYEGGTTF,True,0.14694109388701695
LEAVARNTF,HLA-B1501,1.9659,0,6,0.0407,0.65,1.8967,HLA-B*15:01,27198675,LEAVARNTF,LEAVARNSF,0,0,6616.0,6608.0,False,Conserved,1,LEAVARNTF,1,LEAVARNTF,7,1.791759469228055,LEAVARNSF,0.022684000000000037,LEAVARNTF,LEAVARNTF,LEAVARNSF,Negative,9,9,9,9,9,9,"1,8",0.977316,7,1.791759469228055,substitution,0.0,0.9647998372246809,Negative,1,cedar,1.9659,LEAVARNSF,1.8967,LEAVARNSF,True,0.10104288212715318
LEREIPLNQPF,HLA-B1501,0.7802,0,6,0.3299,0.4261,0.5305,HLA-B*15:01,27198675,REIPLNQPF,REIPLSQPF,2,2,3393.0,3383.0,False,Conserved,1,LEREIPQPF,1,REIPLNQPF,5,0.6931471805599453,REIPLSQPF,0.05971700000000002,LEREIPLNQPF,REIPLNQPF,REIPLSQPF,Negative,11,9,9,9,9,11,"1,8",0.940283,7,0.6931471805599453,substitution,0.0,0.679953857985132,Negative,1,cedar,4.8458,LEREIPLSQPF,3.098,LEREIPLSF,True,0.10638007005020152
LGNVWCFPY,HLA-B3501,6.3017,1,6,0.2897,0.5799,4.1099,HLA-B*35:01,31243155,LGNVWCFPY,LGNVWRFPY,0,0,64.0,56.0,False,Conserved,-3,LGNVWCFPY,-3,LGNVWCFPY,5,0.6931471805599453,LGNVWRFPY,0.15965200000000002,LGNVWCFPY,LGNVWCFPY,LGNVWRFPY,Positive,9,9,9,9,9,9,"1,8",0.840348,5,0.6931471805599453,substitution,1.0,0.6521890918323626,Positive_all,1,cedar,6.3017,LGNVWRFPY,4.1099,LGNVWRFPY,True,0.36654170831872057
LHSEAAYTL,HLA-A2402,1.5323,0,6,0.0071,0.8045,2.1647,HLA-A*24:02,27198675,LHSEAAYTL,PHSEAAYTL,0,0,780.0,772.0,False,Conserved,-3,LHSEAAYTL,-3,LHSEAAYTL,0,1.3862943611198906,PHSEAAYTL,0.03200700000000001,LHSEAAYTL,LHSEAAYTL,PHSEAAYTL,Negative,9,9,9,9,9,9,"1,8",0.967993,0,1.3862943611198906,substitution,0.0,1.412712915225478,Negative,1,cedar,1.5323,PHSEAAYTL,2.1647,PHSEAAYTL,True,0.12402880523129278
LIIPFIHLI,HLA-A0201,0.1341,1,6,0.0634,0.6993,0.5892,HLA-A*02:01,"30418433,27198675,27198675,27198675,27198675,27198675,27198675,27198675",LIIPFIHLI,LIIPCIHLI,0,0,990.0,982.0,False,Improved,-2,LIIPFIHLI,-2,LIIPFIHLI,4,0.6931471805599453,LIIPCIHLI,0.126239,LIIPFIHLI,LIIPFIHLI,LIIPCIHLI,Positive,9,9,9,9,9,9,"1,3,8",0.873761,4,0.6931471805599453,substitution,0.5,4.3937360178970915,"Positive_all,Positive_all,Positive_all,Positive_all,Negative,Negative,Negative,Negative",8,cedar,0.1341,LIIPCIHLI,0.5892,LIIPCIHLI,True,0.6043594833775932
LKHPFTLMY,HLA-C1202,0.2826,0,6,0.1714,0.4602,0.3,HLA-C*12:02,"34244308,34244308",LKHPFTLMY,LKHPFILMY,0,0,370.0,362.0,False,Conserved,-1,LKHPFTLMY,-1,LKHPFTLMY,5,1.0986122886681098,LKHPFILMY,0.069079,LKHPFTLMY,LKHPFTLMY,LKHPFILMY,Negative,9,9,9,9,9,9,"1,8",0.930921,5,1.0986122886681098,substitution,0.0,1.0615711252653928,"Negative,Negative",2,cedar,0.2826,LKHPFILMY,0.3,LKHPFILMY,True,0.27881353535240033
LLAGTLAVV,HLA-A0201,0.2417,1,6,0.0093,0.9101,0.094,HLA-A*02:01,30418433,LLAGTLAVV,LLAGTLAGV,0,0,87.0,79.0,False,Conserved,-3,LLAGTLAVV,-3,LLAGTLAVV,7,1.3862943611198906,LLAGTLAGV,0.05088300000000001,LLAGTLAVV,LLAGTLAVV,LLAGTLAGV,Positive,9,9,9,9,9,9,"1,3,8",0.949117,7,1.3862943611198906,substitution,1.0,0.38891187422424495,Positive_all,1,cedar,0.2417,LLAGTLAGV,0.094,LLAGTLAGV,True,0.24847939223845922
LLAILTYYV,HLA-A0201,0.3549,1,6,0.0187,0.9379,0.1362,HLA-A*02:01,30418433,LLAILTYYV,LLAILPYYV,0,0,279.0,271.0,False,Conserved,-1,LLAILTYYV,-1,LLAILTYYV,5,1.3862943611198906,LLAILPYYV,0.07972699999999999,LLAILTYYV,LLAILTYYV,LLAILPYYV,Positive,9,9,9,9,9,9,"1,3,8",0.920273,5,1.3862943611198906,substitution,1.0,0.38377007607776836,Positive_all,1,cedar,0.3549,LLAILPYYV,0.1362,LLAILPYYV,True,0.3069733358422094
LLDIDRFTI,HLA-A0201,0.8832,0,6,0.1966,0.4646,3.353,HLA-A*02:01,31511069,LLDIDRFTI,LLEIDRFTI,0,0,318.0,310.0,False,Improved,2,LLDIDRFTI,2,LLDIDRFTI,2,1.3862943611198906,LLEIDRFTI,0.043696999999999986,LLDIDRFTI,LLDIDRFTI,LLEIDRFTI,Negative,9,9,9,9,9,9,"1,3,8",0.956303,2,1.3862943611198906,substitution,0.0,3.796422101449276,Negative,1,cedar,0.8832,LLEIDRFTI,3.353,LLEIDRFTI,True,0.19248683066789607
LLGSVNNLL,HLA-A0201,0.4931,0,6,0.1367,0.8116,0.5516,HLA-A*02:01,31511069,LLGSVNNLL,LLGSVNSLL,0,0,457.0,449.0,False,Conserved,1,LLGSVNNLL,1,LLGSVNNLL,6,0.6931471805599453,LLGSVNSLL,0.04300700000000002,LLGSVNNLL,LLGSVNNLL,LLGSVNSLL,Negative,9,9,9,9,9,9,"1,3,8",0.956993,6,0.6931471805599453,substitution,0.0,1.1186371932670858,Negative,1,cedar,0.4931,LLGSVNSLL,0.5516,LLGSVNSLL,True,0.2088435822013899
LLHTELERFL,HLA-A0201,2.2291,0,6,0.5943,0.2848,1.8936,HLA-A*02:01,33479501,LLHTELERFL,LLHTELERSL,0,0,200.0,191.0,False,Conserved,-2,LHTELERFL,-2,LLHTELEFL,7,0.6931471805599453,LLHTELESL,0.03940699999999997,LLHTELERFL,LLHTELERFL,LLHTELERSL,Negative,10,10,10,10,10,10,"1,3,8",0.960593,8,0.6931471805599453,substitution,0.0,0.8494908258938585,Negative,1,cedar,2.2291,LLHTELERSL,1.8936,LLHTELESL,True,0.20175188573470906
LLLNAGSTV,HLA-A0201,0.4677,0,6,0.2871,0.8423,0.3578,HLA-A*02:01,31511069,LLLNAGSTV,LLLNAASTV,0,0,50.0,42.0,False,Conserved,0,LLLNAGSTV,0,LLLNAGSTV,5,1.3862943611198906,LLLNAASTV,0.05102399999999996,LLLNAGSTV,LLLNAGSTV,LLLNAASTV,Negative,9,9,9,9,9,9,"1,3,8",0.948976,5,1.3862943611198906,substitution,0.0,0.7650203121659184,Negative,1,cedar,0.4677,LLLNAASTV,0.3578,LLLNAASTV,True,0.14445436938306677
LLLNMLIVL,HLA-A0201,0.4654,1,6,0.2287,0.7428,0.265,HLA-A*02:01,30418433,LLLNMLIVL,LLLNMLIAL,0,0,676.0,668.0,False,Conserved,0,LLLNMLIVL,0,LLLNMLIVL,7,1.3862943611198906,LLLNMLIAL,0.025503000000000053,LLLNMLIVL,LLLNMLIVL,LLLNMLIAL,Positive,9,9,9,9,9,9,"1,3,8",0.974497,7,1.3862943611198906,substitution,1.0,0.5694026643747314,Positive_all,1,cedar,0.4654,LLLNMLIAL,0.265,LLLNMLIAL,True,0.30862607671538234
LLMVSITLL,HLA-A0201,0.3429,0,6,0.1408,0.8815,12.929,HLA-A*02:01,31511069,LLMVSITLL,LPMVSITL,0,0,126.0,118.0,True,Improved,-3,LLMVSITLL,-13,LLMVSITLL,"0,2,3,4,5,6,7",1.0986122886681098,-LPMVSITL,0.09706999999999999,LLMVSITLL,LLMVSITLL,LPMVSITL,Negative,9,9,8,9,8,9,"1,3,8",0.90293,1,1.3862943611198906,substitution,0.0,37.704870224555265,Negative,1,cedar,0.3429,LPMVSITLL,14.7295,LPMVSITLL,True,0.3304063344426322
LLSIVPCTV,HLA-A0201,0.5058,0,6,0.0991,0.8317,0.7833,HLA-A*02:01,"25837513,25837513",LLSIVPCTV,LLSIVLCTV,0,0,30.0,22.0,False,Conserved,-3,LLSIVPCTV,-3,LLSIVPCTV,5,1.3862943611198906,LLSIVLCTV,0.09602699999999997,LLSIVPCTV,LLSIVPCTV,LLSIVLCTV,Negative,9,9,9,9,9,9,"1,3,8",0.903973,5,1.3862943611198906,substitution,0.0,1.5486358244365361,"Negative,Negative",2,cedar,0.5058,LLSIVLCTV,0.7833,LLSIVLCTV,True,0.22941520031006352
LLTKDSYKV,HLA-A0201,0.2914,0,6,0.3612,0.753,1.5113,HLA-A*02:01,31511069,LLTKDSYKV,LLTKDSDKV,0,0,182.0,174.0,False,Improved,-3,LLTKDSYKV,-3,LLTKDSYKV,6,0.6931471805599453,LLTKDSDKV,0.08804800000000002,LLTKDSYKV,LLTKDSYKV,LLTKDSDKV,Negative,9,9,9,9,9,9,"1,3,8",0.911952,6,0.6931471805599453,substitution,0.0,5.186341798215512,Negative,1,cedar,0.2914,LLTKDSDKV,1.5113,LLTKDSDKV,True,0.13399929520586
LLVAAMIGGFV,HLA-A0201,7.1478,0,6,2.4848,0.5798,6.9394,HLA-A*02:01,24323902,LLVAAMIGGFV,VVAMIGGFV,0,2,152.0,142.0,True,Conserved,0,LLVAAMIGV,-10,LLVAAMIGV,"0,1,2,3,4,5,6,7",2.772588722239781,VVAMIGGFV,0.06210099999999996,LLVAAMIGGFV,LLVAAMIGGFV,VVAMIGGFV,Negative,11,11,9,11,9,11,"1,3,8",0.937899,3,1.3862943611198906,substitution,0.0,0.9708441758303255,Negative,1,cedar,7.1478,LLVVAMIGGFV,14.6815,LLVVAMIGV,True,0.22326686338071186
LLVDLAEEL,HLA-A0201,0.0996,1,6,0.0675,0.8428,11.1311,HLA-A*02:01,31685621,LLVDLAEEL,LPVDLAEEL,0,0,121.0,113.0,True,Improved,-3,LLVDLAEEL,-3,LLVDLAEEL,1,1.3862943611198906,LPVDLAEEL,0.061249,LLVDLAEEL,LLVDLAEEL,LPVDLAEEL,Positive,9,9,9,9,9,9,"1,3,8",0.938751,1,1.3862943611198906,substitution,1.0,111.75803212851406,Positive_all,1,cedar,0.0996,LPVDLAEEL,11.1311,LPVDLAEEL,True,0.28815526828883126
LMAVAILKEV,HLA-A0201,2.4412,0,6,0.1185,0.8225,2.4412,HLA-A*02:01,"27198675,27198675,27198675,27198675",MAVAILKEV,MAVAILKEV,1,1,931.0,922.0,False,Conserved,-3,LMAAILKEV,4,MAVAILKEV,-1,,MAVAILKEV,0.0,LMAVAILKEV,MAVAILKEV,MAVAILKEV,Negative,10,9,9,9,9,10,"1,3,8",1.0,0,1.3862943611198906,substitution,0.0,1.0,"Negative,Negative,Negative,Negative",4,cedar,2.8652,PMAVAILKEV,15.7911,PMAVAILEV,True,0.16064006967085764
LPFSPEFSEFF,HLA-B0702,0.4593,0,6,0.2401,0.587,0.4593,HLA-B*07:02,27198675,LPFSPEFSEF,LPFSPEFSEF,0,0,418.0,408.0,False,Conserved,0,LPFSPEFSF,6,LPFSPFSEF,-1,,LPFSPFSEF,0.0,LPFSPEFSEFF,LPFSPEFSEF,LPFSPEFSEF,Negative,11,10,10,10,10,11,"1,8",1.0,10,0.6931471805599453,substitution,0.0,1.0,Negative,1,cedar,1.3032,LPFSPEFSEFI,2.7567,LPFSPEFSI,True,0.12885543898853977
LPFSPEFSEFF,HLA-B3501,0.0503,0,6,0.2401,0.587,0.0503,HLA-B*35:01,27198675,LPFSPEFSEF,LPFSPEFSEF,0,0,418.0,408.0,False,Conserved,0,LPFSPEFSF,6,LPFPEFSEF,-1,,LPFPEFSEF,0.0,LPFSPEFSEFF,LPFSPEFSEF,LPFSPEFSEF,Negative,11,10,10,10,10,11,"1,8",1.0,10,0.6931471805599453,substitution,0.0,1.0,Negative,1,cedar,0.2131,LPFSPEFSEFI,1.4682,LPFSPESEF,True,0.1662506767636975
LPQGWKMNSTL,HLA-B0702,0.285,0,6,0.3036,0.5744,2.9937,HLA-B*07:02,27198675,LPQGWKMNSTL,LPQGWKMNST,0,0,224.0,214.0,True,Improved,-3,LPQGWKSTL,-3,LPQGWKSTL,"4,5,6,7,8",2.1972245773362196,LPQGKMNST,0.026580999999999966,LPQGWKMNSTL,LPQGWKMNSTL,LPQGWKMNST,Negative,11,11,10,11,10,11,"1,8",0.973419,10,1.3862943611198906,substitution,0.0,10.50421052631579,Negative,1,cedar,0.285,LPQGWKMNSTP,8.062,LPQGWKSTP,True,0.09261889140770006
LPTVKLAEV,HLA-B0702,0.5901,0,6,0.0918,0.4195,0.5248,HLA-B*07:02,31511069,LPTVKLAEV,LPTVKVAEV,0,0,146.0,138.0,False,Conserved,1,LPTVKLAEV,1,LPTVKLAEV,5,1.791759469228055,LPTVKVAEV,0.035846000000000044,LPTVKLAEV,LPTVKLAEV,LPTVKVAEV,Negative,9,9,9,9,9,9,"1,8",0.964154,5,1.791759469228055,substitution,0.0,0.8893407896966617,Negative,1,cedar,0.5901,LPTVKVAEV,0.5248,LPTVKVAEV,True,0.16321361041129395
LPVTRKNMPL,HLA-B0801,0.4909,0,6,0.0596,0.7344,0.4909,HLA-B*08:01,33479501,LPVTRKNM,LPVTRKNM,0,0,223.0,214.0,False,Conserved,-3,LPVTRKNPL,5,LPVTRK-NM,-1,,LPVTRK-NM,0.0,LPVTRKNMPL,LPVTRKNM,LPVTRKNM,Negative,10,8,8,8,8,10,"1,4,8",1.0,9,1.3862943611198906,substitution,0.0,1.0,Negative,1,cedar,0.8506,LPVTRKNMPP,22.9769,LPVTRKMPP,True,0.15314234405988544
LPWLSAHEL,HLA-B3501,0.0634,0,6,0.0082,0.6886,0.061,HLA-B*35:01,33262196,LPWLSAHEL,LPSLSAHEL,0,0,57.0,49.0,False,Conserved,-3,LPWLSAHEL,-3,LPWLSAHEL,2,0.0,LPSLSAHEL,0.10767099999999996,LPWLSAHEL,LPWLSAHEL,LPSLSAHEL,Negative,9,9,9,9,9,9,"1,8",0.892329,2,0.0,substitution,0.0,0.9621451104100947,Negative,1,cedar,0.0634,LPSLSAHEL,0.061,LPSLSAHEL,True,0.2674072223353463
LRFNLIANQH,HLA-B2705,0.8731,0,6,0.9195,0.4604,1.1352,HLA-B*27:05,33479501,LRFNLIANQH,LRFNLTANQH,0,0,100.0,91.0,False,Conserved,-1,LRFNLINQH,-1,LRFNLINQH,5,1.0986122886681098,LRFNLTNQH,0.05735299999999999,LRFNLIANQH,LRFNLIANQH,LRFNLTANQH,Negative,10,10,10,10,10,10,"1,8",0.942647,5,1.0986122886681098,substitution,0.0,1.3001947085099073,Negative,1,cedar,0.8731,LRFNLTANQH,1.1352,LRFNLTNQH,True,0.1589953632633732
LRNSGGEVF,HLA-B2705,0.4387,0,6,0.1449,0.4354,0.9681,HLA-B*27:05,30556813,LRNSGGEVF,LRDSGGEAF,0,0,197.0,189.0,False,Conserved,1,LRNSGGEVF,1,LRNSGGEVF,"2,7",1.791759469228055,LRDSGGEAF,0.07722200000000001,LRNSGGEVF,LRNSGGEVF,LRDSGGEAF,Negative,9,9,9,9,9,9,"1,8",0.922778,"2,7",1.791759469228055,substitution,0.0,2.2067472076589927,Negative,1,cedar,0.4387,LRDSGGEAF,0.9681,LRDSGGEAF,True,0.11364116920058123
LRTKVYAEL,HLA-B2705,0.5543,1,6,0.1137,0.4718,0.5008,HLA-B*27:05,26048577,LRTKVYAEL,LRTKVHAEL,0,0,162.0,154.0,False,Conserved,2,LRTKVYAEL,2,LRTKVYAEL,5,0.6931471805599453,LRTKVHAEL,0.06722899999999998,LRTKVYAEL,LRTKVYAEL,LRTKVHAEL,Positive,9,9,9,9,9,9,"1,8",0.932771,5,0.6931471805599453,substitution,1.0,0.9034818690239942,Positive_all,1,cedar,0.5543,LRTKVHAEL,0.5008,LRTKVHAEL,True,0.14663712984563648
LTSTVQLIM,HLA-C1502,0.3035,1,6,0.117,0.5616,1.6912,HLA-C*15:02,"34244308,34244308,34244308,34244308",LTSTVQLIM,LTSTVQLI,0,0,790.0,782.0,True,Improved,-1,LTSTVQLIM,-7,LTSTVQLIM,"3,4,5,6,7,8",1.791759469228055,LTS-TVQLI,0.03797099999999998,LTSTVQLIM,LTSTVQLIM,LTSTVQLI,Positive,9,9,8,9,8,9,"1,8",0.962029,8,0.0,substitution,0.75,5.5723228995057665,"Positive_all,Positive_all,Negative,Positive_all",4,cedar,0.3035,LTSTVQLIT,6.3148,LTSTVQLIT,True,0.2548162470690904
LTSTVQLIM,HLA-B3501,1.9517,0,6,0.117,0.5616,27.4375,HLA-B*35:01,"34244308,34244308",LTSTVQLIM,LTSTVQLIT,0,0,790.0,782.0,True,Improved,-1,LTSTVQLIM,-1,LTSTVQLIM,8,0.0,LTSTVQLIT,0.01884600000000003,LTSTVQLIM,LTSTVQLIM,LTSTVQLIT,Negative,9,9,9,9,9,9,"1,8",0.981154,8,0.0,substitution,0.0,14.058256904237332,"Negative,Negative",2,cedar,1.9517,LTSTVQLIT,27.4375,LTSTVQLIT,True,0.2291219394747143
LVIGMPPPV,HLA-A0201,0.4657,1,6,0.0715,0.7165,0.279,HLA-A*02:01,30418433,LVIGMPPPV,RVIGMPPPV,0,0,1202.0,1194.0,False,Conserved,-2,LVIGMPPPV,-2,LVIGMPPPV,0,1.3862943611198906,RVIGMPPPV,0.02459,LVIGMPPPV,LVIGMPPPV,RVIGMPPPV,Positive,9,9,9,9,9,9,"1,3,8",0.97541,0,1.3862943611198906,substitution,1.0,0.5990981318445352,Positive_all,1,cedar,0.4657,RVIGMPPPV,0.279,RVIGMPPPV,True,0.3976102817543286
LVVVGASGVGK,HLA-A6801,1.1835,0,6,1.9126,0.399,1.322,HLA-A*68:01,30556813,VVVGASGVGK,VVVGAGGVGK,1,1,16.0,6.0,True,Conserved,0,LVVASGVGK,0,VVVGASVGK,"4,5",1.791759469228055,VVVGGGVGK,0.04578599999999999,LVVVGASGVGK,VVVGASGVGK,VVVGAGGVGK,Negative,11,10,10,10,10,11,"0,1,8",0.954214,6,0.6931471805599453,substitution,0.0,1.1170257710181666,Negative,1,cedar,3.5973,LVVVGAGGVGK,3.6207,LVVAGGVGK,True,0.11369249932800367
LYPEFIASI,HLA-A2402,0.0502,1,6,0.0397,0.7238,0.0445,HLA-A*24:02,"29541393,29541393,29541393,29541393",LYPEFIASI,LYPELIASI,0,0,147.0,139.0,False,Conserved,0,LYPEFIASI,0,LYPEFIASI,4,1.791759469228055,LYPELIASI,0.06255999999999995,LYPEFIASI,LYPEFIASI,LYPELIASI,Positive,9,9,9,9,9,9,"1,8",0.93744,4,1.791759469228055,substitution,1.0,0.8864541832669321,"Positive_all,Positive_all,Positive_all,Positive_all",4,cedar,0.0502,LYPELIASI,0.0445,LYPELIASI,True,0.31131746366183544
LYQRWEAQNKV,HLA-A2402,2.3263,0,6,2.6927,0.3092,12.7639,HLA-A*24:02,31511069,LYQRWEAQNKV,LYQRWEAQN,0,0,794.0,784.0,True,Conserved,-3,LRWEAQNKV,-7,LYWEAQNKV,"2,3,4,5,6,7,8",1.3862943611198906,LYQRWEAQN,0.05986400000000003,LYQRWEAQNKV,LYQRWEAQNKV,LYQRWEAQN,Negative,11,11,9,11,9,11,"1,8",0.940136,10,1.3862943611198906,substitution,0.0,5.486781584490393,Negative,1,cedar,2.3263,LYQRWEAQNKG,17.8222,LYWEAQNKG,True,0.08910502013044291
MASILKGYRLY,HLA-B3501,1.5256,0,6,1.7015,0.3207,1.0833,HLA-B*35:01,27198675,MASILKGY,SILKGYRSY,0,2,580.0,570.0,True,Conserved,-2,MALKGYRLY,-13,MAS-ILKGY,"0,1,2,3,4,5,6,7",1.0986122886681098,SILKGYRSY,0.20852800000000005,MASILKGYRLY,MASILKGY,SILKGYRSY,Negative,11,8,9,8,9,11,"1,8",0.791472,9,0.6931471805599453,substitution,0.0,0.7100812794965914,Negative,1,cedar,4.0348,MASILKGYRSY,2.2011,MASKGYRSY,True,0.16092688602954236
MASISSFLLV,HLA-A0201,2.4203,0,6,0.0918,0.6883,3.9559,HLA-A*02:01,27198675,ASISSFLLV,ASISSSLLV,1,1,83.0,74.0,False,Conserved,-2,MAISSFLLV,-2,ASISSFLLV,5,0.6931471805599453,ASISSSLLV,0.06620499999999996,MASISSFLLV,ASISSFLLV,ASISSSLLV,Negative,10,9,9,9,9,10,"1,3,8",0.933795,6,0.6931471805599453,substitution,0.0,1.6344668016361608,Negative,1,cedar,9.1463,MASISSSLLV,10.278,MAISSSLLV,True,0.186535271406307
MILTGILLIEI,HLA-A0201,0.8271,1,6,2.9105,0.551,2.0733,HLA-A*02:01,32226429,MILTGILLI,MINTSILLI,0,0,717.0,707.0,True,Conserved,-6,MILTGIIEI,-3,MILTGILLI,"2,4",0.6931471805599453,MINTSILLI,0.11517599999999995,MILTGILLIEI,MILTGILLI,MINTSILLI,Positive,11,9,9,9,9,11,"1,3,8",0.884824,"2,4,9",0.6931471805599453,substitution,1.0,2.5067101922379402,Positive_all,1,cedar,4.5537,MINTSILLIFI,14.7466,MINTSLIFI,True,0.21241078150064543
MIYGYDTWI,HLA-A0201,1.3742,0,6,0.4231,0.8131,2.443,HLA-A*02:01,31511069,MIYGYDTWI,MIYGSDTWI,0,0,293.0,285.0,False,Conserved,-2,MIYGYDTWI,-2,MIYGYDTWI,4,0.6931471805599453,MIYGSDTWI,0.10232399999999997,MIYGYDTWI,MIYGYDTWI,MIYGSDTWI,Negative,9,9,9,9,9,9,"1,3,8",0.897676,4,0.6931471805599453,substitution,0.0,1.77776160675302,Negative,1,cedar,1.3742,MIYGSDTWI,2.443,MIYGSDTWI,True,0.34711440662393744
MLAVISCAV,HLA-A0201,1.022,0,6,0.0234,0.8829,1.0951,HLA-A*02:01,32314731,MLAVISCAV,MLAVVSCAV,0,0,106.0,98.0,False,Conserved,3,MLAVISCAV,3,MLAVISCAV,4,1.0986122886681098,MLAVVSCAV,0.016183999999999976,MLAVISCAV,MLAVISCAV,MLAVVSCAV,Negative,9,9,9,9,9,9,"1,3,8",0.983816,4,1.0986122886681098,substitution,0.0,1.0715264187866926,Negative,1,cedar,1.022,MLAVVSCAV,1.0951,MLAVVSCAV,True,0.20045513741138532
MLLENKAVEK,HLA-A0301,0.581,1,6,0.2058,0.6217,0.4571,HLA-A*03:01,31511069,MLLENKAVEK,MLLENKAVKK,0,0,135.0,126.0,False,Conserved,1,MLLEKAVEK,1,MLLNKAVEK,7,0.6931471805599453,MLLNKAVKK,0.020867999999999998,MLLENKAVEK,MLLENKAVEK,MLLENKAVKK,Positive,10,10,10,10,10,10,"0,1,8",0.979132,8,0.6931471805599453,substitution,1.0,0.7867469879518073,Positive_all,1,cedar,0.581,MLLENKAVKK,0.4571,MLLNKAVKK,True,0.13195539953920685
MLLENKAVEKA,HLA-A0201,1.2103,1,6,3.0039,0.4133,2.1861,HLA-A*02:01,31511069,MLLENKAVEKA,MLLENKAVKKA,0,0,136.0,126.0,False,Conserved,1,MLLEAVEKA,1,MLLEAVEKA,6,0.6931471805599453,MLLEAVKKA,0.02325200000000005,MLLENKAVEKA,MLLENKAVEKA,MLLENKAVKKA,Positive,11,11,11,11,11,11,"1,3,8",0.976748,8,0.6931471805599453,substitution,1.0,1.8062463851937538,Positive_all,1,cedar,1.2103,MLLENKAVKKA,2.1861,MLLEAVKKA,True,0.09620189961572895
MLLLGLLHA,HLA-A0201,0.5328,0,6,0.3945,0.6968,0.4318,HLA-A*02:01,31511069,MLLLGLLHA,MLLLGLLQA,0,0,9.0,1.0,False,Conserved,0,MLLLGLLHA,0,MLLLGLLHA,7,1.3862943611198906,MLLLGLLQA,0.03958799999999996,MLLLGLLHA,MLLLGLLHA,MLLLGLLQA,Negative,9,9,9,9,9,9,"1,3,8",0.960412,7,1.3862943611198906,substitution,0.0,0.8104354354354354,Negative,1,cedar,0.5328,MLLLGLLQA,0.4318,MLLLGLLQA,True,0.3066092095310844
MLSILALVRV,HLA-A0201,2.6997,1,6,0.3408,0.7557,2.5021,HLA-A*02:01,30418433,MLSILALVRV,MLSILALVGV,0,0,66.0,57.0,False,Conserved,-2,MLSLALVRV,-2,MLSLALVRV,7,1.791759469228055,MLSLALVGV,0.03419099999999997,MLSILALVRV,MLSILALVRV,MLSILALVGV,Positive,10,10,10,10,10,10,"1,3,8",0.965809,8,1.791759469228055,substitution,1.0,0.9268066822239508,Positive_all,1,cedar,2.6997,MLSILALVGV,2.5021,MLSLALVGV,True,0.24307034291716953
MPFTTVSELM,HLA-B3501,0.0308,0,6,0.0203,0.5845,0.0308,HLA-B*35:01,33479501,MPFTTVSEL,MPFTTVSEL,0,0,956.0,947.0,False,Conserved,1,MPFTTSELM,4,MPFTTVSEL,-1,,MPFTTVSEL,0.0,MPFTTVSELM,MPFTTVSEL,MPFTTVSEL,Negative,10,9,9,9,9,10,"1,8",1.0,9,0.0,substitution,0.0,1.0,Negative,1,cedar,0.233,MPFTTVSELV,2.1744,MPFTTVSEV,True,0.18941418397851645
MPLVILIVL,HLA-B0702,0.5862,1,6,0.0239,0.5694,0.5868,HLA-B*07:02,32226429,MPLVILIVL,VPLVILIVL,0,0,319.0,311.0,False,Conserved,1,MPLVILIVL,1,MPLVILIVL,0,0.0,VPLVILIVL,0.012094999999999967,MPLVILIVL,MPLVILIVL,VPLVILIVL,Positive,9,9,9,9,9,9,"1,8",0.987905,0,0.0,substitution,1.0,1.0010235414534288,Positive_all,1,cedar,0.5862,VPLVILIVL,0.5868,VPLVILIVL,True,0.48423298329986764
MPLVILIVLVL,HLA-B0702,0.5862,1,6,0.4264,0.2723,0.5868,HLA-B*07:02,32226429,MPLVILIVL,VPLVILIVL,0,0,321.0,311.0,False,Conserved,1,MPILIVLVL,1,MPLVILIVL,0,0.0,VPLVILIVL,0.012094999999999967,MPLVILIVLVL,MPLVILIVL,VPLVILIVL,Positive,11,9,9,9,9,11,"1,8",0.987905,0,0.0,substitution,1.0,1.0010235414534288,Positive_all,1,cedar,4.0575,VPLVILIVLVL,4.3696,VPILIVLVL,True,0.3866610960183201
MTLKEYHYV,HLA-A0201,0.6495,0,6,0.01,0.835,0.6725,HLA-A*02:01,27198675,MTLKEYHYV,MTLQEYHYV,0,0,1296.0,1288.0,True,Conserved,1,MTLKEYHYV,1,MTLKEYHYV,3,0.6931471805599453,MTLQEYHYV,0.046965000000000034,MTLKEYHYV,MTLKEYHYV,MTLQEYHYV,Negative,9,9,9,9,9,9,"1,3,8",0.953035,3,0.6931471805599453,substitution,0.0,1.0354118552732872,Negative,1,cedar,0.6495,MTLQEYHYV,0.6725,MTLQEYHYV,True,0.30303938866443875
MTSLHLTTR,HLA-A1101,0.5547,0,6,0.0462,0.7235,1.1762,HLA-A*11:01,31511069,MTSLHLTTR,MTPLHLTTR,0,0,123.0,115.0,False,Conserved,-1,MTSLHLTTR,-1,MTSLHLTTR,2,1.3862943611198906,MTPLHLTTR,0.06793700000000003,MTSLHLTTR,MTSLHLTTR,MTPLHLTTR,Negative,9,9,9,9,9,9,"0,1,8",0.932063,2,1.3862943611198906,substitution,0.0,2.1204254552010093,Negative,1,cedar,0.5547,MTPLHLTTR,1.1762,MTPLHLTTR,True,0.20258330231689403
MVLAELYVSER,HLA-A1101,4.2119,0,6,0.846,0.5973,4.778,HLA-A*11:01,27198675,VLAELYVSER,VLAELYVSDR,1,1,11.0,1.0,False,Conserved,2,MVLAEVSER,5,VLAELYVSR,-1,,VLAELYVSR,0.02227699999999999,MVLAELYVSER,VLAELYVSER,VLAELYVSDR,Negative,11,10,10,10,10,11,"0,1,8",0.977723,9,1.3862943611198906,substitution,0.0,1.134404900401244,Negative,1,cedar,5.6021,MVLAELYVSDR,9.0942,MVLAELYVR,True,0.15872053969167105
MVVHEIQNY,HLA-A2501,0.0165,0,6,0.0279,0.6394,0.0321,HLA-A*25:01,"31351799,31351799",MVVHEIQNY,MVVHEIRNY,0,0,213.0,205.0,False,Conserved,1,MVVHEIQNY,1,MVVHEIQNY,6,0.6931471805599453,MVVHEIRNY,0.05043200000000003,MVVHEIQNY,MVVHEIQNY,MVVHEIRNY,Negative,9,9,9,9,9,9,"0,1,8",0.949568,6,0.6931471805599453,substitution,0.0,1.945454545454545,"Negative,Negative",2,cedar,0.0165,MVVHEIRNY,0.0321,MVVHEIRNY,True,0.43164665546872494
NEVSEVTVF,HLA-B1801,0.0067,0,6,0.0141,0.7422,0.0033,HLA-B*18:01,33479501,NEVSEVTVF,NEVPEVTVF,0,0,118.0,110.0,False,Conserved,-1,NEVSEVTVF,-1,NEVSEVTVF,3,1.3862943611198906,NEVPEVTVF,0.073492,NEVSEVTVF,NEVSEVTVF,NEVPEVTVF,Negative,9,9,9,9,9,9,"1,8",0.926508,3,1.3862943611198906,substitution,0.0,0.4925373134328358,Negative,1,cedar,0.0067,NEVPEVTVF,0.0033,NEVPEVTVF,True,0.33436721249155077
NLRYFAKSL,HLA-B0801,0.1277,1,6,0.0661,0.6545,0.1629,HLA-B*08:01,"31685621,31685621",NLRYFAKSL,NLRYSAKSL,0,0,89.0,81.0,True,Conserved,-2,NLRYFAKSL,-2,NLRYFAKSL,4,0.6931471805599453,NLRYSAKSL,0.08967099999999995,NLRYFAKSL,NLRYFAKSL,NLRYSAKSL,Positive,9,9,9,9,9,9,"1,4,8",0.910329,4,0.6931471805599453,substitution,1.0,1.2756460454189504,"Positive_all,Positive_all",2,cedar,0.1277,NLRYSAKSL,0.1629,NLRYSAKSL,True,0.19671397114048347
NSLIQRINLKK,HLA-A1101,0.149,0,6,2.055,0.3849,0.3378,HLA-A*11:01,27198675,SLIQRINLK,LIQRINLRK,1,2,226.0,216.0,True,Conserved,2,NSLRINLKK,-13,SLIQRINLK,"0,1,2,3,4,5,6,7",2.70805020110221,LIQRINLRK,0.08226900000000004,NSLIQRINLKK,SLIQRINLK,LIQRINLRK,Negative,11,9,9,9,9,11,"0,1,8",0.917731,9,0.6931471805599453,substitution,0.0,2.2671140939597314,Negative,1,cedar,2.4905,NSLIQRINLRK,2.8686,NSLRINLRK,True,0.13625044961913393
NVLSSLVLV,HLA-A0201,0.41,0,6,0.0402,0.7622,0.1541,HLA-A*02:01,33479501,NVLSSLVLV,NVLPSLVLV,0,0,145.0,137.0,True,Conserved,-1,NVLSSLVLV,-1,NVLSSLVLV,3,1.3862943611198906,NVLPSLVLV,0.067805,NVLSSLVLV,NVLSSLVLV,NVLPSLVLV,Negative,9,9,9,9,9,9,"1,3,8",0.932195,3,1.3862943611198906,substitution,0.0,0.37585365853658537,Negative,1,cedar,0.41,NVLPSLVLV,0.1541,NVLPSLVLV,True,0.21880860990869958
PFLDLGKSFHF,HLA-A2402,0.3214,0,6,0.8101,0.3876,0.3214,HLA-A*24:02,27198675,PFLDLGKSF,PFLDLGKSF,0,0,839.0,829.0,False,Conserved,-2,PFLDKSFHF,6,PFLDLGKSF,-1,,PFLDLGKSF,0.0,PFLDLGKSFHF,PFLDLGKSF,PFLDLGKSF,Negative,11,9,9,9,9,11,"1,8",1.0,10,0.6931471805599453,substitution,0.0,1.0,Negative,1,cedar,0.3579,PFLDLGKSFHS,21.8636,PFLDLGKSF,True,0.12018852544767716
PFSQCTKSF,HLA-A2402,0.6485,0,6,1.4261,0.3077,0.3826,HLA-A*24:02,27198675,PFSQCTKSF,PFPQCTKSF,0,0,307.0,299.0,False,Conserved,-1,PFSQCTKSF,-1,PFSQCTKSF,2,1.3862943611198906,PFPQCTKSF,0.07892999999999994,PFSQCTKSF,PFSQCTKSF,PFPQCTKSF,Negative,9,9,9,9,9,9,"1,8",0.92107,2,1.3862943611198906,substitution,0.0,0.5899768696993061,Negative,1,cedar,0.6485,PFPQCTKSF,0.3826,PFPQCTKSF,True,0.08086163477424085
PLLEAIDPDV,HLA-A0201,1.7886,0,6,3.0099,0.413,10.3186,HLA-A*02:01,31511069,LLEAIDPDV,PLPEAIDPDV,1,0,166.0,157.0,True,Improved,-3,PLLEAIPDV,-9,LLEAIDPDV,"0,2,3,4,5",1.791759469228055,PLPEAIPDV,0.09477000000000002,PLLEAIDPDV,LLEAIDPDV,PLPEAIDPDV,Negative,10,9,10,9,10,10,"1,3,8",0.90523,2,1.3862943611198906,substitution,0.0,5.769093145476909,Negative,1,cedar,6.4901,PLPEAIDPDV,10.3186,PLPEAIPDV,True,0.17622420387898924
PLMGISHQEEV,HLA-A0201,2.347,0,6,4.3412,0.4686,0.4065,HLA-A*02:01,31511069,LMGISHQEEV,LLMGISHQEEV,1,0,1459.0,1449.0,True,Conserved,-3,PLMGISHQV,2,LMISHQEEV,"1,2,3,4,5,6,7",2.1972245773362196,LLMGISHQV,0.023948999999999998,PLMGISHQEEV,LMGISHQEEV,LLMGISHQEEV,Negative,11,10,11,10,11,11,"1,3,8",0.976051,0,1.3862943611198906,substitution,0.0,0.1731998295696634,Negative,1,cedar,4.2921,LLMGISHQEEV,0.4065,LLMGISHQV,True,0.10237126790739887
QAVAAVQKL,HLA-C1203,0.2078,0,6,0.3547,0.5725,0.2237,HLA-C*12:03,30556813,QAVAAVQKL,QAVAAVQKM,0,0,368.0,360.0,True,Conserved,2,QAVAAVQKL,2,QAVAAVQKL,8,0.6931471805599453,QAVAAVQKM,0.008917999999999981,QAVAAVQKL,QAVAAVQKL,QAVAAVQKM,Negative,9,9,9,9,9,9,"1,8",0.991082,8,0.6931471805599453,substitution,0.0,1.0765158806544755,Negative,1,cedar,0.2078,QAVAAVQKM,0.2237,QAVAAVQKM,True,0.14359027117980494
QCEEVARVL,HLA-B3503,2.1308,1,6,2.0227,0.1699,1.8209,HLA-B*35:03,32571843,QCEEVARVL,QCEEVARAL,0,0,250.0,242.0,False,Conserved,0,QCEEVARVL,0,QCEEVARVL,7,1.3862943611198906,QCEEVARAL,0.029730000000000034,QCEEVARVL,QCEEVARVL,QCEEVARAL,Positive,9,9,9,9,9,9,"1,8",0.97027,7,1.3862943611198906,substitution,1.0,0.8545616669795383,Positive_all,1,cedar,2.1308,QCEEVARAL,1.8209,QCEEVARAL,True,0.19183746724256162
QEIQILKAL,HLA-B4001,0.0239,0,6,0.0418,0.7279,0.0098,HLA-B*40:01,"34244308,34244308",QEIQILKAL,REIQILKAL,0,0,878.0,870.0,False,Conserved,1,QEIQILKAL,1,QEIQILKAL,0,0.6931471805599453,REIQILKAL,0.01654,QEIQILKAL,QEIQILKAL,REIQILKAL,Negative,9,9,9,9,9,9,"1,8",0.98346,0,0.6931471805599453,substitution,0.0,0.41004184100418406,"Negative,Negative",2,cedar,0.0239,REIQILKAL,0.0098,REIQILKAL,True,0.3540737531787179
QFAVGSYVY,HLA-B3501,0.1859,0,6,0.0642,0.7541,0.1171,HLA-B*35:01,27198675,FAVGSYVY,FAVGSHVY,1,1,471.0,463.0,False,Conserved,2,QFAVGSYVY,2,FAV-GSYVY,6,0.6931471805599453,FAV-GSHVY,0.07285799999999998,QFAVGSYVY,FAVGSYVY,FAVGSHVY,Negative,9,8,8,8,8,9,"1,8",0.927142,6,0.6931471805599453,substitution,0.0,0.629908552985476,Negative,1,cedar,0.8676,QFAVGSHVY,0.6618,QFAVGSHVY,True,0.17861409871981693
QIMTILANMSV,HLA-A0201,3.1333,0,6,0.7799,0.4705,4.0231,HLA-A*02:01,27198675,MTILANMSV,VTILANMSV,2,2,447.0,437.0,False,Conserved,1,QTILANMSV,1,MTILANMSV,0,0.0,VTILANMSV,0.01420699999999997,QIMTILANMSV,MTILANMSV,VTILANMSV,Negative,11,9,9,9,9,11,"1,3,8",0.985793,2,0.0,substitution,0.0,1.2839817444866435,Negative,1,cedar,3.9514,QIVTILANMSV,7.9968,QIVTILASV,True,0.15959838623675462
QLIMTFFQV,HLA-A0201,0.5726,0,6,0.1313,0.8851,0.7932,HLA-A*02:01,31511069,QLIMTFFQV,LLIMTFFQV,0,0,159.0,151.0,False,Conserved,-2,QLIMTFFQV,-2,QLIMTFFQV,0,0.6931471805599453,LLIMTFFQV,0.02263000000000004,QLIMTFFQV,QLIMTFFQV,LLIMTFFQV,Negative,9,9,9,9,9,9,"1,3,8",0.97737,0,0.6931471805599453,substitution,0.0,1.3852602165560601,Negative,1,cedar,0.5726,LLIMTFFQV,0.7932,LLIMTFFQV,True,0.3451716456278342
QLLQDHWEI,HLA-A0201,0.2137,0,6,0.2208,0.8587,4.0296,HLA-A*02:01,31511069,QLLQDHWEI,QLLQDHGEI,0,0,246.0,238.0,False,Improved,-2,QLLQDHWEI,-2,QLLQDHWEI,6,0.0,QLLQDHGEI,0.12231700000000001,QLLQDHWEI,QLLQDHWEI,QLLQDHGEI,Negative,9,9,9,9,9,9,"1,3,8",0.877683,6,0.0,substitution,0.0,18.85634066448292,Negative,1,cedar,0.2137,QLLQDHGEI,4.0296,QLLQDHGEI,True,0.3536780168909645
QLPGPIWEFL,HLA-A0201,0.6919,0,6,0.8144,0.4429,1.7265,HLA-A*02:01,31511069,QLPGPIWEFL,QLPGPIREFL,0,0,218.0,209.0,True,Conserved,-3,QLPGPIWEL,-6,QLPGPIWEL,"6,7",-1.0,QLPGPIEFL,0.12292700000000001,QLPGPIWEFL,QLPGPIWEFL,QLPGPIREFL,Negative,10,10,10,10,10,10,"1,3,8",0.877073,6,0.6931471805599453,substitution,0.0,2.4953027894204367,Negative,1,cedar,0.6919,QLPGPIREFL,1.7265,QLPGPIEFL,True,0.21363938852908856
QLSCISTYV,HLA-A0201,0.8045,1,6,0.0157,0.8971,1.6127,HLA-A*02:01,"25837513,25837513,25837513,25837513,25837513,25837513,25837513",QLSCISTYV,QLSCTSTYV,0,0,194.0,186.0,False,Conserved,-1,QLSCISTYV,-1,QLSCISTYV,4,1.0986122886681098,QLSCTSTYV,0.06487799999999999,QLSCISTYV,QLSCISTYV,QLSCTSTYV,Positive,9,9,9,9,9,9,"1,3,8",0.935122,4,1.0986122886681098,substitution,0.8571428571428571,2.0045991298943444,"Negative,Positive_all,Positive_all,Positive_all,Positive_all,Positive_all,Positive_all",7,cedar,0.8045,QLSCTSTYV,1.6127,QLSCTSTYV,True,0.17067334659582575
QMIYSAARV,HLA-A0201,2.3731,1,6,0.4855,0.7248,5.9628,HLA-A*02:01,"31685621,31685621",QMIYSAARV,QMIYSAARA,0,0,431.0,423.0,True,Conserved,0,QMIYSAARV,0,QMIYSAARV,8,1.3862943611198906,QMIYSAARA,0.014234999999999998,QMIYSAARV,QMIYSAARV,QMIYSAARA,Positive,9,9,9,9,9,9,"1,3,8",0.985765,8,1.3862943611198906,substitution,1.0,2.512662761788378,"Positive_all,Positive_all",2,cedar,2.3731,QMIYSAARA,5.9628,QMIYSAARA,True,0.1349727365862118
QTAAAVGVLK,HLA-A0301,0.5936,0,6,0.1484,0.704,0.16,HLA-A*03:01,30556813,QTAAAVGVLK,TTAAVGVLK,0,1,373.0,364.0,True,Conserved,0,QTAAVGVLK,-1,QTAAVGVLK,0,-1.0,TTAAVGVLK,0.038197000000000036,QTAAAVGVLK,QTAAAVGVLK,TTAAVGVLK,Negative,10,10,9,10,9,10,"0,1,8",0.961803,2,1.3862943611198906,substitution,0.0,0.2695417789757412,Negative,1,cedar,0.5936,QTTAAVGVLK,0.673,QTAAVGVLK,True,0.16179605336456618
QVVKGDPPL,HLA-C0303,0.8795,0,6,0.3957,0.2793,36.5,HLA-C*03:03,"34244308,34244308",QVVKGDPPL,QVVKGDPPQ,0,0,327.0,319.0,True,Improved,-2,QVVKGDPPL,-2,QVVKGDPPL,8,0.6931471805599453,QVVKGDPPQ,0.029804000000000053,QVVKGDPPL,QVVKGDPPL,QVVKGDPPQ,Negative,9,9,9,9,9,9,"1,8",0.970196,8,0.6931471805599453,substitution,0.0,41.50085275724844,"Negative,Negative",2,cedar,0.8795,QVVKGDPPQ,36.5,QVVKGDPPQ,True,0.13001484016774087
QYYFECDCF,HLA-A2402,0.3656,0,6,0.1587,0.6021,1.1835,HLA-A*24:02,31511069,QYYFECDCF,QYCFECDCF,0,0,205.0,197.0,False,Conserved,-2,QYYFECDCF,-2,QYYFECDCF,2,0.6931471805599453,QYCFECDCF,0.12985599999999997,QYYFECDCF,QYYFECDCF,QYCFECDCF,Negative,9,9,9,9,9,9,"1,8",0.870144,2,0.6931471805599453,substitution,0.0,3.2371444201312913,Negative,1,cedar,0.3656,QYCFECDCF,1.1835,QYCFECDCF,True,0.4123537562880786
RALFALLEIL,HLA-A0201,0.3139,1,6,0.7422,0.6873,2.0171,HLA-A*02:01,"35193931,35193931,35193931,35193931,35193931,35193931",ALFALLEIL,ALFALLEI,1,1,723.0,714.0,True,Improved,-3,RLFALLEIL,-11,ALFALLEIL,"3,4,6,7,8",0.0,ALF-ALLEI,0.035578,RALFALLEIL,ALFALLEIL,ALFALLEI,Positive,10,9,8,9,8,10,"1,3,8",0.964422,9,1.3862943611198906,substitution,0.5,6.425931825422109,"Positive_all,Negative,Positive_all,Positive_all,Negative,Negative",6,cedar,2.7218,RALFALLEIP,14.411,RLFALLEIP,True,0.20885438875856155
RASKARLPV,HLA-B0801,2.9722,0,6,0.082,0.5893,16.2835,HLA-B*08:01,"34244308,34244308",ASKARLPV,RASKALLPV,1,0,31.0,23.0,False,Conserved,-2,RASKARLPV,-8,ASKARL-PV,"0,1,2,3,4,6",0.0,RASKALLPV,0.10473299999999997,RASKARLPV,ASKARLPV,RASKALLPV,Negative,9,8,9,8,9,9,"1,4,8",0.895267,5,1.3862943611198906,substitution,0.0,5.478601709171658,"Negative,Negative",2,cedar,8.2032,RASKALLPV,16.2835,RASKALLPV,True,0.06831952895962984
REIPLNQPF,HLA-B1501,0.7802,0,6,0.0209,0.7506,0.5305,HLA-B*15:01,27198675,REIPLNQPF,REIPLSQPF,0,0,3393.0,3385.0,False,Conserved,1,REIPLNQPF,1,REIPLNQPF,5,0.6931471805599453,REIPLSQPF,0.05971700000000002,REIPLNQPF,REIPLNQPF,REIPLSQPF,Negative,9,9,9,9,9,9,"1,8",0.940283,5,0.6931471805599453,substitution,0.0,0.679953857985132,Negative,1,cedar,0.7802,REIPLSQPF,0.5305,REIPLSQPF,True,0.13627490236893897
RERHHQPQTY,HLA-B1501,0.8114,0,6,0.4693,0.4081,14.658,HLA-B*15:01,27198675,RERHHQPQTY,RERHHQPQT,0,0,596.0,587.0,True,Improved,-2,REHHQPQTY,-4,RERHHQQTY,"6,7,8",0.6931471805599453,RERHHQPQT,0.037183999999999995,RERHHQPQTY,RERHHQPQTY,RERHHQPQT,Negative,10,10,9,10,9,10,"1,8",0.962816,9,0.6931471805599453,substitution,0.0,18.065072713827952,Negative,1,cedar,0.8114,RERHHQPQTC,25.4773,RERHHPQTC,True,0.14626297724950982
RHDLPPYRVYL,HLA-B3801,0.0253,1,6,0.2876,0.3564,0.0253,HLA-B*38:01,27827318,RHDLPPYRV,RHDLPPYRV,0,0,228.0,218.0,False,Conserved,2,RHDLPPVYL,4,RHDLPPYRV,-1,,RHDLPPYRV,0.0,RHDLPPYRVYL,RHDLPPYRV,RHDLPPYRV,Positive,11,9,9,9,9,11,"1,8",1.0,9,0.6931471805599453,substitution,1.0,1.0,Positive_all,1,cedar,0.1253,RHDLPPYRVHL,0.1287,RHDLPPVHL,True,0.39049970175076404
RKLNFRLFVI,HLA-B2705,2.1503,0,6,0.6941,0.4944,2.8866,HLA-B*27:05,33479501,RKLNFRLFV,RKLNSRLFV,0,0,76.0,67.0,False,Conserved,-2,RKLNFRLFI,-2,RKLNFRLFV,4,0.6931471805599453,RKLNSRLFV,0.092642,RKLNFRLFVI,RKLNFRLFV,RKLNSRLFV,Negative,10,9,9,9,9,10,"1,8",0.907358,4,0.6931471805599453,substitution,0.0,1.3424173371157513,Negative,1,cedar,5.1112,RKLNSRLFVI,5.4277,RKLNRLFVI,True,0.16995296498154944
RLGRDPLLLL,HLA-A0201,0.5276,0,6,0.9359,0.5173,0.9418,HLA-A*02:01,31511069,RLGRDPLLLL,RMGRDPLLLL,0,0,26.0,17.0,True,Conserved,2,RLRDPLLLL,2,RLGDPLLLL,1,0.6931471805599453,RMGDPLLLL,0.01733499999999999,RLGRDPLLLL,RLGRDPLLLL,RMGRDPLLLL,Negative,10,10,10,10,10,10,"1,3,8",0.982665,1,0.6931471805599453,substitution,0.0,1.7850644427596665,Negative,1,cedar,0.5276,RMGRDPLLLL,0.9418,RMGDPLLLL,True,0.1724674752750719
RLIPRVLAM,HLA-A0201,0.1413,0,6,0.0606,0.662,0.7818,HLA-A*02:01,"35193931,35193931",RLIPRVLAM,RIIPRVLAM,0,0,109.0,101.0,True,Improved,2,RLIPRVLAM,2,RLIPRVLAM,1,1.3862943611198906,RIIPRVLAM,0.019490000000000007,RLIPRVLAM,RLIPRVLAM,RIIPRVLAM,Negative,9,9,9,9,9,9,"1,3,8",0.98051,1,1.3862943611198906,substitution,0.0,5.532908704883227,"Negative,Negative",2,cedar,0.1413,RIIPRVLAM,0.7818,RIIPRVLAM,True,0.2301465050441287
RLMVAVEEAFI,HLA-A0201,0.5126,1,6,1.2398,0.6936,1.4798,HLA-A*02:01,31324690,RLMVAVEEA,RLVVAVEEA,0,0,370.0,360.0,False,Conserved,1,RLMVAVEEI,1,RLMVAVEEA,2,0.0,RLVVAVEEA,0.03497399999999995,RLMVAVEEAFI,RLMVAVEEA,RLVVAVEEA,Positive,11,9,9,9,9,11,"1,3,8",0.965026,2,0.0,substitution,1.0,2.886851346078814,Positive_all,1,cedar,4.0568,RLVVAVEEAFI,7.4871,RLAVEEAFI,True,0.15712835444807696
RMCDVQVHK,HLA-A0301,0.0329,0,6,0.0214,0.7503,2.2036,HLA-A*03:01,31511069,RMCDVQVHK,PMCDVQVHK,0,0,62.0,54.0,True,Improved,-2,RMCDVQVHK,-2,RMCDVQVHK,0,1.3862943611198906,PMCDVQVHK,0.03824799999999995,RMCDVQVHK,RMCDVQVHK,PMCDVQVHK,Negative,9,9,9,9,9,9,"0,1,8",0.961752,0,1.3862943611198906,substitution,0.0,66.97872340425532,Negative,1,cedar,0.0329,PMCDVQVHK,2.2036,PMCDVQVHK,True,0.4860664450562594
RMLHWENPV,HLA-A0201,0.5083,0,6,0.026,0.9323,1.2049,HLA-A*02:01,31511069,RMLHWENPV,RVLHWENPV,0,0,180.0,172.0,True,Conserved,1,RMLHWENPV,1,RMLHWENPV,1,0.0,RVLHWENPV,0.038574,RMLHWENPV,RMLHWENPV,RVLHWENPV,Negative,9,9,9,9,9,9,"1,3,8",0.961426,1,0.0,substitution,0.0,2.370450521345662,Negative,1,cedar,0.5083,RVLHWENPV,1.2049,RVLHWENPV,True,0.22716055737394467
RMWDFDIFL,HLA-A0201,0.0221,1,6,0.0073,0.9174,0.0252,HLA-A*02:01,31685621,RMWDFDIFL,GMWDFDIFL,0,0,257.0,249.0,False,Conserved,-2,RMWDFDIFL,-2,RMWDFDIFL,0,1.791759469228055,GMWDFDIFL,0.037331,RMWDFDIFL,RMWDFDIFL,GMWDFDIFL,Positive,9,9,9,9,9,9,"1,3,8",0.962669,0,1.791759469228055,substitution,1.0,1.1402714932126696,Positive_all,1,cedar,0.0221,GMWDFDIFL,0.0252,GMWDFDIFL,True,0.4275613194788746
RPAARGSRV,HLA-B5601,0.5462,0,6,0.0097,0.8434,2.249,HLA-B*56:01,33479501,RPAARGSRV,RPAARGSPR,0,0,115.0,107.0,False,Improved,-5,RPAARGSRV,-5,RPAARGSRV,"7,8",1.3862943611198906,RPAARGSPR,0.07003800000000004,RPAARGSRV,RPAARGSRV,RPAARGSPR,Negative,9,9,9,9,9,9,"1,8",0.929962,"7,8",1.3862943611198906,substitution,0.0,4.117539362870743,Negative,1,cedar,0.5462,RPAARGSPR,2.249,RPAARGSPR,True,0.07612921743615193
RPYGSTVPA,HLA-B0702,0.1363,0,6,0.0086,0.7375,8.6008,HLA-B*07:02,27198675,RPYGSTVPA,RRYGSTVPA,0,0,137.0,129.0,True,Improved,-2,RPYGSTVPA,-2,RPYGSTVPA,1,1.3862943611198906,RRYGSTVPA,0.06949300000000003,RPYGSTVPA,RPYGSTVPA,RRYGSTVPA,Negative,9,9,9,9,9,9,"1,8",0.930507,1,1.3862943611198906,substitution,0.0,63.101980924431395,Negative,1,cedar,0.1363,RRYGSTVPA,8.6008,RRYGSTVPA,True,0.12716992820479628
RPYGSTVPA,HLA-B3501,1.1708,0,6,0.0086,0.7375,23.8621,HLA-B*35:01,27198675,RPYGSTVPA,RRYGSTVPA,0,0,137.0,129.0,True,Improved,-2,RPYGSTVPA,-2,RPYGSTVPA,1,1.3862943611198906,RRYGSTVPA,0.06949300000000003,RPYGSTVPA,RPYGSTVPA,RRYGSTVPA,Negative,9,9,9,9,9,9,"1,8",0.930507,1,1.3862943611198906,substitution,0.0,20.381021523744447,Negative,1,cedar,1.1708,RRYGSTVPA,23.8621,RRYGSTVPA,True,0.09131267250494976
RQMAAILLRR,HLA-A0301,0.3087,0,6,0.0659,0.777,0.3451,HLA-A*03:01,31511069,RQMAAILLR,RQMAAVLLR,0,0,68.0,59.0,False,Conserved,3,RQMAILLRR,3,RQMAAILLR,5,1.0986122886681098,RQMAAVLLR,0.014604999999999979,RQMAAILLRR,RQMAAILLR,RQMAAVLLR,Negative,10,9,9,9,9,10,"0,1,8",0.985395,5,1.0986122886681098,substitution,0.0,1.1179138321995465,Negative,1,cedar,0.7373,RQMAAVLLRR,0.7548,RMAAVLLRR,True,0.17290706156500268
RYPRYLYKL,HLA-A2402,0.0104,0,6,0.0087,0.81,0.0257,HLA-A*24:02,30880120,RYPRYLYKL,MYIRYLYKL,0,0,14.0,6.0,False,Conserved,-4,RYPRYLYKL,-4,RYPRYLYKL,"0,2",0.0,MYIRYLYKL,0.11615299999999995,RYPRYLYKL,RYPRYLYKL,MYIRYLYKL,Negative,9,9,9,9,9,9,"1,8",0.883847,"0,2",0.0,substitution,0.0,2.4711538461538463,Negative,1,cedar,0.0104,MYIRYLYKL,0.0257,MYIRYLYKL,True,0.30186376668421144
SAWTDTQRL,HLA-A0201,3.3866,0,6,0.2866,0.6008,28.4074,HLA-A*02:01,27198675,SAWTDTQRL,SAWTDTQRS,0,0,89.0,81.0,True,Conserved,-2,SAWTDTQRL,-2,SAWTDTQRL,8,0.6931471805599453,SAWTDTQRS,0.024712999999999985,SAWTDTQRL,SAWTDTQRL,SAWTDTQRS,Negative,9,9,9,9,9,9,"1,3,8",0.975287,8,0.6931471805599453,substitution,0.0,8.388176932616783,Negative,1,cedar,3.3866,SAWTDTQRS,28.4074,SAWTDTQRS,True,0.07892805297632167
SAWTDTQRL,HLA-B0702,3.4787,0,6,0.2866,0.6008,32.9231,HLA-B*07:02,27198675,SAWTDTQRL,SAWTDTQRS,0,0,89.0,81.0,True,Conserved,-2,SAWTDTQRL,-2,SAWTDTQRL,8,0.6931471805599453,SAWTDTQRS,0.024712999999999985,SAWTDTQRL,SAWTDTQRL,SAWTDTQRS,Negative,9,9,9,9,9,9,"1,8",0.975287,8,0.6931471805599453,substitution,0.0,9.464196395205105,Negative,1,cedar,3.4787,SAWTDTQRS,32.9231,SAWTDTQRS,True,0.0842572472261528
SFQSLLYLL,HLA-A0201,4.4204,0,6,0.1348,0.619,4.4204,HLA-A*02:01,27198675,FQSLLYLL,FQSLLYLL,1,1,279.0,271.0,False,Conserved,-1,SFQSLLYLL,4,FQS-LLYLL,-1,,FQS-LLYLL,0.0,SFQSLLYLL,FQSLLYLL,FQSLLYLL,Negative,9,8,8,8,8,9,"1,3,8",1.0,0,1.3862943611198906,substitution,0.0,1.0,Negative,1,cedar,6.4715,PFQSLLYLL,24.2708,PFQSLLYLL,True,0.21549482060461078
SFSSAPMPQI,HLA-A2402,1.9285,0,6,1.8331,0.2706,3.0793,HLA-A*24:02,33479501,SFSSAPMPQI,SFSSASMPQI,0,0,2304.0,2295.0,True,Conserved,-1,SFSSAPMQI,-3,SFSSAPMQI,"5,6",1.3862943611198906,SFSSASPQI,0.06405000000000005,SFSSAPMPQI,SFSSAPMPQI,SFSSASMPQI,Negative,10,10,10,10,10,10,"1,8",0.93595,5,1.3862943611198906,substitution,0.0,1.5967332123411977,Negative,1,cedar,1.9285,SFSSASMPQI,3.0793,SFSSASPQI,True,0.06594716528491018
SFVALSTCHEL,HLA-A2402,3.7653,0,6,1.6299,0.4067,6.2842,HLA-A*24:02,27198675,SFVALSTCHEL,SFVALSTCHGL,0,0,157.0,147.0,False,Conserved,-2,SFVALSHEL,-2,SFLSTCHEL,7,0.6931471805599453,SFLSTCHGL,0.03539899999999996,SFVALSTCHEL,SFVALSTCHEL,SFVALSTCHGL,Negative,11,11,11,11,11,11,"1,8",0.964601,9,0.6931471805599453,substitution,0.0,1.668977239529387,Negative,1,cedar,3.7653,SFVALSTCHGL,6.2842,SFLSTCHGL,True,0.1030000169442434
SIAECETRLGK,HLA-A1101,0.7024,0,6,0.8691,0.4686,0.8091,HLA-A*11:01,"34270940,34270940",SIAECETRLGK,AIAECETRLGK,0,0,130.0,120.0,True,Conserved,1,SIAETRLGK,1,SIAETRLGK,0,1.3862943611198906,AIAETRLGK,0.0062750000000000306,SIAECETRLGK,SIAECETRLGK,AIAECETRLGK,Negative,11,11,11,11,11,11,"0,1,8",0.993725,0,1.3862943611198906,substitution,0.0,1.1519077448747153,"Negative,Negative",2,cedar,0.7024,AIAECETRLGK,0.8091,AIAETRLGK,True,0.07909614944926685
SIISLFVLL,HLA-A0201,0.6407,0,6,0.2381,0.5992,1.031,HLA-A*02:01,31511069,SIISLFVLL,SIVSLFVLL,0,0,209.0,201.0,False,Conserved,3,SIISLFVLL,3,SIISLFVLL,2,1.0986122886681098,SIVSLFVLL,0.012221000000000037,SIISLFVLL,SIISLFVLL,SIVSLFVLL,Negative,9,9,9,9,9,9,"1,3,8",0.987779,2,1.0986122886681098,substitution,0.0,1.6091774621507724,Negative,1,cedar,0.6407,SIVSLFVLL,1.031,SIVSLFVLL,True,0.3007934808850828
SILEQMHRK,HLA-A1101,0.0204,1,6,0.0818,0.7409,0.1273,HLA-A*11:01,"29545564,29545564,29545564,29643231,29643231,29643231,29643231",SILEQMHRK,SILEQMRRK,0,0,291.0,283.0,False,Conserved,0,SILEQMHRK,0,SILEQMHRK,6,0.6931471805599453,SILEQMRRK,0.07134700000000005,SILEQMHRK,SILEQMHRK,SILEQMRRK,Positive,9,9,9,9,9,9,"0,1,8",0.928653,6,0.6931471805599453,substitution,0.5714285714285714,6.240196078431372,"Positive_all,Negative,Positive_all,Negative,Positive_all,Negative,Positive_all",7,cedar,0.0204,SILEQMRRK,0.1273,SILEQMRRK,True,0.2793119258375758
SILKGYRLY,HLA-A1101,1.1363,0,6,0.2507,0.5925,1.3278,HLA-A*11:01,27198675,SILKGYRLY,SILKGYRSY,0,0,580.0,572.0,False,Conserved,-2,SILKGYRLY,-2,SILKGYRLY,7,0.6931471805599453,SILKGYRSY,0.05292300000000005,SILKGYRLY,SILKGYRLY,SILKGYRSY,Negative,9,9,9,9,9,9,"0,1,8",0.947077,7,0.6931471805599453,substitution,0.0,1.1685294376485083,Negative,1,cedar,1.1363,SILKGYRSY,1.3278,SILKGYRSY,True,0.16098296121192973
SLDVLMAVAIL,HLA-A0201,0.5319,0,6,1.7907,0.2021,0.6022,HLA-A*02:01,27198675,SLDVLMAV,SLDVPMAV,0,0,928.0,918.0,False,Conserved,-3,SLDVAVAIL,-3,SL-DVLMAV,5,1.3862943611198906,SL-DVPMAV,0.11664600000000003,SLDVLMAVAIL,SLDVLMAV,SLDVPMAV,Negative,11,8,8,8,8,11,"1,3,8",0.883354,4,1.3862943611198906,substitution,0.0,1.1321677006956192,Negative,1,cedar,5.8,SLDVPMAVAIL,4.3033,SLDVPVAIL,True,0.17461316856581163
SLEFENKQAL,HLA-B4001,0.0083,0,6,0.1459,0.6429,0.0032,HLA-B*40:01,"34244308,34244308",LEFENKQAL,SEFENKQAL,1,1,2416.0,2407.0,False,Conserved,-2,SEFENKQAL,-2,LEFENKQAL,0,0.6931471805599453,SEFENKQAL,0.023872000000000004,SLEFENKQAL,LEFENKQAL,SEFENKQAL,Negative,10,9,9,9,9,10,"1,8",0.976128,1,0.6931471805599453,substitution,0.0,0.3855421686746988,"Negative,Negative",2,cedar,0.0317,SSEFENKQAL,0.0317,SEFENKQAL,True,0.21393812107049107
SLFNIKNTQQL,HLA-A0201,0.2507,0,6,1.7616,0.5791,0.1624,HLA-A*02:01,27198675,SLFNIKNTQQL,SLFNIKDTQQL,0,0,1931.0,1921.0,False,Conserved,1,SLFNITQQL,-3,SLFNITQQL,4,-1.0,SLFNDTQQL,0.04335,SLFNIKNTQQL,SLFNIKNTQQL,SLFNIKDTQQL,Negative,11,11,11,11,11,11,"1,3,8",0.95665,6,0.6931471805599453,substitution,0.0,0.6477861986437974,Negative,1,cedar,0.2507,SLFNIKDTQQL,0.1624,SLFNDTQQL,True,0.12940629905595424
SLIQRINLKK,HLA-A1101,0.149,0,6,0.1256,0.6614,0.3378,HLA-A*11:01,27198675,SLIQRINLK,LIQRINLRK,0,1,226.0,217.0,True,Conserved,2,SLQRINLKK,-13,SLIQRINLK,"0,1,2,3,4,5,6,7",2.70805020110221,LIQRINLRK,0.08226900000000004,SLIQRINLKK,SLIQRINLK,LIQRINLRK,Negative,10,9,9,9,9,10,"0,1,8",0.917731,8,0.6931471805599453,substitution,0.0,2.2671140939597314,Negative,1,cedar,0.3546,SLIQRINLRK,0.4497,SIQRINLRK,True,0.1586061055329439
SLLQLPLAV,HLA-A0201,0.0335,0,6,0.1484,0.7779,0.0386,HLA-A*02:01,31511069,SLLQLPLAV,ALLQLPLAV,0,0,186.0,178.0,False,Conserved,1,SLLQLPLAV,1,SLLQLPLAV,0,1.3862943611198906,ALLQLPLAV,0.009989000000000026,SLLQLPLAV,SLLQLPLAV,ALLQLPLAV,Negative,9,9,9,9,9,9,"1,3,8",0.990011,0,1.3862943611198906,substitution,0.0,1.1522388059701492,Negative,1,cedar,0.0335,ALLQLPLAV,0.0386,ALLQLPLAV,True,0.3059446560445434
SLLTNWPFV,HLA-A0201,0.1873,1,6,0.0628,0.9083,0.0905,HLA-A*02:01,31511069,SLLTNWPFV,SLLTNWPSV,0,0,231.0,223.0,False,Conserved,-2,SLLTNWPFV,-2,SLLTNWPFV,7,0.6931471805599453,SLLTNWPSV,0.06882299999999997,SLLTNWPFV,SLLTNWPFV,SLLTNWPSV,Positive,9,9,9,9,9,9,"1,3,8",0.931177,7,0.6931471805599453,substitution,1.0,0.4831820608649226,Positive_all,1,cedar,0.1873,SLLTNWPSV,0.0905,SLLTNWPSV,True,0.2501106291471682
SLPKSVPLF,HLA-A2402,0.0456,0,6,0.1058,0.6421,0.0658,HLA-A*24:02,27198675,SLPKSVPLF,SLPESVPLF,0,0,233.0,225.0,False,Conserved,1,SLPKSVPLF,1,SLPKSVPLF,3,0.6931471805599453,SLPESVPLF,0.05154700000000001,SLPKSVPLF,SLPKSVPLF,SLPESVPLF,Negative,9,9,9,9,9,9,"1,8",0.948453,3,0.6931471805599453,substitution,0.0,1.4429824561403508,Negative,1,cedar,0.0456,SLPESVPLF,0.0658,SLPESVPLF,True,0.16270990693715287
SLSEQLLQL,HLA-A0201,0.0105,0,6,0.0918,0.8298,0.023,HLA-A*02:01,31511069,SLSEQLLQL,SLSERLLQL,0,0,165.0,157.0,False,Conserved,1,SLSEQLLQL,1,SLSEQLLQL,4,0.6931471805599453,SLSERLLQL,0.05181100000000005,SLSEQLLQL,SLSEQLLQL,SLSERLLQL,Negative,9,9,9,9,9,9,"1,3,8",0.948189,4,0.6931471805599453,substitution,0.0,2.1904761904761902,Negative,1,cedar,0.0105,SLSERLLQL,0.023,SLSERLLQL,True,0.2764192299933791
SLVLQPLLPV,HLA-A0201,0.6574,0,6,0.3367,0.8315,1.5847,HLA-A*02:01,"33257508,33257508",LVLQPLLPV,SLVLQPLLPA,1,0,34.0,25.0,True,Conserved,0,SLLQPLLPV,-1,LVLQPLLPV,"0,1,8",2.4849066497880004,SLLQPLLPA,0.03968400000000005,SLVLQPLLPV,LVLQPLLPV,SLVLQPLLPA,Negative,10,9,10,9,10,10,"1,3,8",0.960316,9,1.3862943611198906,substitution,0.0,2.410556738667478,"Negative,Negative",2,cedar,0.8015,SLVLQPLLPA,1.5847,SLLQPLLPA,True,0.171230722407196
SMSPVLHTENK,HLA-A1101,0.4144,0,6,0.2576,0.6039,0.3314,HLA-A*11:01,24323902,SMSPVLHTENK,SMSPVLHTQNK,0,0,495.0,485.0,True,Conserved,2,SMSPVLHTK,-1,SMSPVLHTK,"5,6,7",1.791759469228055,SMSPVTQNK,0.02366999999999997,SMSPVLHTENK,SMSPVLHTENK,SMSPVLHTQNK,Negative,11,11,11,11,11,11,"0,1,8",0.97633,8,0.6931471805599453,substitution,0.0,0.7997104247104246,Negative,1,cedar,0.4144,SMSPVLHTQNK,0.3314,SMSPVTQNK,True,0.11245627567243704
SPGDAHRESL,HLA-B0702,0.0374,0,6,0.074,0.7193,0.0385,HLA-B*07:02,31511069,SPGDAHRESL,SPGDAHREAL,0,0,179.0,170.0,False,Conserved,1,SPDAHRESL,1,SPDAHRESL,7,1.3862943611198906,SPDAHREAL,0.016788000000000025,SPGDAHRESL,SPGDAHRESL,SPGDAHREAL,Negative,10,10,10,10,10,10,"1,8",0.983212,8,1.3862943611198906,substitution,0.0,1.0294117647058822,Negative,1,cedar,0.0374,SPGDAHREAL,0.0385,SPDAHREAL,True,0.14106430012785853
SPILENPFF,HLA-B0702,0.5636,0,6,0.1994,0.6131,1.1491,HLA-B*07:02,27198675,SPILENPFF,SPILENPF,0,0,460.0,452.0,True,Conserved,-2,SPILENPFF,-15,SPILENPFF,"3,4,5,6,7",,SPI-LENPF,0.060921,SPILENPFF,SPILENPFF,SPILENPF,Negative,9,9,8,9,8,9,"1,8",0.939079,8,0.6931471805599453,substitution,0.0,2.0388573456352024,Negative,1,cedar,0.5636,SPILENPFS,6.4938,SPILENPFS,True,0.1390564989410214
SPNKYLPVKEI,HLA-B0702,0.6423,0,6,1.5629,0.3278,0.8591,HLA-B*07:02,31511069,SPNKYLPV,SPNKCLPVKEI,0,0,48.0,38.0,True,Conserved,-2,SPNKPVKEI,-8,SPN-KYLPV,"3,4,5,6,7,8",-1.0,SPNKPVKEI,0.20156399999999997,SPNKYLPVKEI,SPNKYLPV,SPNKCLPVKEI,Negative,11,8,11,8,11,11,"1,8",0.798436,4,0.6931471805599453,substitution,0.0,1.3375369764907363,Negative,1,cedar,0.7894,SPNKCLPVKEI,0.8591,SPNKPVKEI,True,0.09908493475302256
SPVPQGARWRL,HLA-B0702,0.0739,0,6,0.5446,0.4938,0.0956,HLA-B*07:02,31511069,VPQGARWRL,VPQRARWRL,2,2,21.0,11.0,False,Conserved,-2,SPVPQGARL,-2,VPQGARWRL,3,1.791759469228055,VPQRARWRL,0.10382999999999998,SPVPQGARWRL,VPQGARWRL,VPQRARWRL,Negative,11,9,9,9,9,11,"1,8",0.89617,5,1.791759469228055,substitution,0.0,1.293640054127199,Negative,1,cedar,0.2341,SPVPQRARWRL,0.1471,SPVPQRARL,True,0.114914189737385
SQDDNIVGL,HLA-A0201,0.1308,0,6,0.4237,0.6805,0.1511,HLA-A*02:01,31511069,SQDDNIVGL,SQDDSIVGL,0,0,605.0,597.0,False,Conserved,1,SQDDNIVGL,1,SQDDNIVGL,4,0.6931471805599453,SQDDSIVGL,0.05382399999999998,SQDDNIVGL,SQDDNIVGL,SQDDSIVGL,Negative,9,9,9,9,9,9,"1,3,8",0.946176,4,0.6931471805599453,substitution,0.0,1.15519877675841,Negative,1,cedar,0.1308,SQDDSIVGL,0.1511,SQDDSIVGL,True,0.26391073946635196
SQLHAVPVLLV,HLA-A0201,0.1841,0,6,0.1596,0.3466,0.5375,HLA-A*02:01,31511069,QLHAVPVLL,SQLHAVPVL,1,0,2816.0,2806.0,True,Conserved,-2,SQLHPVLLV,-10,QLHAVPVLL,"0,1,2,3,4,5,6,7",2.6390573296152584,SQLHAVPVL,0.07654499999999997,SQLHAVPVLLV,QLHAVPVLL,SQLHAVPVL,Negative,11,9,9,9,9,11,"1,3,8",0.923455,9,1.3862943611198906,substitution,0.0,2.919608908202064,Negative,1,cedar,1.9747,SQLHAVPVLRV,2.2923,SQLHPVLRV,True,0.18657480597814236
SSKKVMRTK,HLA-A3001,0.0073,0,6,0.0309,0.7931,0.1859,HLA-A*30:01,24323902,SSKKVMRTK,SNKKVMRTK,0,0,113.0,105.0,True,Conserved,1,SSKKVMRTK,1,SSKKVMRTK,1,0.6931471805599453,SNKKVMRTK,0.029849000000000014,SSKKVMRTK,SSKKVMRTK,SNKKVMRTK,Negative,9,9,9,9,9,9,"0,1,2,8",0.970151,1,0.6931471805599453,substitution,0.0,25.465753424657535,Negative,1,cedar,0.0073,SNKKVMRTK,0.1859,SNKKVMRTK,True,0.20510859384853283
SSLSSPQPQL,HLA-A3001,2.1916,0,6,3.1911,0.4878,2.1916,HLA-A*30:01,24323902,SLSSPQPQL,SLSSPQPQL,1,1,157.0,148.0,False,Conserved,1,SLSSPQPQL,4,SLSSPQPQL,-1,,SLSSPQPQL,0.0,SSLSSPQPQL,SLSSPQPQL,SLSSPQPQL,Negative,10,9,9,9,9,10,"0,1,2,8",1.0,0,1.3862943611198906,substitution,0.0,1.0,Negative,1,cedar,3.3715,ASLSSPQPQL,3.3784,ASLSPQPQL,True,0.05513793336450687
SSYTGFANK,HLA-A1101,0.0069,1,6,0.0088,0.86,0.5324,HLA-A*11:01,"28678784,28678784,28678784,28678784,28678784,28678784,28678784",SSYTGFANK,SNYTGFANK,0,0,263.0,255.0,True,Improved,1,SSYTGFANK,1,SSYTGFANK,1,0.6931471805599453,SNYTGFANK,0.03560799999999997,SSYTGFANK,SSYTGFANK,SNYTGFANK,Positive,9,9,9,9,9,9,"0,1,8",0.964392,1,0.6931471805599453,substitution,0.5714285714285714,77.15942028985508,"Positive_all,Negative,Negative,Positive_all,Positive_all,Negative,Positive_all",7,cedar,0.0069,SNYTGFANK,0.5324,SNYTGFANK,True,0.2336786020059457
STAFDFLAV,HLA-A0201,2.1199,0,6,0.0169,0.8039,1.0287,HLA-A*02:01,"27198675,27198675,27198675,27198675",STAFDFLAV,STASDFLAV,0,0,2169.0,2161.0,True,Conserved,-2,STAFDFLAV,-2,STAFDFLAV,3,0.6931471805599453,STASDFLAV,0.08471799999999996,STAFDFLAV,STAFDFLAV,STASDFLAV,Negative,9,9,9,9,9,9,"1,3,8",0.915282,3,0.6931471805599453,substitution,0.0,0.4852587386197462,"Negative,Negative,Negative,Negative",4,cedar,2.1199,STASDFLAV,1.0287,STASDFLAV,True,0.15654155899102198
STMHILTRI,HLA-A0201,0.9387,0,6,0.0502,0.7477,2.5942,HLA-A*02:01,27198675,STMHILTRI,STVHILTRI,0,0,271.0,263.0,False,Conserved,1,STMHILTRI,1,STMHILTRI,2,0.0,STVHILTRI,0.04222400000000004,STMHILTRI,STMHILTRI,STVHILTRI,Negative,9,9,9,9,9,9,"1,3,8",0.957776,2,0.0,substitution,0.0,2.763609246830723,Negative,1,cedar,0.9387,STVHILTRI,2.5942,STVHILTRI,True,0.1806011671483122
STVQLIMQL,HLA-C1502,0.0413,1,6,0.2203,0.5078,0.0605,HLA-C*15:02,"34244308,34244308,34244308",STVQLIMQL,STVQLITQL,0,0,792.0,784.0,False,Conserved,-1,STVQLIMQL,-1,STVQLIMQL,6,0.0,STVQLITQL,0.05328100000000002,STVQLIMQL,STVQLIMQL,STVQLITQL,Positive,9,9,9,9,9,9,"1,8",0.946719,6,0.0,substitution,0.6666666666666666,1.4648910411622273,"Negative,Positive_all,Positive_all",3,cedar,0.0413,STVQLITQL,0.0605,STVQLITQL,True,0.35680983991182946
SVISQLMKK,HLA-A1101,0.0032,0,6,0.0101,0.8398,0.0042,HLA-A*11:01,24323902,SVISQLMKK,SVIKQLMKK,0,0,481.0,473.0,False,Conserved,0,SVISQLMKK,0,SVISQLMKK,3,-1.0,SVIKQLMKK,0.048812999999999995,SVISQLMKK,SVISQLMKK,SVIKQLMKK,Negative,9,9,9,9,9,9,"0,1,8",0.951187,3,-1.0,substitution,0.0,1.3124999999999998,Negative,1,cedar,0.0032,SVIKQLMKK,0.0042,SVIKQLMKK,True,0.3029088639535115
SVLENFTIFL,HLA-A0201,0.3159,1,6,0.2978,0.5778,0.3525,HLA-A*02:01,"30418433,26389673,26389673",VLENFTIFL,VLENFTILL,1,1,374.0,365.0,False,Conserved,0,SVLEFTIFL,0,VLENFTIFL,7,1.791759469228055,VLENFTILL,0.03602099999999997,SVLENFTIFL,VLENFTIFL,VLENFTILL,Positive,10,9,9,9,9,10,"1,3,8",0.963979,8,1.791759469228055,substitution,1.0,1.1158594491927825,"Positive_all,Positive_all,Positive_all",3,cedar,1.1193,SVLENFTILL,1.2086,SVLEFTILL,True,0.18774031371913805
SVYGIVVMNR,HLA-A0301,0.303,0,6,0.0852,0.8027,0.191,HLA-A*03:01,33479501,SVYGIVVMNR,SVYGTVVMNR,0,0,387.0,378.0,False,Conserved,-1,SVYGIVVNR,0,SVYGVVMNR,4,-1.0,SVYGTVMNR,0.05357599999999996,SVYGIVVMNR,SVYGIVVMNR,SVYGTVVMNR,Negative,10,10,10,10,10,10,"0,1,8",0.946424,4,1.0986122886681098,substitution,0.0,0.6303630363036304,Negative,1,cedar,0.303,SVYGTVVMNR,0.191,SVYGTVMNR,True,0.2522966882859733
SYYKISSDK,HLA-A2402,5.2459,0,6,0.9933,0.5109,4.0205,HLA-A*24:02,27198675,SYYKISSDK,SYYKIFSDK,0,0,371.0,363.0,False,Conserved,-2,SYYKISSDK,-2,SYYKISSDK,5,0.6931471805599453,SYYKIFSDK,0.08457800000000004,SYYKISSDK,SYYKISSDK,SYYKIFSDK,Negative,9,9,9,9,9,9,"1,8",0.915422,5,0.6931471805599453,substitution,0.0,0.7664080520025163,Negative,1,cedar,5.2459,SYYKIFSDK,4.0205,SYYKIFSDK,True,0.10802298210997052
TALPQSILLF,HLA-B3501,0.5545,0,6,0.5802,0.4688,0.8823,HLA-B*35:01,33479501,LPQSILLF,LPRSILLF,2,2,525.0,516.0,False,Conserved,1,TALPSILLF,1,LPQ-SILLF,2,0.6931471805599453,LPR-SILLF,0.05691199999999996,TALPQSILLF,LPQSILLF,LPRSILLF,Negative,10,8,8,8,8,10,"1,8",0.943088,4,0.6931471805599453,substitution,0.0,1.5911632100991884,Negative,1,cedar,1.3412,TALPRSILLF,1.7338,TALPSILLF,True,0.15163942985794493
TLAYSFQSL,HLA-A0201,0.4766,0,6,0.2642,0.7731,0.3062,HLA-A*02:01,"27198675,27198675,27198675,27198675",TLAYSFQSL,TLAYPFQSL,0,0,275.0,267.0,False,Conserved,-1,TLAYSFQSL,-1,TLAYSFQSL,4,1.3862943611198906,TLAYPFQSL,0.08669700000000002,TLAYSFQSL,TLAYSFQSL,TLAYPFQSL,Negative,9,9,9,9,9,9,"1,3,8",0.913303,4,1.3862943611198906,substitution,0.0,0.6424674779689468,"Negative,Negative,Negative,Negative",4,cedar,0.4766,TLAYPFQSL,0.3062,TLAYPFQSL,True,0.12442119941629877
TLAYSFQSL,HLA-B0702,2.4194,0,6,0.2642,0.7731,1.2539,HLA-B*07:02,27198675,TLAYSFQSL,TLAYPFQSL,0,0,275.0,267.0,False,Conserved,-1,TLAYSFQSL,-1,TLAYSFQSL,4,1.3862943611198906,TLAYPFQSL,0.08669700000000002,TLAYSFQSL,TLAYSFQSL,TLAYPFQSL,Negative,9,9,9,9,9,9,"1,8",0.913303,4,1.3862943611198906,substitution,0.0,0.5182689923121435,Negative,1,cedar,2.4194,TLAYPFQSL,1.2539,TLAYPFQSL,True,0.13728668692208537
TLAYSFQSL,HLA-A2402,3.5391,0,6,0.2642,0.7731,2.4498,HLA-A*24:02,27198675,TLAYSFQSL,TLAYPFQSL,0,0,275.0,267.0,False,Conserved,-1,TLAYSFQSL,-1,TLAYSFQSL,4,1.3862943611198906,TLAYPFQSL,0.08669700000000002,TLAYSFQSL,TLAYSFQSL,TLAYPFQSL,Negative,9,9,9,9,9,9,"1,8",0.913303,4,1.3862943611198906,substitution,0.0,0.6922098838687802,Negative,1,cedar,3.5391,TLAYPFQSL,2.4498,TLAYPFQSL,True,0.09730943524826606
TLIQCSHFT,HLA-A0201,3.4968,0,6,2.6354,0.4362,31.1,HLA-A*02:01,31511069,TLIQCSHFT,TFIQCSHFT,0,0,216.0,208.0,True,Conserved,0,TLIQCSHFT,0,TLIQCSHFT,1,1.791759469228055,TFIQCSHFT,0.040517000000000025,TLIQCSHFT,TLIQCSHFT,TFIQCSHFT,Negative,9,9,9,9,9,9,"1,3,8",0.959483,1,1.791759469228055,substitution,0.0,8.893845801876001,Negative,1,cedar,3.4968,TFIQCSHFT,31.1,TFIQCSHFT,True,0.21477559231467785
TLLSQVNKV,HLA-A0201,0.0289,0,6,0.425,0.6893,12.9656,HLA-A*02:01,33479501,TLLSQVNKV,TPLSQVNKV,0,0,2021.0,2013.0,True,Improved,-3,TLLSQVNKV,-3,TLLSQVNKV,1,1.3862943611198906,TPLSQVNKV,0.06038100000000002,TLLSQVNKV,TLLSQVNKV,TPLSQVNKV,Negative,9,9,9,9,9,9,"1,3,8",0.939619,1,1.3862943611198906,substitution,0.0,448.6366782006921,Negative,1,cedar,0.0289,TPLSQVNKV,12.9656,TPLSQVNKV,True,0.2457423620027737
TLWEGGLFKL,HLA-A0201,0.0687,0,6,0.1217,0.7912,13.0349,HLA-A*02:01,33479501,TLWEGGLFKL,TPWEGGLFKL,0,0,60.0,51.0,True,Improved,-3,TLWEGLFKL,-7,TLWEGLFKL,"1,5,6",2.302585092994046,TPWEGGLKL,0.05931799999999998,TLWEGGLFKL,TLWEGGLFKL,TPWEGGLFKL,Negative,10,10,10,10,10,10,"1,3,8",0.940682,1,1.3862943611198906,substitution,0.0,189.73653566229987,Negative,1,cedar,0.0687,TPWEGGLFKL,13.0349,TPWEGGLKL,True,0.22624961250239817
TLYSLTLLY,HLA-A2902,0.0012,1,6,0.0051,0.9191,0.0043,HLA-A*29:02,"27312342,27312342",TLYSLTLLY,TLYSLTPLY,0,0,81.0,73.0,False,Conserved,-3,TLYSLTLLY,-3,TLYSLTLLY,6,1.3862943611198906,TLYSLTPLY,0.08167599999999997,TLYSLTLLY,TLYSLTLLY,TLYSLTPLY,Positive,9,9,9,9,9,9,"1,8",0.918324,6,1.3862943611198906,substitution,1.0,3.5833333333333335,"Positive_all,Positive_all",2,cedar,0.0012,TLYSLTPLY,0.0043,TLYSLTPLY,True,0.40253134259171397
TPLPAPQQY,HLA-B3501,0.0057,0,6,0.1366,0.6592,0.0053,HLA-B*35:01,27198675,TPLPAPQQY,TPSPAPQQY,0,0,100.0,92.0,False,Conserved,-2,TPLPAPQQY,-2,TPLPAPQQY,2,0.6931471805599453,TPSPAPQQY,0.06591999999999998,TPLPAPQQY,TPLPAPQQY,TPSPAPQQY,Negative,9,9,9,9,9,9,"1,8",0.93408,2,0.6931471805599453,substitution,0.0,0.9298245614035088,Negative,1,cedar,0.0057,TPSPAPQQY,0.0053,TPSPAPQQY,True,0.2824529088990483
TPLPAPQQYIV,HLA-B0702,0.5838,0,6,0.6546,0.2439,0.2341,HLA-B*07:02,27198675,LPAPQQYIV,SPAPQQYIV,2,2,102.0,92.0,False,Conserved,-2,TPLPAPQQV,-2,LPAPQQYIV,0,0.6931471805599453,SPAPQQYIV,0.02527900000000005,TPLPAPQQYIV,LPAPQQYIV,SPAPQQYIV,Negative,11,9,9,9,9,11,"1,8",0.974721,2,0.6931471805599453,substitution,0.0,0.4009934909215485,Negative,1,cedar,1.2895,TPSPAPQQYIV,0.9887,TPSPAPQQV,True,0.1301732857896879
TSYMPCSAYQK,HLA-A0301,0.8926,0,6,0.2229,0.6691,1.7132,HLA-A*03:01,31511069,TSYMPCSAYQK,TSYMTCSAYQK,0,0,734.0,724.0,False,Conserved,-1,TSYMPAYQK,-1,TSYMPAYQK,4,1.3862943611198906,TSYMSAYQK,0.07272800000000001,TSYMPCSAYQK,TSYMPCSAYQK,TSYMTCSAYQK,Negative,11,11,11,11,11,11,"0,1,8",0.927272,4,1.3862943611198906,substitution,0.0,1.9193367689894691,Negative,1,cedar,0.8926,TSYMTCSAYQK,1.7132,TSYMSAYQK,True,0.11059009180758464
VAADLIMTLTF,HLA-B1501,2.6874,0,6,1.7931,0.3129,1.3432,HLA-B*15:01,27198675,VAADLIMTL,VVADLIMTLTF,0,0,94.0,84.0,True,Conserved,0,VAADLILTF,1,VAADLIMTL,"1,5,6,8",2.70805020110221,VVADLTLTF,0.06785200000000002,VAADLIMTLTF,VAADLIMTL,VVADLIMTLTF,Negative,11,9,11,9,11,11,"1,8",0.932148,1,1.3862943611198906,substitution,0.0,0.49981394656545364,Negative,1,cedar,2.9582,VVADLIMTLTF,1.3432,VVADLTLTF,True,0.1933872483162558
VAFCDMLLNV,HLA-A0201,4.6092,0,6,0.7488,0.6189,0.8785,HLA-A*02:01,31511069,AFCDMLLNV,AFYDMLLNV,1,1,1281.0,1272.0,False,Conserved,-2,VAFDMLLNV,-2,AFCDMLLNV,2,0.6931471805599453,AFYDMLLNV,0.11135099999999998,VAFCDMLLNV,AFCDMLLNV,AFYDMLLNV,Negative,10,9,9,9,9,10,"1,3,8",0.888649,3,0.6931471805599453,substitution,0.0,0.190597066736093,Negative,1,cedar,4.7144,VAFYDMLLNV,4.3018,VAYDMLLNV,True,0.32809795449918305
VALSTCHEL,HLA-A0201,2.816,0,6,0.1011,0.7121,5.4928,HLA-A*02:01,27198675,ALSTCHEL,ALSTCHGL,1,1,157.0,149.0,False,Conserved,-2,VALSTCHEL,-2,AL-STCHEL,7,0.6931471805599453,AL-STCHGL,0.08102200000000004,VALSTCHEL,ALSTCHEL,ALSTCHGL,Negative,9,8,8,8,8,9,"1,3,8",0.918978,7,0.6931471805599453,substitution,0.0,1.950568181818182,Negative,1,cedar,4.1502,VALSTCHGL,7.7791,VALSTCHGL,True,0.1419876871775144
VFLGASMVYLI,HLA-A2402,1.5752,0,6,0.5039,0.4571,2.8693,HLA-A*24:02,"34270940,34270940",VFLGASMVY,LFLGASMVY,0,0,221.0,211.0,False,Conserved,1,VFLGASYLI,1,VFLGASMVY,0,1.791759469228055,LFLGASMVY,0.011619999999999964,VFLGASMVYLI,VFLGASMVY,LFLGASMVY,Negative,11,9,9,9,9,11,"1,8",0.98838,0,1.791759469228055,substitution,0.0,1.821546470289487,"Negative,Negative",2,cedar,2.1205,LFLGASMVYLI,4.8622,LFLGASYLI,True,0.24943283482155149
VIQASMFDQK,HLA-A1101,0.5968,0,6,0.1396,0.6538,0.5529,HLA-A*11:01,27198675,VIQASMFDQK,VIQAGMFDQK,0,0,1207.0,1198.0,False,Conserved,0,VIQASMFQK,0,VIQASMFQK,4,0.6931471805599453,VIQAGMFQK,0.059533999999999976,VIQASMFDQK,VIQASMFDQK,VIQAGMFDQK,Negative,10,10,10,10,10,10,"0,1,8",0.940466,4,0.6931471805599453,substitution,0.0,0.926441018766756,Negative,1,cedar,0.5968,VIQAGMFDQK,0.5529,VIQAGMFQK,True,0.13738004698553866
VLAMAIYKQ,HLA-A0201,16.275,1,6,6.4874,0.1756,65.0,HLA-A*02:01,"32934692,32934692",VLAMAIYKQ,RAMAIYKQ,0,1,165.0,157.0,True,Conserved,-2,VLAMAIYKQ,-11,VLAMAIYKQ,"0,1,2,3",,RAM-AIYKQ,0.07071300000000003,VLAMAIYKQ,VLAMAIYKQ,RAMAIYKQ,Positive,9,9,8,9,8,9,"1,3,8",0.929287,1,1.3862943611198906,substitution,1.0,3.993855606758833,"Positive_all,Positive_all",2,cedar,16.275,VRAMAIYKQ,73.75,VRAMAIYKQ,True,0.17931276640674165
VLAVKRTVF,HLA-A2402,1.5298,0,6,0.1779,0.5546,2.4862,HLA-A*24:02,27198675,VLAVKRTVF,VSAVKRTVF,0,0,363.0,355.0,True,Conserved,-2,VLAVKRTVF,-2,VLAVKRTVF,1,0.6931471805599453,VSAVKRTVF,0.04170600000000002,VLAVKRTVF,VLAVKRTVF,VSAVKRTVF,Negative,9,9,9,9,9,9,"1,8",0.958294,1,0.6931471805599453,substitution,0.0,1.6251797620604,Negative,1,cedar,1.5298,VSAVKRTVF,2.4862,VSAVKRTVF,True,0.14203787041126906
VLKEQIEEL,HLA-A0201,0.0264,0,6,0.1768,0.7973,0.2277,HLA-A*02:01,"35193931,35193931",VLKEQIEEL,VLKEQIKEL,0,0,1013.0,1005.0,False,Conserved,1,VLKEQIEEL,1,VLKEQIEEL,6,0.6931471805599453,VLKEQIKEL,0.038919999999999955,VLKEQIEEL,VLKEQIEEL,VLKEQIKEL,Negative,9,9,9,9,9,9,"1,3,8",0.96108,6,0.6931471805599453,substitution,0.0,8.625,"Negative,Negative",2,cedar,0.0264,VLKEQIKEL,0.2277,VLKEQIKEL,True,0.3178930945432678
VLMAVAILK,HLA-A1101,0.1568,0,6,0.0098,0.7941,2.7338,HLA-A*11:01,27198675,VLMAVAILK,VPMAVAILK,0,0,929.0,921.0,True,Improved,-3,VLMAVAILK,-3,VLMAVAILK,1,1.3862943611198906,VPMAVAILK,0.054293000000000036,VLMAVAILK,VLMAVAILK,VPMAVAILK,Negative,9,9,9,9,9,9,"0,1,8",0.945707,1,1.3862943611198906,substitution,0.0,17.434948979591837,Negative,1,cedar,0.1568,VPMAVAILK,2.7338,VPMAVAILK,True,0.3155974436030962
VLMAVAILKEV,HLA-A0201,1.621,0,6,0.6726,0.7689,2.4412,HLA-A*02:01,27198675,VLMAVAILKEV,MAVAILKEV,0,2,931.0,921.0,True,Conserved,-3,VLMAVLKEV,4,VLMAVLKEV,"0,1,2,4",1.6094379124341003,MAVAILKEV,0.039995,VLMAVAILKEV,VLMAVAILKEV,MAVAILKEV,Negative,11,11,9,11,9,11,"1,3,8",0.960005,1,1.3862943611198906,substitution,0.0,1.5059839605181986,Negative,1,cedar,1.621,VPMAVAILKEV,30.4545,VAVAILKEV,True,0.16279998015713457
VLSSLVLVPL,HLA-A0201,1.7626,0,6,0.1883,0.7944,1.0912,HLA-A*02:01,33479501,VLSSLVLV,VLPSLVLV,0,0,147.0,138.0,True,Conserved,-1,VLSSVLVPL,-1,VL-SSLVLV,3,1.3862943611198906,VL-PSLVLV,0.07082699999999997,VLSSLVLVPL,VLSSLVLV,VLPSLVLV,Negative,10,8,8,8,8,10,"1,3,8",0.929173,2,1.3862943611198906,substitution,0.0,0.6190854419607398,Negative,1,cedar,2.0564,VLPSLVLVPL,2.3601,VLPSVLVPL,True,0.1946246758568062
VLYCVLIESL,HLA-A0201,2.6631,0,6,1.2637,0.3241,4.2785,HLA-A*02:01,27198675,VLYCVLIESL,VLYCVLIES,0,0,571.0,562.0,True,Conserved,-3,VYCVLIESL,-3,VLYVLIESL,"3,4,5,6,7,8",2.4849066497880004,VLYCVLIES,0.02954699999999999,VLYCVLIESL,VLYCVLIESL,VLYCVLIES,Negative,10,10,9,10,9,10,"1,3,8",0.970453,9,1.3862943611198906,substitution,0.0,1.6065863091885397,Negative,1,cedar,2.6631,VLYCVLIESP,13.134,VLYVLIESP,True,0.20168886203014916
VMIIVSSLAV,HLA-A0201,2.0518,1,6,0.6569,0.6959,3.7336,HLA-A*02:01,30418433,MIIVSSLAV,MIIVSSCAV,1,1,186.0,177.0,False,Conserved,-1,VMIVSSLAV,-1,MIIVSSLAV,6,-1.0,MIIVSSCAV,0.06393000000000004,VMIIVSSLAV,MIIVSSLAV,MIIVSSCAV,Positive,10,9,9,9,9,10,"1,3,8",0.93607,7,-1.0,substitution,1.0,1.8196705331903693,Positive_all,1,cedar,5.2217,VMIIVSSCAV,6.5268,VMIIVSSAV,True,0.1627573766332541
VMLQIINIVL,HLA-A0201,0.5769,0,6,1.6852,0.5089,0.3793,HLA-A*02:01,27198675,VMLQIINIV,VMLQIINVV,0,0,2522.0,2513.0,False,Conserved,3,VMLQINIVL,3,VMLQIINIV,7,1.0986122886681098,VMLQIINVV,0.009604999999999975,VMLQIINIVL,VMLQIINIV,VMLQIINVV,Negative,10,9,9,9,9,10,"1,3,8",0.990395,7,1.0986122886681098,substitution,0.0,0.6574796325186342,Negative,1,cedar,3.4653,VMLQIINVVL,3.3029,VMLQINVVL,True,0.2375671731240588
VPSAWTDTQRL,HLA-B0702,1.045,0,6,0.7872,0.2108,5.9456,HLA-B*07:02,27198675,VPSAWTDTQRL,VPSAWTDTQ,0,0,89.0,79.0,True,Improved,-2,VPWTDTQRL,-3,VPSAWTQRL,"6,7,8",1.3862943611198906,VPSAWTDTQ,0.06502699999999995,VPSAWTDTQRL,VPSAWTDTQRL,VPSAWTDTQ,Negative,11,11,9,11,9,11,"1,8",0.934973,10,0.6931471805599453,substitution,0.0,5.689569377990431,Negative,1,cedar,1.045,VPSAWTDTQRS,19.4412,VPSAWTQRS,True,0.08352704901448835
VTRRHASHQTF,HLA-C1203,2.2859,0,6,0.8456,0.421,2.8991,HLA-C*12:03,24323902,RRHASHQTF,RRPASHQTF,2,2,284.0,274.0,False,Conserved,-2,VTRASHQTF,-2,RRHASHQTF,2,0.6931471805599453,RRPASHQTF,0.09646600000000005,VTRRHASHQTF,RRHASHQTF,RRPASHQTF,Negative,11,9,9,9,9,11,"1,8",0.903534,4,0.6931471805599453,substitution,0.0,1.2682532044271404,Negative,1,cedar,6.9351,VTRRPASHQTF,6.3485,VTRRPHQTF,True,0.09100473578445979
VVMSWAPPV,HLA-A0201,0.4355,1,6,0.0131,0.8187,0.6234,HLA-A*02:01,"30418433,30418433,24891321,24891321,24891321,24891321,24891321,24891321,24891321",VVMSWAPPV,VVLSWAPPV,0,0,300.0,292.0,False,Conserved,2,VVMSWAPPV,2,VVMSWAPPV,2,0.6931471805599453,VVLSWAPPV,0.032053,VVMSWAPPV,VVMSWAPPV,VVLSWAPPV,Positive,9,9,9,9,9,9,"1,3,8",0.967947,2,0.6931471805599453,substitution,0.7777777777777778,1.4314580941446613,"Positive_all,Positive_all,Positive_all,Positive_all,Positive_all,Negative,Positive_all,Positive_all,Negative",9,cedar,0.4355,VVLSWAPPV,0.6234,VVLSWAPPV,True,0.24779218966637984
VVRETLQRNTF,HLA-B0702,2.429,0,6,2.1908,0.3891,21.449,HLA-B*07:02,27198675,VVRETLQRNTF,VVRETLQRNTS,0,0,938.0,928.0,True,Conserved,-2,VVRETLQTF,-2,VVRETRNTF,8,0.6931471805599453,VVRETRNTS,0.01499499999999998,VVRETLQRNTF,VVRETLQRNTF,VVRETLQRNTS,Negative,11,11,11,11,11,11,"1,8",0.985005,10,0.6931471805599453,substitution,0.0,8.83038287361054,Negative,1,cedar,2.429,VVRETLQRNTS,21.449,VVRETRNTS,True,0.11101767346058049
VVTAVLILV,HLA-A0201,0.9348,0,6,0.2821,0.5833,1.3108,HLA-A*02:01,31511069,VVTAVLILV,VVTAVLILL,0,0,69.0,61.0,True,Conserved,1,VVTAVLILV,1,VVTAVLILV,8,1.791759469228055,VVTAVLILL,0.008708999999999967,VVTAVLILV,VVTAVLILV,VVTAVLILL,Negative,9,9,9,9,9,9,"1,3,8",0.991291,8,1.791759469228055,substitution,0.0,1.4022250748823277,Negative,1,cedar,0.9348,VVTAVLILL,1.3108,VVTAVLILL,True,0.27149890234180885
VVVGAVGVGK,HLA-A1101,0.1277,1,6,0.4018,0.6087,0.2133,HLA-A*11:01,"26701267,26701267,26701267,26701267",VVGAVGVGK,VVGAGGVGK,1,1,16.0,7.0,False,Conserved,-3,VVVGAVVGK,-3,VVGAVGVGK,4,1.3862943611198906,VVGAGGVGK,0.07525700000000002,VVVGAVGVGK,VVGAVGVGK,VVGAGGVGK,Positive,10,9,9,9,9,10,"0,1,8",0.924743,5,1.3862943611198906,substitution,1.0,1.6703210649960845,"Positive_all,Positive_all,Positive_all,Positive_all",4,cedar,0.4466,VVVGAGGVGK,0.5886,VVVGGGVGK,True,0.1937988776613185
WLIEGDLQVL,HLA-A0201,0.0286,0,6,0.1962,0.7925,0.0957,HLA-A*02:01,33479501,WLIEGDLQV,WLIGGDLQV,0,0,384.0,375.0,True,Conserved,-2,WLIEGDLQL,-2,WLIEGDLQV,3,0.6931471805599453,WLIGGDLQV,0.09617900000000001,WLIEGDLQVL,WLIEGDLQV,WLIGGDLQV,Negative,10,9,9,9,9,10,"1,3,8",0.903821,3,0.6931471805599453,substitution,0.0,3.346153846153846,Negative,1,cedar,0.2726,WLIGGDLQVL,0.7652,WLIGGDLQL,True,0.22066195282935047
WSIEVICYI,HLA-A0201,4.6592,0,6,0.0751,0.7124,6.8943,HLA-A*02:01,27198675,WSIEVICYI,WSIGVICYI,0,0,1653.0,1645.0,True,Conserved,-2,WSIEVICYI,-2,WSIEVICYI,3,0.6931471805599453,WSIGVICYI,0.09210799999999997,WSIEVICYI,WSIEVICYI,WSIGVICYI,Negative,9,9,9,9,9,9,"1,3,8",0.907892,3,0.6931471805599453,substitution,0.0,1.4797175480769231,Negative,1,cedar,4.6592,WSIGVICYI,6.8943,WSIGVICYI,True,0.3217794155908595
WSIEVICYILV,HLA-A0201,4.6592,0,6,1.3502,0.4799,6.8943,HLA-A*02:01,27198675,WSIEVICYI,WSIGVICYI,0,0,1655.0,1645.0,True,Conserved,-2,WSIEVIILV,-2,WSIEVICYI,3,0.6931471805599453,WSIGVICYI,0.09210799999999997,WSIEVICYILV,WSIEVICYI,WSIGVICYI,Negative,11,9,9,9,9,11,"1,3,8",0.907892,3,0.6931471805599453,substitution,0.0,1.4797175480769231,Negative,1,cedar,16.98,WSIGVICYILV,21.3684,WSIGVICYV,True,0.3480544363269067
YALVRLGIQTF,HLA-A2402,2.4395,0,6,1.1354,0.3537,2.2577,HLA-A*24:02,27198675,LVRLGIQTF,LVRLGTQTF,2,2,369.0,359.0,False,Conserved,-1,YARLGIQTF,-1,LVRLGIQTF,5,1.0986122886681098,LVRLGTQTF,0.06271000000000004,YALVRLGIQTF,LVRLGIQTF,LVRLGTQTF,Negative,11,9,9,9,9,11,"1,8",0.93729,7,1.0986122886681098,substitution,0.0,0.9254765320762451,Negative,1,cedar,3.7037,YALVRLGTQTF,3.137,YALLGTQTF,True,0.17642299033084285
YFATLITELF,HLA-C0401,0.076,1,6,0.0675,0.6889,0.076,HLA-C*04:01,32226429,YFATLITEL,YFATLITEL,0,0,324.0,315.0,False,Conserved,-1,YFATITELF,4,YFATLITEL,-1,,YFATLITEL,0.0,YFATLITELF,YFATLITEL,YFATLITEL,Positive,10,9,9,9,9,10,"1,2,8",1.0,9,0.6931471805599453,substitution,1.0,1.0,Positive_all,1,cedar,2.7089,YFATLITELV,7.5707,YFATLITEV,True,0.1884569752040244
YIAQFKGAWIL,HLA-B0702,4.3227,0,6,0.6295,0.6389,3.4217,HLA-B*07:02,27198675,YIAQFKGAW,YIAQSKGAW,0,0,180.0,170.0,False,Conserved,-2,YQFKGAWIL,-2,YIAQFKGAW,4,0.6931471805599453,YIAQSKGAW,0.09567899999999996,YIAQFKGAWIL,YIAQFKGAW,YIAQSKGAW,Negative,11,9,9,9,9,11,"1,8",0.904321,4,0.6931471805599453,substitution,0.0,0.7915654567747009,Negative,1,cedar,10.8253,YIAQSKGAWIL,4.7405,YIAQSKGAL,True,0.16108649631359367
YIAQFKGAWIL,HLA-A0201,0.4326,0,6,0.6295,0.6389,1.6461,HLA-A*02:01,27198675,AQFKGAWIL,AQSKGAWIL,2,2,180.0,170.0,False,Improved,-2,YQFKGAWIL,-2,AQFKGAWIL,2,0.6931471805599453,AQSKGAWIL,0.08280900000000002,YIAQFKGAWIL,AQFKGAWIL,AQSKGAWIL,Negative,11,9,9,9,9,11,"1,3,8",0.917191,4,0.6931471805599453,substitution,0.0,3.805131761442441,Negative,1,cedar,3.0544,YIAQSKGAWIL,6.2986,YQSKGAWIL,True,0.15700412461214577
YLAPQESYGA,HLA-A0201,0.9922,0,6,0.3176,0.762,27.129,HLA-A*02:01,"27198675,27198675,27198675,27198675",YLAPQESYGA,YPAPQESYGA,0,0,424.0,415.0,True,Improved,-3,YLAPESYGA,-3,YLAPESYGA,"1,2,3",1.791759469228055,YAPQESYGA,0.048945000000000016,YLAPQESYGA,YLAPQESYGA,YPAPQESYGA,Negative,10,10,10,10,10,10,"1,3,8",0.951055,1,1.3862943611198906,substitution,0.0,27.342269703688775,"Negative,Negative,Negative,Negative",4,cedar,0.9922,YPAPQESYGA,27.129,YAPQESYGA,True,0.07953838668259591
YLIIALGIHL,HLA-A0201,1.2995,0,6,0.8618,0.7402,1.1315,HLA-A*02:01,31511069,YLIIALGIHL,YLIIALGIQL,0,0,149.0,140.0,False,Conserved,0,YLIALGIHL,0,YLIALGIHL,7,1.3862943611198906,YLIALGIQL,0.031326999999999994,YLIIALGIHL,YLIIALGIHL,YLIIALGIQL,Negative,10,10,10,10,10,10,"1,3,8",0.968673,8,1.3862943611198906,substitution,0.0,0.8707195075028856,Negative,1,cedar,1.2995,YLIIALGIQL,1.1315,YLIALGIQL,True,0.2932239788355094
YLLEVNLQNGI,HLA-A0201,0.3463,0,6,0.1765,0.7624,7.6251,HLA-A*02:01,31511069,YLLEVNLQNGI,DLLEVNLQNGI,0,0,83.0,73.0,False,Improved,-3,YLLEVNLQI,-3,YLLEVNLQI,0,0.6931471805599453,DLLEVNLQI,0.017789000000000055,YLLEVNLQNGI,YLLEVNLQNGI,DLLEVNLQNGI,Negative,11,11,11,11,11,11,"1,3,8",0.982211,0,0.6931471805599453,substitution,0.0,22.01876985272885,Negative,1,cedar,0.3463,DLLEVNLQNGI,7.6251,DLLEVNLQI,True,0.18189539255499496
YLRTAKFLEM,HLA-B0801,0.3548,0,6,0.0186,0.7373,0.1637,HLA-B*08:01,33479501,YLRTAKFLEM,YLRTAKSL,0,0,205.0,196.0,True,Conserved,-2,YLRTKFLEM,-8,YLRTKFLEM,"4,5,6,7,8",,YLRTAK-SL,0.12427699999999997,YLRTAKFLEM,YLRTAKFLEM,YLRTAKSL,Negative,10,10,8,10,8,10,"1,4,8",0.875723,6,0.6931471805599453,substitution,0.0,0.46138669673055244,Negative,1,cedar,0.3548,YLRTAKSLEM,0.3964,YLRTKSLEM,True,0.14204786463754682
YLSNIIPAL,HLA-A0201,0.0078,1,6,0.0087,0.9169,0.0081,HLA-A*02:01,"29720506,29720506,29720506,29720506,29720506",YLSNIIPAL,YLSKIIPAL,0,0,165.0,157.0,True,Conserved,0,YLSNIIPAL,0,YLSNIIPAL,3,1.3862943611198906,YLSKIIPAL,0.06443600000000005,YLSNIIPAL,YLSNIIPAL,YLSKIIPAL,Positive,9,9,9,9,9,9,"1,3,8",0.935564,3,1.3862943611198906,substitution,1.0,1.0384615384615385,"Positive_all,Positive_all,Positive_all,Positive_all,Positive_all",5,cedar,0.0078,YLSKIIPAL,0.0081,YLSKIIPAL,True,0.33430509813945364
YMKSLEFENK,HLA-A1101,3.9345,1,6,0.4876,0.5396,2.7059,HLA-A*11:01,"34244308,34244308",KSLEFENK,YMKSSEFENK,2,0,2413.0,2404.0,True,Conserved,-2,YMKSLEFEK,-17,KSLE-FENK,"0,1,2,3,4,5,6",,YMKSSEFNK,0.13125399999999998,YMKSLEFENK,KSLEFENK,YMKSSEFENK,Positive,10,8,10,8,10,10,"0,1,8",0.868746,4,0.6931471805599453,substitution,0.5,0.6877366882704283,"Positive_all,Negative",2,cedar,3.9487,YMKSSEFENK,2.7059,YMKSSEFNK,True,0.11915809471177037
YMPCSAYQKV,HLA-A0201,3.1396,0,6,0.2316,0.3856,4.5384,HLA-A*02:01,31511069,YMPCSAYQKV,YMTCSAYQKV,0,0,735.0,726.0,True,Conserved,-1,YMPSAYQKV,-3,YMPSAYQKV,"2,3,4,5,6,7",2.6390573296152584,YMTCSAYQV,0.06637700000000002,YMPCSAYQKV,YMPCSAYQKV,YMTCSAYQKV,Negative,10,10,10,10,10,10,"1,3,8",0.933623,2,1.3862943611198906,substitution,0.0,1.4455344629889157,Negative,1,cedar,3.1396,YMTCSAYQKV,4.5384,YMTCSAYQV,True,0.08755197425982571
YMPGGDLVKL,HLA-A0206,0.8871,0,6,0.0621,0.5477,0.98,HLA-A*02:06,"34244308,34244308",YMPGGDLVKL,YMPGGDLVNL,0,0,180.0,171.0,False,Conserved,0,YMPGGLVKL,0,YMPGGLVKL,7,1.3862943611198906,YMPGGLVNL,0.030896000000000035,YMPGGDLVKL,YMPGGDLVKL,YMPGGDLVNL,Negative,10,10,10,10,10,10,"1,3,8",0.969104,8,1.3862943611198906,substitution,0.0,1.104723255551798,"Negative,Negative",2,cedar,0.8871,YMPGGDLVNL,0.98,YMPGGLVNL,True,0.12150608561266243
YPPPPPALL,HLA-B0702,0.0508,1,6,0.0995,0.4296,0.081,HLA-B*07:02,26048577,YPPPPPALL,YPPPPPAL,0,0,351.0,343.0,True,Conserved,-3,YPPPPPALL,-8,YPPPPPALL,"2,6,7",0.0,YP-PPPPAL,0.030911000000000022,YPPPPPALL,YPPPPPALL,YPPPPPAL,Positive,9,9,8,9,8,9,"1,8",0.969089,8,1.3862943611198906,substitution,1.0,1.594488188976378,Positive_all,1,cedar,0.0508,YPPPPPALP,1.2088,YPPPPPALP,True,0.29106174669111506
YPVIFKSIM,HLA-B3501,0.0834,1,6,0.0304,0.5553,0.0704,HLA-B*35:01,33479501,YPVIFKSIM,YPVISKSIM,0,0,275.0,267.0,False,Conserved,-2,YPVIFKSIM,-2,YPVIFKSIM,4,0.6931471805599453,YPVISKSIM,0.08752099999999996,YPVIFKSIM,YPVIFKSIM,YPVISKSIM,Positive,9,9,9,9,9,9,"1,8",0.912479,4,0.6931471805599453,substitution,1.0,0.8441247002398082,Positive_all,1,cedar,0.0834,YPVISKSIM,0.0704,YPVISKSIM,True,0.3281612242857197
YSFQSLLYL,HLA-A0201,1.1039,0,6,0.0088,0.7499,4.1224,HLA-A*02:01,27198675,YSFQSLLYL,YPFQSLLYL,0,0,278.0,270.0,True,Improved,-1,YSFQSLLYL,-1,YSFQSLLYL,1,1.3862943611198906,YPFQSLLYL,0.05140100000000003,YSFQSLLYL,YSFQSLLYL,YPFQSLLYL,Negative,9,9,9,9,9,9,"1,3,8",0.948599,1,1.3862943611198906,substitution,0.0,3.7343962315427115,Negative,1,cedar,1.1039,YPFQSLLYL,4.1224,YPFQSLLYL,True,0.23774525984439604
YSFQSLLYLL,HLA-A0201,1.1039,0,6,0.119,0.5603,4.1224,HLA-A*02:01,27198675,YSFQSLLYL,YPFQSLLYL,0,0,279.0,270.0,True,Improved,-1,YSFQSLLYL,-1,YSFQSLLYL,1,1.3862943611198906,YPFQSLLYL,0.05140100000000003,YSFQSLLYLL,YSFQSLLYL,YPFQSLLYL,Negative,10,9,9,9,9,10,"1,3,8",0.948599,1,1.3862943611198906,substitution,0.0,3.7343962315427115,Negative,1,cedar,6.4067,YPFQSLLYLL,15.1867,YPFQSLLYL,True,0.24062004740326387
YSFQSLLYLL,HLA-A2402,0.2361,0,6,0.119,0.5603,0.3432,HLA-A*24:02,27198675,SFQSLLYLL,PFQSLLYLL,1,1,279.0,270.0,False,Conserved,-1,YSFQSLLYL,-1,SFQSLLYLL,0,1.3862943611198906,PFQSLLYLL,0.024097000000000035,YSFQSLLYLL,SFQSLLYLL,PFQSLLYLL,Negative,10,9,9,9,9,10,"1,8",0.975903,1,1.3862943611198906,substitution,0.0,1.4536213468869124,Negative,1,cedar,1.9503,YPFQSLLYLL,1.9519,YFQSLLYLL,True,0.22385518824142725
YSFQSLLYLLL,HLA-A0201,1.1039,0,6,0.7285,0.3804,1.7104,HLA-A*02:01,27198675,YSFQSLLYL,FQSLLYLLL,0,2,280.0,270.0,True,Conserved,-1,YSFQSLLYL,-5,YSFQSLLYL,"0,1,2,3,4,5,7",2.0794415416798357,FQSLLYLLL,0.12976699999999997,YSFQSLLYLLL,YSFQSLLYL,FQSLLYLLL,Negative,11,9,9,9,9,11,"1,3,8",0.870233,1,1.3862943611198906,substitution,0.0,1.54941570794456,Negative,1,cedar,8.3788,YPFQSLLYLLL,14.9452,YQSLLYLLL,True,0.2284730727738773
YSFQSLLYLLL,HLA-A2402,0.2361,0,6,0.7285,0.3804,0.3432,HLA-A*24:02,27198675,SFQSLLYLL,PFQSLLYLL,1,1,280.0,270.0,False,Conserved,-1,YSFQSLLYL,-1,SFQSLLYLL,0,1.3862943611198906,PFQSLLYLL,0.024097000000000035,YSFQSLLYLLL,SFQSLLYLL,PFQSLLYLL,Negative,11,9,9,9,9,11,"1,8",0.975903,1,1.3862943611198906,substitution,0.0,1.4536213468869124,Negative,1,cedar,10.458,YPFQSLLYLLL,11.3315,YPFQSYLLL,True,0.250722072730314
YSMECFQFM,HLA-C0303,0.2608,1,6,0.0235,0.8418,0.0492,HLA-C*03:03,"29853601,29853601",YSMECFQFM,YSMEYFQFM,0,0,2013.0,2005.0,False,Conserved,-2,YSMECFQFM,-2,YSMECFQFM,4,0.6931471805599453,YSMEYFQFM,0.13709800000000005,YSMECFQFM,YSMECFQFM,YSMEYFQFM,Positive,9,9,9,9,9,9,"1,8",0.862902,4,0.6931471805599453,substitution,0.5,0.18865030674846628,"Positive_all,Negative",2,cedar,0.2608,YSMEYFQFM,0.0492,YSMEYFQFM,True,0.3504388639543785
YTAQIILAL,HLA-C1403,1.3006,0,6,0.0772,0.5948,1.9314,HLA-C*14:03,24323902,YTAQIILAL,STAQIILAL,0,0,162.0,154.0,False,Conserved,-2,YTAQIILAL,-2,YTAQIILAL,0,0.6931471805599453,STAQIILAL,0.023789999999999978,YTAQIILAL,YTAQIILAL,STAQIILAL,Negative,9,9,9,9,9,9,"1,8",0.97621,0,0.6931471805599453,substitution,0.0,1.4850069198831308,Negative,1,cedar,1.3006,STAQIILAL,1.9314,STAQIILAL,True,0.20481866384031258
YVAKYTVPV,HLA-B0702,3.5876,0,6,0.0073,0.8795,5.9246,HLA-B*07:02,31511069,YVAKYTVPV,YLAKYTVPV,0,0,188.0,180.0,True,Conserved,1,YVAKYTVPV,1,YVAKYTVPV,1,1.791759469228055,YLAKYTVPV,0.02424499999999996,YVAKYTVPV,YVAKYTVPV,YLAKYTVPV,Negative,9,9,9,9,9,9,"1,8",0.975755,1,1.791759469228055,substitution,0.0,1.6514104136470062,Negative,1,cedar,3.5876,YLAKYTVPV,5.9246,YLAKYTVPV,True,0.12379524814752224
AATPVGSLY,HLA-B4002,11.1987,1,7,0.0706,0.619,8.8607,HLA-B*40:02,34290406,AATPVGSLY,AATPVGSSY,0,0,1154.0,1146.0,False,Conserved,-2,AATPVGSLY,-2,AATPVGSLY,7,0.6931471805599453,AATPVGSSY,0.04705400000000004,AATPVGSLY,AATPVGSLY,AATPVGSSY,Positive,9,9,9,9,9,9,"1,8",0.952946,7,0.6931471805599453,substitution,1.0,0.7912257672765588,Positive_all,1,cedar,11.1987,AATPVGSSY,8.8607,AATPVGSSY,True,0.09959792164617237
AKNCGIAIPV,HLA-B0702,33.2727,0,7,4.2239,0.1514,7.5456,HLA-B*07:02,27198675,AKNCGIAI,KNRGIAIPV,0,1,1553.0,1544.0,True,Conserved,-3,AKNGIAIPV,-5,-AKNCGIAI,"0,1,2,3,4,5,7,8",2.302585092994046,KNRGIAIPV,0.21293300000000004,AKNCGIAIPV,AKNCGIAI,KNRGIAIPV,Negative,10,8,9,8,9,10,"1,8",0.787067,3,0.6931471805599453,substitution,0.0,0.22678051375451946,Negative,1,cedar,52.6923,AKNRGIAIPV,32.5385,AKRGIAIPV,True,0.1747160269524121
ALADLAGFK,HLA-A1101,0.2921,0,7,0.0336,0.7345,1.2376,HLA-A*11:01,27198675,ALADLAGFK,ALEDLAGFK,0,0,1228.0,1220.0,False,Improved,-1,ALADLAGFK,-1,ALADLAGFK,2,0.6931471805599453,ALEDLAGFK,0.055683999999999956,ALADLAGFK,ALADLAGFK,ALEDLAGFK,Negative,9,9,9,9,9,9,"0,1,8",0.944316,2,0.6931471805599453,substitution,0.0,4.236905169462513,Negative,1,cedar,0.2921,ALEDLAGFK,1.2376,ALEDLAGFK,True,0.19013993585028321
ALADLAGFKEL,HLA-A0201,0.7501,0,7,1.0556,0.648,1.9482,HLA-A*02:01,27198675,ALADLAGFKEL,ALEDLAGFKEL,0,0,1230.0,1220.0,True,Conserved,-1,ALADGFKEL,-3,ALADGFKEL,"2,3",0.6931471805599453,ALLAGFKEL,0.033699000000000034,ALADLAGFKEL,ALADLAGFKEL,ALEDLAGFKEL,Negative,11,11,11,11,11,11,"1,3,8",0.966301,2,0.6931471805599453,substitution,0.0,2.5972536995067323,Negative,1,cedar,0.7501,ALEDLAGFKEL,1.9482,ALLAGFKEL,True,0.09992600634714492
ALCVQPHYITV,HLA-A0201,0.8101,0,7,1.694,0.6459,0.8913,HLA-A*02:01,27198675,ALCVQPHYI,ALCVQPHHITV,0,0,171.0,161.0,True,Conserved,2,ALQPHYITV,-9,ALCVQPHYI,"2,3,4,5,6,7,8",2.1972245773362196,ALQPHHITV,0.10884499999999997,ALCVQPHYITV,ALCVQPHYI,ALCVQPHHITV,Negative,11,9,11,9,11,11,"1,3,8",0.891155,7,0.6931471805599453,substitution,0.0,1.100234538945809,Negative,1,cedar,0.9171,ALCVQPHHITV,0.8913,ALQPHHITV,True,0.24323356025548723
ALHGGWTTK,HLA-A0301,0.0311,1,7,0.1356,0.6707,4.0116,HLA-A*03:01,"35484264,35484264,35484264,35484264,35484264,35484264,35484264,35484264,35484264,35484264,35484264,35484264,35484264,35484264,35484264,35484264,35484264,35484264,35484264,35484264,35484264,35484264,35484264,35484264,35484264,35484264,35484264,35484264,35484264,35484264,35484264,35484264,35484264,35484264,35484264,35484264,35484264,35484264,35484264,35484264,35484264,35484264",ALHGGWTTK,AHHGGWTTK,0,0,1054.0,1046.0,True,Improved,-3,ALHGGWTTK,-3,ALHGGWTTK,1,0.6931471805599453,AHHGGWTTK,0.07172,ALHGGWTTK,ALHGGWTTK,AHHGGWTTK,Positive,9,9,9,9,9,9,"0,1,8",0.92828,1,0.6931471805599453,substitution,0.5952380952380952,128.99035369774919,"Positive_all,Positive_all,Negative,Negative,Negative,Negative,Negative,Negative,Positive_all,Positive_all,Positive_all,Positive_all,Positive_all,Positive_all,Positive_all,Positive_all,Positive_all,Positive_all,Negative,Negative,Negative,Negative,Negative,Positive_all,Positive_all,Negative,Negative,Positive_all,Positive_all,Positive_all,Positive_all,Positive_all,Negative,Negative,Positive_all,Positive_all,Negative,Positive_all,Positive_all,Negative,Positive_all,Positive_all",42,cedar,0.0311,AHHGGWTTK,4.0116,AHHGGWTTK,True,0.231156330974971
ALHWEQVAV,HLA-A0201,0.1636,0,7,0.2195,0.786,0.2884,HLA-A*02:01,31511069,ALHWEQVAV,ALPWEQVAV,0,0,101.0,93.0,False,Conserved,-2,ALHWEQVAV,-2,ALHWEQVAV,2,0.6931471805599453,ALPWEQVAV,0.11323000000000005,ALHWEQVAV,ALHWEQVAV,ALPWEQVAV,Negative,9,9,9,9,9,9,"1,3,8",0.88677,2,0.6931471805599453,substitution,0.0,1.7628361858190709,Negative,1,cedar,0.1636,ALPWEQVAV,0.2884,ALPWEQVAV,True,0.1883396342823552
ALLQEEAHV,HLA-A0201,0.0828,0,7,0.7331,0.625,0.1446,HLA-A*02:01,27198675,ALLQEEAHV,ALLQEGAHV,0,0,913.0,905.0,False,Conserved,-2,ALLQEEAHV,-2,ALLQEEAHV,5,0.6931471805599453,ALLQEGAHV,0.084735,ALLQEEAHV,ALLQEEAHV,ALLQEGAHV,Negative,9,9,9,9,9,9,"1,3,8",0.915265,5,0.6931471805599453,substitution,0.0,1.746376811594203,Negative,1,cedar,0.0828,ALLQEGAHV,0.1446,ALLQEGAHV,True,0.23340277367510798
ALSDQVRDV,HLA-A0201,0.2608,0,7,0.312,0.7629,23.4182,HLA-A*02:01,31511069,ALSDQVRDV,ARSDQVRDV,0,0,133.0,125.0,True,Improved,-2,ALSDQVRDV,-2,ALSDQVRDV,1,1.3862943611198906,ARSDQVRDV,0.05046600000000001,ALSDQVRDV,ALSDQVRDV,ARSDQVRDV,Negative,9,9,9,9,9,9,"1,3,8",0.949534,1,1.3862943611198906,substitution,0.0,89.79371165644172,Negative,1,cedar,0.2608,ARSDQVRDV,23.4182,ARSDQVRDV,True,0.1205985481321912
ALYGFVPVL,HLA-A0201,0.0216,1,7,0.0572,0.9116,0.0257,HLA-A*02:01,"30418433,30418433,26389673,26389673,26389673,26389673",ALYGFVPVL,ALYGSVPVL,0,0,302.0,294.0,False,Conserved,-2,ALYGFVPVL,-2,ALYGFVPVL,4,0.6931471805599453,ALYGSVPVL,0.09705699999999995,ALYGFVPVL,ALYGFVPVL,ALYGSVPVL,Positive,9,9,9,9,9,9,"1,3,8",0.902943,4,0.6931471805599453,substitution,1.0,1.1898148148148149,"Positive_all,Positive_all,Positive_all,Positive_all,Positive_all,Positive_all",6,cedar,0.0216,ALYGSVPVL,0.0257,ALYGSVPVL,True,0.4960658771596399
AMVHYLMIL,HLA-A0201,0.9771,0,7,0.4747,0.8027,0.6627,HLA-A*02:01,27198675,AMVHYLMIL,AMVHYLMVL,0,0,235.0,227.0,False,Conserved,3,AMVHYLMIL,3,AMVHYLMIL,7,1.0986122886681098,AMVHYLMVL,0.010352000000000028,AMVHYLMIL,AMVHYLMIL,AMVHYLMVL,Negative,9,9,9,9,9,9,"1,3,8",0.989648,7,1.0986122886681098,substitution,0.0,0.6782315013816396,Negative,1,cedar,0.9771,AMVHYLMVL,0.6627,AMVHYLMVL,True,0.4888515563605179
APFPLGDSAL,HLA-A6801,18.1714,0,7,0.0521,0.746,15.8878,HLA-A*68:01,30556813,APFPLGDSA,APFPHGDSA,0,0,140.0,131.0,False,Conserved,-3,APFPLGSAL,-3,APFPLGDSA,4,0.6931471805599453,APFPHGDSA,0.12085500000000005,APFPLGDSAL,APFPLGDSA,APFPHGDSA,Negative,10,9,9,9,9,10,"0,1,8",0.879145,4,0.6931471805599453,substitution,0.0,0.8743299910848917,Negative,1,cedar,20.88,APFPHGDSAL,18.7786,APFPHGSAL,True,0.07575637613627952
AQAAWLENFPL,HLA-A0201,3.4483,0,7,0.303,0.7096,5.2419,HLA-A*02:01,31511069,AQAAWLENF,AAWRENFPL,0,2,22.0,12.0,True,Conserved,-2,AQAAWLENL,-16,AQAAWLENF,"1,2,3,4,5,6,7,8",1.791759469228055,AAWRENFPL,0.251559,AQAAWLENFPL,AQAAWLENF,AAWRENFPL,Negative,11,9,9,9,9,11,"1,3,8",0.748441,5,1.3862943611198906,substitution,0.0,1.520140359017487,Negative,1,cedar,5.8596,AQAAWRENFPL,7.3978,AQAAWNFPL,True,0.08828402647931768
AQALADLAGFK,HLA-A1101,0.2921,0,7,0.6467,0.5061,1.2376,HLA-A*11:01,27198675,ALADLAGFK,ALEDLAGFK,2,2,1228.0,1218.0,False,Improved,-1,ALADLAGFK,-1,ALADLAGFK,2,0.6931471805599453,ALEDLAGFK,0.055683999999999956,AQALADLAGFK,ALADLAGFK,ALEDLAGFK,Negative,11,9,9,9,9,11,"0,1,8",0.944316,4,0.6931471805599453,substitution,0.0,4.236905169462513,Negative,1,cedar,1.4647,AQALEDLAGFK,1.9746,AQADLAGFK,True,0.12678578902588306
AQDIYRASY,HLA-B1501,0.1155,1,7,1.0017,0.5023,4.0291,HLA-B*15:01,29441070,AQDIYRASY,ARDIYRASY,0,0,1282.0,1274.0,True,Improved,1,AQDIYRASY,1,AQDIYRASY,1,0.6931471805599453,ARDIYRASY,0.03717599999999999,AQDIYRASY,AQDIYRASY,ARDIYRASY,Positive,9,9,9,9,9,9,"1,8",0.962824,1,0.6931471805599453,substitution,1.0,34.88398268398268,Positive_all,1,cedar,0.1155,ARDIYRASY,4.0291,ARDIYRASY,True,0.12006213570248755
AQDIYRASYY,HLA-B1501,0.1155,1,7,0.1323,0.7019,2.5861,HLA-B*15:01,29441070,AQDIYRASY,RDIYRASYY,0,1,1283.0,1274.0,True,Improved,1,AQIYRASYY,-9,AQDIYRASY,"0,1,2,3,4,5,6,7",1.791759469228055,RDIYRASYY,0.10555700000000001,AQDIYRASYY,AQDIYRASY,RDIYRASYY,Positive,10,9,9,9,9,10,"1,8",0.894443,1,0.6931471805599453,substitution,1.0,22.39047619047619,Positive_all,1,cedar,0.2732,ARDIYRASYY,7.5974,ARIYRASYY,True,0.1364407439305521
AQFCDVRLQV,HLA-A0201,0.8964,0,7,0.0183,0.4849,1.1308,HLA-A*02:01,31511069,AQFCDVRLQV,GQFCDVRLQV,0,0,38.0,29.0,False,Conserved,0,AQFDVRLQV,0,AQFDVRLQV,0,1.3862943611198906,GQFDVRLQV,0.01632100000000003,AQFCDVRLQV,AQFCDVRLQV,GQFCDVRLQV,Negative,10,10,10,10,10,10,"1,3,8",0.983679,0,1.3862943611198906,substitution,0.0,1.2614904060687193,Negative,1,cedar,0.8964,GQFCDVRLQV,1.1308,GQFDVRLQV,True,0.14878112277998884
AQSWAFEQV,HLA-A0201,1.1162,0,7,0.0271,0.4622,14.3973,HLA-A*02:01,31511069,AQSWAFEQV,AESWAFEQV,0,0,52.0,44.0,True,Improved,2,AQSWAFEQV,2,AQSWAFEQV,1,0.6931471805599453,AESWAFEQV,0.029576000000000047,AQSWAFEQV,AQSWAFEQV,AESWAFEQV,Negative,9,9,9,9,9,9,"1,3,8",0.970424,1,0.6931471805599453,substitution,0.0,12.89849489338828,Negative,1,cedar,1.1162,AESWAFEQV,14.3973,AESWAFEQV,True,0.06659282007914012
ASMTGIVYSL,HLA-A0201,0.07,0,7,0.5644,0.4055,0.2656,HLA-A*02:01,27198675,SMTGIVYSL,SMTGIAYSL,1,1,526.0,517.0,False,Conserved,0,ASMTGIVYL,0,SMTGIVYSL,5,1.3862943611198906,SMTGIAYSL,0.05131600000000003,ASMTGIVYSL,SMTGIVYSL,SMTGIAYSL,Negative,10,9,9,9,9,10,"1,3,8",0.948684,6,1.3862943611198906,substitution,0.0,3.794285714285714,Negative,1,cedar,2.1324,ASMTGIAYSL,3.4647,AMTGIAYSL,True,0.17153695212586276
ASMTGIVYSLF,HLA-B1501,1.2803,0,7,0.8648,0.418,1.2164,HLA-B*15:01,27198675,ASMTGIVY,ASMTGIAY,0,0,527.0,517.0,False,Conserved,0,ASMTGIVLF,0,ASM-TGIVY,7,1.3862943611198906,ASM-TGIAY,0.04027000000000003,ASMTGIVYSLF,ASMTGIVY,ASMTGIAY,Negative,11,8,8,8,8,11,"1,8",0.95973,6,1.3862943611198906,substitution,0.0,0.9500898226978052,Negative,1,cedar,3.6509,ASMTGIAYSLF,3.6167,ASMTGISLF,True,0.16350124135371702
ASSVPTGHATF,HLA-B1501,0.4482,0,7,1.0277,0.2348,14.1075,HLA-B*15:01,27198675,SSVPTGHATF,SSVPTGHAT,1,1,1968.0,1958.0,True,Improved,-2,AVPTGHATF,-2,SSVPTGHTF,"7,8",1.3862943611198906,SSVPTGHAT,0.039047000000000054,ASSVPTGHATF,SSVPTGHATF,SSVPTGHAT,Negative,11,10,9,10,9,11,"1,8",0.960953,10,0.6931471805599453,substitution,0.0,31.47590361445783,Negative,1,cedar,2.7716,ASSVPTGHATS,54.1667,AVPTGHATS,True,0.07733422063211713
ASWVVPIDIK,HLA-A0301,0.9832,0,7,0.3323,0.63,16.89,HLA-A*03:01,27869121,ASWVVPIDIK,ASWVVPIDI,0,0,493.0,484.0,True,Improved,1,ASWVVPIIK,-6,ASWVVPIIK,"7,8",0.0,ASWVVPIDI,0.035614000000000035,ASWVVPIDIK,ASWVVPIDIK,ASWVVPIDI,Negative,10,10,9,10,9,10,"0,1,8",0.964386,9,0.6931471805599453,substitution,0.0,17.17860048820179,Negative,1,cedar,0.9832,ASWVVPIDIE,33.75,ASWVVPIIE,True,0.21333035550760548
ATPGRFLDIIK,HLA-A1101,1.0749,0,7,1.4577,0.4448,1.0276,HLA-A*11:01,"34270940,34270940",ATPGRFLDIIK,ATPGRLLDIIK,0,0,338.0,328.0,False,Conserved,0,ATPGRFLIK,0,ATPGRFLIK,5,1.791759469228055,ATPGRLLIK,0.05090899999999998,ATPGRFLDIIK,ATPGRFLDIIK,ATPGRLLDIIK,Negative,11,11,11,11,11,11,"0,1,8",0.949091,5,1.791759469228055,substitution,0.0,0.9559959065959626,"Negative,Negative",2,cedar,1.0749,ATPGRLLDIIK,1.0276,ATPGRLLIK,True,0.12715035303622757
AVDDIFVKA,HLA-A0201,0.4777,0,7,1.5248,0.5299,0.4063,HLA-A*02:01,27198675,AVDDIFVKA,AVDDIFVEA,0,0,221.0,213.0,False,Conserved,1,AVDDIFVKA,1,AVDDIFVKA,7,0.6931471805599453,AVDDIFVEA,0.03103699999999998,AVDDIFVKA,AVDDIFVKA,AVDDIFVEA,Negative,9,9,9,9,9,9,"1,3,8",0.968963,7,0.6931471805599453,substitution,0.0,0.8505338078291814,Negative,1,cedar,0.4777,AVDDIFVEA,0.4063,AVDDIFVEA,True,0.21555353091137575
CTFYFSNMLEF,HLA-A2402,0.0133,0,7,0.2985,0.526,0.0595,HLA-A*24:02,"34270940,34270940",FYFSNMLEF,FYFSNMLGF,2,2,528.0,518.0,False,Conserved,-2,CYFSNMLEF,-2,FYFSNMLEF,7,0.6931471805599453,FYFSNMLGF,0.05655500000000002,CTFYFSNMLEF,FYFSNMLEF,FYFSNMLGF,Negative,11,9,9,9,9,11,"1,8",0.943445,9,0.6931471805599453,substitution,0.0,4.473684210526316,"Negative,Negative",2,cedar,0.914,CTFYFSNMLGF,1.8247,CYFSNMLGF,True,0.1911946710883198
CTIAVVNFL,HLA-A6802,0.3917,1,7,0.0923,0.7674,0.5903,HLA-A*68:02,32571843,CTIAVVNFL,CTNAVVNFL,0,0,388.0,380.0,False,Conserved,-3,CTIAVVNFL,-3,CTIAVVNFL,2,0.6931471805599453,CTNAVVNFL,0.077453,CTIAVVNFL,CTIAVVNFL,CTNAVVNFL,Positive,9,9,9,9,9,9,"0,1,8",0.922547,2,0.6931471805599453,substitution,1.0,1.5070206790911413,Positive_all,1,cedar,0.3917,CTNAVVNFL,0.5903,CTNAVVNFL,True,0.30583021406509153
CVQPHYITV,HLA-A0201,1.2496,0,7,0.4178,0.5418,1.4286,HLA-A*02:01,27198675,CVQPHYITV,CVQPHHITV,0,0,171.0,163.0,False,Conserved,2,CVQPHYITV,2,CVQPHYITV,5,0.6931471805599453,CVQPHHITV,0.07620000000000005,CVQPHYITV,CVQPHYITV,CVQPHHITV,Negative,9,9,9,9,9,9,"1,3,8",0.9238,5,0.6931471805599453,substitution,0.0,1.143245838668374,Negative,1,cedar,1.2496,CVQPHHITV,1.4286,CVQPHHITV,True,0.31149596289697673
CYTADNEMEY,HLA-A2402,3.3575,0,7,0.0586,0.6175,5.9485,HLA-A*24:02,27198675,CYTADNEMEY,CYTADNEMGY,0,0,1197.0,1188.0,False,Conserved,-2,CTADNEMEY,-2,CYADNEMEY,7,0.6931471805599453,CYADNEMGY,0.04275399999999996,CYTADNEMEY,CYTADNEMEY,CYTADNEMGY,Negative,10,10,10,10,10,10,"1,8",0.957246,8,0.6931471805599453,substitution,0.0,1.7717051377513031,Negative,1,cedar,3.3575,CYTADNEMGY,5.9485,CYADNEMGY,True,0.15224108893003013
DANSFLQSV,HLA-B5101,0.0102,1,7,0.0562,0.4567,0.0056,HLA-B*51:01,26819371,DANSFLQSV,DANPFLQSV,0,0,731.0,723.0,False,Conserved,-1,DANSFLQSV,-1,DANSFLQSV,3,1.3862943611198906,DANPFLQSV,0.08413199999999998,DANSFLQSV,DANSFLQSV,DANPFLQSV,Positive,9,9,9,9,9,9,"1,8",0.915868,3,1.3862943611198906,substitution,1.0,0.5490196078431372,Positive_all,1,cedar,0.0102,DANPFLQSV,0.0056,DANPFLQSV,True,0.22196761747142382
DHREIEGRVMF,HLA-B1801,0.0756,1,7,0.319,0.4305,0.5221,HLA-B*18:01,"31351799,31351799",REIEGRVMF,REIEGRVM,2,2,202.0,192.0,True,Improved,-1,DEIEGRVMF,-10,REIEGRVMF,"4,5,6,7,8",1.3862943611198906,REIE-GRVM,0.05356899999999998,DHREIEGRVMF,REIEGRVMF,REIEGRVM,Positive,11,9,8,9,8,11,"1,8",0.946431,10,0.6931471805599453,substitution,1.0,6.906084656084656,"Positive_all,Positive_all",2,cedar,0.1578,DHREIEGRVMV,1.9679,DEIEGRVMV,True,0.1983166794544403
DHYAYSYYL,HLA-C0602,1.063,1,7,0.0153,0.7033,4.646,HLA-C*06:02,"32582212,32582212",DHYAYSYYL,DHYAYSYY,0,0,783.0,775.0,True,Improved,-3,DHYAYSYYL,-13,DHYAYSYYL,"3,4,5,6,8",0.0,DHY-AYSYY,0.04151000000000005,DHYAYSYYL,DHYAYSYYL,DHYAYSYY,Positive,9,9,8,9,8,9,"1,8",0.95849,8,1.3862943611198906,substitution,0.5,4.370649106302916,"Negative,Positive_all",2,cedar,1.063,DHYAYSYYP,23.625,DHYAYSYYP,True,0.1391412320181308
DHYAYSYYL,HLA-B5101,2.1463,1,7,0.0153,0.7033,14.6275,HLA-B*51:01,"32582212,32582212",DHYAYSYYL,DHYAYSYYP,0,0,783.0,775.0,True,Conserved,-3,DHYAYSYYL,-3,DHYAYSYYL,8,1.3862943611198906,DHYAYSYYP,0.030727999999999978,DHYAYSYYL,DHYAYSYYL,DHYAYSYYP,Positive,9,9,9,9,9,9,"1,8",0.969272,8,1.3862943611198906,substitution,0.5,6.8152168848716395,"Negative,Positive_all",2,cedar,2.1463,DHYAYSYYP,14.6275,DHYAYSYYP,True,0.1455119718382478
DTVEYPYTSF,HLA-A2601,0.0269,1,7,0.0132,0.5485,0.0189,HLA-A*26:01,30556813,DTVEYPYTSF,DTVEDPYTSF,0,0,54.0,45.0,False,Conserved,-3,DTVEPYTSF,2,DTVEPYTSF,3,1.3862943611198906,DTVDPYTSF,0.10801000000000005,DTVEYPYTSF,DTVEYPYTSF,DTVEDPYTSF,Positive,10,10,10,10,10,10,"0,1,8",0.89199,4,0.6931471805599453,substitution,1.0,0.7026022304832714,Positive_all,1,cedar,0.0269,DTVEDPYTSF,0.0189,DTVDPYTSF,True,0.24449181853481125
DYMIHIIEKW,HLA-B2705,4.4071,1,7,0.578,0.4355,4.6504,HLA-B*27:05,"29545564,29545564",YMIHIIEKW,YMSHIIEKW,1,1,411.0,402.0,False,Conserved,-2,DYMHIIEKW,-2,YMIHIIEKW,2,0.6931471805599453,YMSHIIEKW,0.06862000000000001,DYMIHIIEKW,YMIHIIEKW,YMSHIIEKW,Positive,10,9,9,9,9,10,"1,8",0.93138,3,0.6931471805599453,substitution,0.5,1.0552063715368385,"Positive_all,Negative",2,cedar,16.2887,DYMSHIIEKW,13.6141,DYMSHIIKW,True,0.294048690292761
EASGITYEY,HLA-A0101,0.1536,0,7,0.0157,0.8433,40.7692,HLA-A*01:01,"34244308,34244308",EASGITYEY,EASGITYE,0,0,324.0,316.0,True,Improved,-3,EASGITYEY,-6,EASGITYEY,8,,EASGITYE-,0.05369299999999999,EASGITYEY,EASGITYEY,EASGITYE,Negative,9,9,8,9,8,9,"1,2,8",0.946307,8,0.6931471805599453,substitution,0.0,265.4244791666667,"Negative,Negative",2,cedar,0.1536,EASGITYED,53.7097,EASGITYED,True,0.11694522477801488
EEMEPLPVM,HLA-B4403,0.0484,1,7,0.0196,0.7137,0.0337,HLA-B*44:03,31221207,EEMEPLPVM,EEMEPPPVM,0,0,597.0,589.0,False,Conserved,-3,EEMEPLPVM,-3,EEMEPLPVM,5,1.3862943611198906,EEMEPPPVM,0.11023400000000005,EEMEPLPVM,EEMEPLPVM,EEMEPPPVM,Positive,9,9,9,9,9,9,"1,8",0.889766,5,1.3862943611198906,substitution,1.0,0.6962809917355373,Positive_all,1,cedar,0.0484,EEMEPPPVM,0.0337,EEMEPPPVM,True,0.40101364770889614
EMKRVFGFPV,HLA-B0801,0.5121,0,7,1.6789,0.4483,2.3363,HLA-B*08:01,33479501,EMKRVFGF,EMERVFGF,0,0,872.0,863.0,True,Improved,1,EMKRVFFPV,-12,EMK-RVFGF,"2,3",,EM-ERVFGF,0.055825000000000014,EMKRVFGFPV,EMKRVFGF,EMERVFGF,Negative,10,8,8,8,8,10,"1,4,8",0.944175,2,0.6931471805599453,substitution,0.0,4.562194883811755,Negative,1,cedar,14.3333,EMERVFGFPV,28.2295,EMRVFGFPV,True,0.12839927138110172
EPEVVFLQF,HLA-B3501,0.1451,0,7,0.5411,0.4721,6.1186,HLA-B*35:01,27198675,EPEVVFLQF,EPEVVFLQS,0,0,101.0,93.0,True,Improved,-2,EPEVVFLQF,-2,EPEVVFLQF,8,0.6931471805599453,EPEVVFLQS,0.026869000000000032,EPEVVFLQF,EPEVVFLQF,EPEVVFLQS,Negative,9,9,9,9,9,9,"1,8",0.973131,8,0.6931471805599453,substitution,0.0,42.168159889731214,Negative,1,cedar,0.1451,EPEVVFLQS,6.1186,EPEVVFLQS,True,0.26473757303672824
EVIVPLSGW,HLA-A2501,0.0023,1,7,0.0085,0.6325,0.0041,HLA-A*25:01,29895573,EVIVPLSGW,EVIVPHSGW,0,0,22.0,14.0,False,Conserved,-3,EVIVPLSGW,-3,EVIVPLSGW,5,0.6931471805599453,EVIVPHSGW,0.10774899999999998,EVIVPLSGW,EVIVPLSGW,EVIVPHSGW,Positive,9,9,9,9,9,9,"0,1,8",0.892251,5,0.6931471805599453,substitution,1.0,1.782608695652174,Positive_all,1,cedar,0.0023,EVIVPHSGW,0.0041,EVIVPHSGW,True,0.3546451019129727
FALLQEEAHV,HLA-A0201,0.0828,0,7,0.5535,0.6585,0.1446,HLA-A*02:01,27198675,ALLQEEAHV,ALLQEGAHV,1,1,913.0,904.0,False,Conserved,-2,FLLQEEAHV,-2,ALLQEEAHV,5,0.6931471805599453,ALLQEGAHV,0.084735,FALLQEEAHV,ALLQEEAHV,ALLQEGAHV,Negative,10,9,9,9,9,10,"1,3,8",0.915265,6,0.6931471805599453,substitution,0.0,1.746376811594203,Negative,1,cedar,0.5079,FALLQEGAHV,0.6144,FLLQEGAHV,True,0.1655044555813755
FATDNYCHV,HLA-A0201,2.7196,0,7,0.0352,0.7816,2.986,HLA-A*02:01,31511069,FATDNYCHV,FATDNNCHV,0,0,553.0,545.0,False,Conserved,-2,FATDNYCHV,-2,FATDNYCHV,5,0.6931471805599453,FATDNNCHV,0.11295699999999997,FATDNYCHV,FATDNYCHV,FATDNNCHV,Negative,9,9,9,9,9,9,"1,3,8",0.887043,5,0.6931471805599453,substitution,0.0,1.0979555817031919,Negative,1,cedar,2.7196,FATDNNCHV,2.986,FATDNNCHV,True,0.1978282554098729
FGASMTGIVY,HLA-B1501,0.4066,0,7,0.0857,0.703,0.3845,HLA-B*15:01,27198675,GASMTGIVY,GASMTGIAY,1,1,524.0,515.0,False,Conserved,0,FASMTGIVY,0,GASMTGIVY,7,1.3862943611198906,GASMTGIAY,0.030752,FGASMTGIVY,GASMTGIVY,GASMTGIAY,Negative,10,9,9,9,9,10,"1,8",0.969248,8,1.3862943611198906,substitution,0.0,0.9456468273487457,Negative,1,cedar,1.5123,FGASMTGIAY,1.4975,FASMTGIAY,True,0.16090800738773903
FLEAGYICDA,HLA-A0201,3.9137,0,7,0.2113,0.7882,6.8596,HLA-A*02:01,27198675,FLEAGYICDA,SLEAGYICDA,0,0,228.0,219.0,False,Conserved,-2,FLAGYICDA,-2,FLAGYICDA,0,0.6931471805599453,SLAGYICDA,0.020989000000000035,FLEAGYICDA,FLEAGYICDA,SLEAGYICDA,Negative,10,10,10,10,10,10,"1,3,8",0.979011,0,0.6931471805599453,substitution,0.0,1.7527148222909268,Negative,1,cedar,3.9137,SLEAGYICDA,6.8596,SLAGYICDA,True,0.14180982051583718
FLEPQWYRV,HLA-A0201,0.0721,0,7,0.0548,0.913,0.0398,HLA-A*02:01,31511069,FLEPQWYRV,FLEPQWYSV,0,0,37.0,29.0,False,Conserved,-1,FLEPQWYRV,-1,FLEPQWYRV,7,1.791759469228055,FLEPQWYSV,0.052844,FLEPQWYRV,FLEPQWYRV,FLEPQWYSV,Negative,9,9,9,9,9,9,"1,3,8",0.947156,7,1.791759469228055,substitution,0.0,0.5520110957004162,Negative,1,cedar,0.0721,FLEPQWYSV,0.0398,FLEPQWYSV,True,0.28349843064097446
FLLDDPLSTV,HLA-A0201,0.0055,0,7,0.0098,0.889,0.0122,HLA-A*02:01,31511069,LLDDPLSTV,LLDDPLSAV,1,1,781.0,772.0,False,Conserved,0,FLLDDPLSV,0,LLDDPLSTV,7,1.3862943611198906,LLDDPLSAV,0.03335600000000005,FLLDDPLSTV,LLDDPLSTV,LLDDPLSAV,Negative,10,9,9,9,9,10,"1,3,8",0.966644,8,1.3862943611198906,substitution,0.0,2.2181818181818183,Negative,1,cedar,0.0094,FLLDDPLSAV,0.0143,FLLDDPLSV,True,0.34300329012153613
FLLQLPFRG,HLA-A0201,3.1287,0,7,1.9154,0.4879,12.6538,HLA-A*02:01,31511069,FLLQLPFRG,FLRQLPFRG,0,0,73.0,65.0,False,Conserved,-2,FLLQLPFRG,-2,FLLQLPFRG,2,1.3862943611198906,FLRQLPFRG,0.07514200000000004,FLLQLPFRG,FLLQLPFRG,FLRQLPFRG,Negative,9,9,9,9,9,9,"1,3,8",0.924858,2,1.3862943611198906,substitution,0.0,4.044427397960815,Negative,1,cedar,3.1287,FLRQLPFRG,12.6538,FLRQLPFRG,True,0.18031091721689244
FLMRVMDISY,HLA-A0201,3.9258,0,7,0.0224,0.7823,3.9258,HLA-A*02:01,27198675,FLMRVMDI,FLMRVMDI,0,0,432.0,423.0,False,Conserved,-1,FLMRVDISY,4,FLM-RVMDI,-1,,FLM-RVMDI,0.0,FLMRVMDISY,FLMRVMDI,FLMRVMDI,Negative,10,8,8,8,8,10,"1,3,8",1.0,8,1.3862943611198906,substitution,0.0,1.0,Negative,1,cedar,13.0375,FLMRVMDIPY,21.6184,FLMRVDIPY,True,0.23148555583746214
FLMRVMDISYL,HLA-A0201,0.5126,0,7,0.1348,0.8838,0.2728,HLA-A*02:01,27198675,FLMRVMDISYL,FLMRVMDIPYL,0,0,433.0,423.0,False,Conserved,-1,FLMRDISYL,-1,FLMRDISYL,6,1.3862943611198906,FLMRDIPYL,0.04219099999999998,FLMRVMDISYL,FLMRVMDISYL,FLMRVMDIPYL,Negative,11,11,11,11,11,11,"1,3,8",0.957809,8,1.3862943611198906,substitution,0.0,0.5321888412017167,Negative,1,cedar,0.5126,FLMRVMDIPYL,0.2728,FLMRDIPYL,True,0.30156311834946264
FLPRPPLPPSV,HLA-A0201,0.1722,0,7,0.5548,0.4896,7.3683,HLA-A*02:01,27198675,FLPRPPLPPSV,FPPRPPLPPSV,0,0,260.0,250.0,True,Improved,-3,FLPPLPPSV,-3,FLPPLPPSV,1,1.3862943611198906,FPPPLPPSV,0.03249100000000005,FLPRPPLPPSV,FLPRPPLPPSV,FPPRPPLPPSV,Negative,11,11,11,11,11,11,"1,3,8",0.967509,1,1.3862943611198906,substitution,0.0,42.789198606271775,Negative,1,cedar,0.1722,FPPRPPLPPSV,7.3683,FPPPLPPSV,True,0.18848436187743878
FLQFRGNEV,HLA-A0201,0.4425,0,7,0.1362,0.8144,0.2352,HLA-A*02:01,"27198675,27198675,27198675,27198675",FLQFRGNEV,FLQSRGNEV,0,0,106.0,98.0,True,Conserved,-2,FLQFRGNEV,-2,FLQFRGNEV,3,0.6931471805599453,FLQSRGNEV,0.09321900000000005,FLQFRGNEV,FLQFRGNEV,FLQSRGNEV,Negative,9,9,9,9,9,9,"1,3,8",0.906781,3,0.6931471805599453,substitution,0.0,0.5315254237288135,"Negative,Negative,Negative,Negative",4,cedar,0.4425,FLQSRGNEV,0.2352,FLQSRGNEV,True,0.12019606419385381
FNQLIYELYV,HLA-A0201,1.314,0,7,0.3307,0.7028,2.5449,HLA-A*02:01,27198675,NQLIYELYV,NQLIYESYV,1,1,2403.0,2394.0,False,Conserved,-2,FQLIYELYV,-2,NQLIYELYV,6,0.6931471805599453,NQLIYESYV,0.06695099999999998,FNQLIYELYV,NQLIYELYV,NQLIYESYV,Negative,10,9,9,9,9,10,"1,3,8",0.933049,7,0.6931471805599453,substitution,0.0,1.93675799086758,Negative,1,cedar,4.5183,FNQLIYESYV,6.0262,FQLIYESYV,True,0.34524071909309606
FQANFSQTW,HLA-B1501,0.4088,0,7,0.052,0.4759,0.4908,HLA-B*15:01,27198675,FQANFSQTW,FQANFPQTW,0,0,284.0,276.0,False,Conserved,-1,FQANFSQTW,-1,FQANFSQTW,5,1.3862943611198906,FQANFPQTW,0.08914699999999998,FQANFSQTW,FQANFSQTW,FQANFPQTW,Negative,9,9,9,9,9,9,"1,8",0.910853,5,1.3862943611198906,substitution,0.0,1.200587084148728,Negative,1,cedar,0.4088,FQANFPQTW,0.4908,FQANFPQTW,True,0.09702725947298424
FSSSFPKPPSF,HLA-B1501,0.0741,0,7,0.837,0.4223,7.4949,HLA-B*15:01,27198675,SSFPKPPSF,SSFPKPPSS,2,2,270.0,260.0,True,Improved,-2,FSFPKPPSF,-2,SSFPKPPSF,8,0.6931471805599453,SSFPKPPSS,0.028279000000000054,FSSSFPKPPSF,SSFPKPPSF,SSFPKPPSS,Negative,11,9,9,9,9,11,"1,8",0.971721,10,0.6931471805599453,substitution,0.0,101.14574898785426,Negative,1,cedar,1.6943,FSSSFPKPPSS,37.25,FSFPKPPSS,True,0.07869992218589132
FTEPEVVFLQF,HLA-B3501,0.1451,0,7,0.8211,0.287,2.3723,HLA-B*35:01,27198675,EPEVVFLQF,FTEPEVVF,2,0,101.0,91.0,True,Improved,-2,FTEPEVLQF,-16,EPEVVFLQF,"0,1,3,4,5,6,7",1.9459101490553132,FTE-PEVVF,0.23177599999999998,FTEPEVVFLQF,EPEVVFLQF,FTEPEVVF,Negative,11,9,8,9,8,11,"1,8",0.768224,10,0.6931471805599453,substitution,0.0,16.349414197105443,Negative,1,cedar,1.4677,FTEPEVVFLQS,23.1034,FPEVVFLQS,True,0.18376227769062148
FVPPVSPPSY,HLA-B1501,0.2764,0,7,0.1658,0.4568,0.1984,HLA-B*15:01,27198675,FVPPVSPPSY,FVPPVPPPSY,0,0,151.0,142.0,False,Conserved,-1,FVPPVSPSY,-1,FVPPSPPSY,4,1.3862943611198906,FVPPPPPSY,0.06479800000000002,FVPPVSPPSY,FVPPVSPPSY,FVPPVPPPSY,Negative,10,10,10,10,10,10,"1,8",0.935202,5,1.3862943611198906,substitution,0.0,0.7178002894356006,Negative,1,cedar,0.2764,FVPPVPPPSY,0.1984,FVPPPPPSY,True,0.22243331145182
FVRTNSLVFR,HLA-A1101,1.479,0,7,0.1085,0.6629,1.479,HLA-A*11:01,"34270940,34270940",RTNSLVFR,RTNSLVFR,2,2,996.0,987.0,False,Conserved,-3,FVRNSLVFR,5,RTN-SLVFR,-1,,RTN-SLVFR,0.0,FVRTNSLVFR,RTNSLVFR,RTNSLVFR,Negative,10,8,8,8,8,10,"0,1,8",1.0,1,1.3862943611198906,substitution,0.0,1.0,"Negative,Negative",2,cedar,3.6124,FGRTNSLVFR,9.76,FGTNSLVFR,True,0.18257469685908045
FVSALCMFL,HLA-A0201,1.8977,0,7,0.0248,0.8227,1.3052,HLA-A*02:01,"25837513,25837513",FVSALCMFL,FVSALRMFL,0,0,785.0,777.0,False,Conserved,-3,FVSALCMFL,-3,FVSALCMFL,5,0.6931471805599453,FVSALRMFL,0.11594099999999996,FVSALCMFL,FVSALCMFL,FVSALRMFL,Negative,9,9,9,9,9,9,"1,3,8",0.884059,5,0.6931471805599453,substitution,0.0,0.6877799441429098,"Negative,Negative",2,cedar,1.8977,FVSALRMFL,1.3052,FVSALRMFL,True,0.36231978206349047
FYFSNMLEF,HLA-A2402,0.0133,0,7,0.0079,0.7354,0.0595,HLA-A*24:02,"34270940,34270940",FYFSNMLEF,FYFSNMLGF,0,0,528.0,520.0,False,Conserved,-2,FYFSNMLEF,-2,FYFSNMLEF,7,0.6931471805599453,FYFSNMLGF,0.05655500000000002,FYFSNMLEF,FYFSNMLEF,FYFSNMLGF,Negative,9,9,9,9,9,9,"1,8",0.943445,7,0.6931471805599453,substitution,0.0,4.473684210526316,"Negative,Negative",2,cedar,0.0133,FYFSNMLGF,0.0595,FYFSNMLGF,True,0.27714489877525833
FYFSNMLEFY,HLA-A2402,0.0133,0,7,0.0088,0.8622,0.0595,HLA-A*24:02,"34270940,34270940",FYFSNMLEF,FYFSNMLGF,0,0,529.0,520.0,False,Conserved,-2,FYFSNMLEY,-2,FYFSNMLEF,7,0.6931471805599453,FYFSNMLGF,0.05655500000000002,FYFSNMLEFY,FYFSNMLEF,FYFSNMLGF,Negative,10,9,9,9,9,10,"1,8",0.943445,7,0.6931471805599453,substitution,0.0,4.473684210526316,"Negative,Negative",2,cedar,0.9077,FYFSNMLGFY,1.8433,FYFSNMLGF,True,0.17216915176431027
GADGVGKSA,HLA-C0802,1.3067,1,7,2.6179,0.1495,12.6496,HLA-C*08:02,"32461371,32461371,32461371,32461371,32461371,32461371,32461371,32461371,32461371,32461371,32461371,32461371,32461371,32461371,32461371,32461371",GADGVGKSA,GAGGVGKSA,0,0,18.0,10.0,True,Improved,-1,GADGVGKSA,-1,GADGVGKSA,2,0.6931471805599453,GAGGVGKSA,0.06763399999999997,GADGVGKSA,GADGVGKSA,GAGGVGKSA,Positive,9,9,9,9,9,9,"1,2,8",0.932366,2,0.6931471805599453,substitution,0.875,9.680569373230275,"Positive_all,Positive_all,Positive_all,Positive_all,Positive_all,Positive_all,Positive_all,Positive_all,Positive_all,Negative,Positive_all,Positive_all,Positive_all,Positive_all,Negative,Positive_all",16,cedar,1.3067,GAGGVGKSA,12.6496,GAGGVGKSA,True,0.07092345298327632
GADGVGKSAL,HLA-C0802,0.171,1,7,0.1898,0.4305,5.394,HLA-C*08:02,"32461371,32461371,32461371,32461371,32461371,32461371,32461371,32461371,32461371,32461371",GADGVGKSAL,AGGVGKSAL,0,1,19.0,10.0,True,Improved,-1,GADGVGSAL,-9,GADGVGSAL,"0,1,2,3,4,5",2.8903717578961645,AGGVGKSAL,0.06817200000000001,GADGVGKSAL,GADGVGKSAL,AGGVGKSAL,Positive,10,10,9,10,9,10,"1,2,8",0.931828,2,0.6931471805599453,substitution,0.4,31.543859649122805,"Positive_all,Positive_all,Negative,Positive_all,Positive_all,Negative,Negative,Negative,Negative,Negative",10,cedar,0.171,GAGGVGKSAL,10.2595,GAGGVGSAL,True,0.07974021811491153
GASMTGIVY,HLA-B1501,0.4066,0,7,0.4628,0.4505,0.3845,HLA-B*15:01,27198675,GASMTGIVY,GASMTGIAY,0,0,524.0,516.0,False,Conserved,0,GASMTGIVY,0,GASMTGIVY,7,1.3862943611198906,GASMTGIAY,0.030752,GASMTGIVY,GASMTGIVY,GASMTGIAY,Negative,9,9,9,9,9,9,"1,8",0.969248,7,1.3862943611198906,substitution,0.0,0.9456468273487457,Negative,1,cedar,0.4066,GASMTGIAY,0.3845,GASMTGIAY,True,0.17639521095016195
GDFGLATEK,HLA-A1101,2.6997,0,7,5.152,0.2189,3.402,HLA-A*11:01,"34244308,34244308",GDFGLATEK,GDFGLATVK,0,0,493.0,485.0,False,Conserved,-2,GDFGLATEK,-2,GDFGLATEK,7,0.6931471805599453,GDFGLATVK,0.050794000000000006,GDFGLATEK,GDFGLATEK,GDFGLATVK,Negative,9,9,9,9,9,9,"0,1,8",0.949206,7,0.6931471805599453,substitution,0.0,1.2601400155572842,"Negative,Negative",2,cedar,2.6997,GDFGLATVK,3.402,GDFGLATVK,True,0.08971167587821374
GIPENSFNV,HLA-A0201,0.3659,0,7,0.331,0.5477,0.8871,HLA-A*02:01,33479501,GIPENSFNV,GIPGNSFNV,0,0,253.0,245.0,True,Conserved,-2,GIPENSFNV,-2,GIPENSFNV,3,0.6931471805599453,GIPGNSFNV,0.09758,GIPENSFNV,GIPENSFNV,GIPGNSFNV,Negative,9,9,9,9,9,9,"1,3,8",0.90242,3,0.6931471805599453,substitution,0.0,2.4244329051653457,Negative,1,cedar,0.3659,GIPGNSFNV,0.8871,GIPGNSFNV,True,0.08155545782045269
GLWRPAWRCV,HLA-A0201,1.2376,0,7,0.5527,0.7886,1.0437,HLA-A*02:01,31511069,GLWRPAWRC,GLWRPGWRCV,0,0,12.0,3.0,True,Conserved,0,GLWRPAWRV,-1,GLWRPAWRC,"5,8",1.3862943611198906,GLWRPGWRV,0.1169,GLWRPAWRCV,GLWRPAWRC,GLWRPGWRCV,Negative,10,9,10,9,10,10,"1,3,8",0.8831,5,1.3862943611198906,substitution,0.0,0.8433257918552036,Negative,1,cedar,1.3031,GLWRPGWRCV,1.0437,GLWRPGWRV,True,0.1931727439435939
GMAGQIPPL,HLA-A0201,0.0673,0,7,0.0565,0.849,0.0939,HLA-A*02:01,31511069,GMAGQIPPL,GMAGQVPPL,0,0,344.0,336.0,False,Conserved,3,GMAGQIPPL,3,GMAGQIPPL,5,1.0986122886681098,GMAGQVPPL,0.019148000000000054,GMAGQIPPL,GMAGQIPPL,GMAGQVPPL,Negative,9,9,9,9,9,9,"1,3,8",0.980852,5,1.0986122886681098,substitution,0.0,1.3952451708766715,Negative,1,cedar,0.0673,GMAGQVPPL,0.0939,GMAGQVPPL,True,0.21315202790667673
GMDCNREEYL,HLA-A0201,2.8769,0,7,2.4865,0.5279,1.7103,HLA-A*02:01,31511069,GMDCNREEYL,GMDCNGEEYL,0,0,122.0,113.0,False,Conserved,-2,GMDNREEYL,-2,GMDNREEYL,4,1.791759469228055,GMDNGEEYL,0.09879700000000002,GMDCNREEYL,GMDCNREEYL,GMDCNGEEYL,Negative,10,10,10,10,10,10,"1,3,8",0.901203,5,1.791759469228055,substitution,0.0,0.5944940734818728,Negative,1,cedar,2.8769,GMDCNGEEYL,1.7103,GMDNGEEYL,True,0.12354500833924725
GMMTTQQAGYV,HLA-A0201,1.9109,0,7,1.1391,0.7054,5.5072,HLA-A*02:01,31511069,GMMTTQQAGYV,GMMTTQQAGYM,0,0,333.0,323.0,True,Conserved,1,GMMTTQQYV,1,GMMTTQQYV,8,0.0,GMMTTQQYM,0.008245999999999976,GMMTTQQAGYV,GMMTTQQAGYV,GMMTTQQAGYM,Negative,11,11,11,11,11,11,"1,3,8",0.991754,10,0.0,substitution,0.0,2.8819927782720183,Negative,1,cedar,1.9109,GMMTTQQAGYM,5.5072,GMMTTQQYM,True,0.10678380785506188
GMNWRPILTI,HLA-A0201,2.0614,0,7,0.2697,0.3118,6.1569,HLA-A*02:01,33123756,GMNWRPILTI,GMNRRPILTI,0,0,254.0,245.0,False,Conserved,-3,GMWRPILTI,-4,GMWRPILTI,2,-1.0,GMNRPILTI,0.12050499999999997,GMNWRPILTI,GMNWRPILTI,GMNRRPILTI,Negative,10,10,10,10,10,10,"1,3,8",0.879495,3,0.6931471805599453,substitution,0.0,2.986756573202678,Negative,1,cedar,2.0614,GMNRRPILTI,6.1569,GMNRPILTI,True,0.14766326831037227
GPAPVGTLSF,HLA-B0702,0.0976,0,7,0.2383,0.6017,0.0855,HLA-B*07:02,33479501,GPAPVGTLSF,GPAPVGTPSF,0,0,2326.0,2317.0,False,Conserved,-3,GPAPVGTSF,6,GPAPVGTSF,-1,,GPAPVGTSF,0.06851499999999999,GPAPVGTLSF,GPAPVGTLSF,GPAPVGTPSF,Negative,10,10,10,10,10,10,"1,8",0.931485,7,1.3862943611198906,substitution,0.0,0.8760245901639344,Negative,1,cedar,0.0976,GPAPVGTPSF,0.0855,GPAPVGTSF,True,0.16930713561872981
GQWGFSHGA,HLA-B2705,3.0237,1,7,0.0897,0.3834,21.8421,HLA-B*27:05,"29643231,29643231,29643231",GQWGFSHGA,GPWGFSHGA,0,0,66.0,58.0,True,Conserved,-1,GQWGFSHGA,-1,GQWGFSHGA,1,0.6931471805599453,GPWGFSHGA,0.07650100000000004,GQWGFSHGA,GQWGFSHGA,GPWGFSHGA,Positive,9,9,9,9,9,9,"1,8",0.923499,1,0.6931471805599453,substitution,1.0,7.223633296954063,"Positive_all,Positive_all,Positive_all",3,cedar,3.0237,GPWGFSHGA,21.8421,GPWGFSHGA,True,0.12505867928051462
GRMRSLEAL,HLA-B3901,0.2547,0,7,0.0385,0.719,0.9933,HLA-B*39:01,"34244308,34244308",GRMRSLEAL,GRMRCLEAL,0,0,1487.0,1479.0,False,Improved,-1,GRMRSLEAL,-1,GRMRSLEAL,4,1.3862943611198906,GRMRCLEAL,0.09462899999999996,GRMRSLEAL,GRMRSLEAL,GRMRCLEAL,Negative,9,9,9,9,9,9,"1,8",0.905371,4,1.3862943611198906,substitution,0.0,3.899882214369847,"Negative,Negative",2,cedar,0.2547,GRMRCLEAL,0.9933,GRMRCLEAL,True,0.06254428815758903
GRTGAGKSFL,HLA-B2705,0.1854,0,7,1.2456,0.4228,0.8439,HLA-B*27:05,27869121,GRTGAGKSF,GRTGAGKSSL,0,0,1084.0,1075.0,True,Improved,-2,GRTGAGKSL,-2,GRTGAGKSF,"4,5,6,8",2.302585092994046,GRTGGKSSL,0.04151400000000005,GRTGAGKSFL,GRTGAGKSF,GRTGAGKSSL,Negative,10,9,10,9,10,10,"1,8",0.958486,8,0.6931471805599453,substitution,0.0,4.55177993527508,Negative,1,cedar,0.9716,GRTGAGKSSL,0.8439,GRTGGKSSL,True,0.05769910566819265
GSAPAVPEAF,HLA-B1501,1.1763,0,7,1.3739,0.3529,11.6469,HLA-B*15:01,27198675,GSAPAVPEAF,GSAPAVPEA,0,0,78.0,69.0,True,Improved,-2,GSAPAVPEF,-3,GSAPAVPAF,"7,8",0.6931471805599453,GSAPAVPEA,0.03373499999999996,GSAPAVPEAF,GSAPAVPEAF,GSAPAVPEA,Negative,10,10,9,10,9,10,"1,8",0.966265,9,0.6931471805599453,substitution,0.0,9.901300688599848,Negative,1,cedar,1.1763,GSAPAVPEAS,42.1429,GSAPAVPAS,True,0.08692457238666747
GSSFHALEEK,HLA-A1101,0.0373,0,7,0.2058,0.675,0.0763,HLA-A*11:01,27198675,SSFHALEEK,SSFYALEEK,1,1,545.0,536.0,False,Conserved,2,GSFHALEEK,2,SSFHALEEK,3,0.6931471805599453,SSFYALEEK,0.06674999999999998,GSSFHALEEK,SSFHALEEK,SSFYALEEK,Negative,10,9,9,9,9,10,"0,1,8",0.93325,4,0.6931471805599453,substitution,0.0,2.0455764075067027,Negative,1,cedar,0.4045,GSSFYALEEK,0.7352,GSFYALEEK,True,0.08783105271634438
GSVSFGTVY,HLA-C1403,2.4606,0,7,0.3401,0.5645,3.7812,HLA-C*14:03,"34244308,34244308",SVSFGTVY,SGSFGTVY,1,1,364.0,356.0,False,Conserved,-3,GSVSFGTVY,-3,SVS-FGTVY,1,1.3862943611198906,SGS-FGTVY,0.07390799999999997,GSVSFGTVY,SVSFGTVY,SGSFGTVY,Negative,9,8,8,8,8,9,"1,8",0.926092,2,1.3862943611198906,substitution,0.0,1.5366983662521336,"Negative,Negative",2,cedar,3.1269,GSGSFGTVY,5.2922,GSGSFGTVY,True,0.2120868702188676
GTCKNIVGSY,HLA-B1501,0.8551,0,7,0.1705,0.6192,0.9492,HLA-B*15:01,27198675,TCKNIVGSY,TCKNTVGSY,1,1,1955.0,1946.0,False,Conserved,-1,GTKNIVGSY,-1,TCKNIVGSY,4,1.0986122886681098,TCKNTVGSY,0.06732300000000002,GTCKNIVGSY,TCKNIVGSY,TCKNTVGSY,Negative,10,9,9,9,9,10,"1,8",0.932677,5,1.0986122886681098,substitution,0.0,1.1100456087007369,Negative,1,cedar,1.0344,GTCKNTVGSY,0.9536,GTKNTVGSY,True,0.1456231378096338
GTKPNPHVY,HLA-A0301,1.1917,0,7,0.5042,0.5227,1.4993,HLA-A*03:01,30556813,GTKPNPHVY,GTKPNPQVY,0,0,566.0,558.0,False,Conserved,0,GTKPNPHVY,0,GTKPNPHVY,6,1.3862943611198906,GTKPNPQVY,0.07269199999999998,GTKPNPHVY,GTKPNPHVY,GTKPNPQVY,Negative,9,9,9,9,9,9,"0,1,8",0.927308,6,1.3862943611198906,substitution,0.0,1.2581186540236637,Negative,1,cedar,1.1917,GTKPNPQVY,1.4993,GTKPNPQVY,True,0.10290788913546506
GTSSLIIYKN,HLA-A1101,0.0032,0,7,0.2252,0.6683,0.0034,HLA-A*11:01,"34270940,34270940",GTSSLIIYK,GTSSLFIYK,0,0,450.0,441.0,False,Conserved,0,GTSSLIIYK,0,GTSSLIIYK,5,0.6931471805599453,GTSSLFIYK,0.059527,GTSSLIIYK,GTSSLIIYK,GTSSLFIYK,Negative,10,9,9,9,9,10,"0,1,8",0.940473,5,0.6931471805599453,substitution,0.0,1.0625,"Negative,Negative",2,cedar,0.7012,GTSSLFIYKN,0.8486,GTSSLFIYK,True,0.13729417232759158
GTVQTGMDTSK,HLA-A1101,0.2656,0,7,1.143,0.4824,0.1965,HLA-A*11:01,"34270940,34270940",TVQTGMDTSK,TVQTGVDTSK,1,1,922.0,912.0,False,Conserved,1,GTVQTGMSK,1,TVQTGMTSK,5,0.0,TVQTGVTSK,0.04393199999999997,GTVQTGMDTSK,TVQTGMDTSK,TVQTGVDTSK,Negative,11,10,10,10,10,11,"0,1,8",0.956068,6,0.0,substitution,0.0,0.7398343373493976,"Negative,Negative",2,cedar,0.3183,GTVQTGVDTSK,0.3082,GTVQTGVSK,True,0.12843879385296386
HESRTNTAI,HLA-B4001,0.1422,1,7,0.1303,0.4661,0.6273,HLA-B*40:01,"26631611,26631611",HESRTNTAI,HESRTNTDI,0,0,84.0,76.0,False,Improved,-2,HESRTNTAI,-2,HESRTNTAI,7,0.6931471805599453,HESRTNTDI,0.045664999999999956,HESRTNTAI,HESRTNTAI,HESRTNTDI,Positive,9,9,9,9,9,9,"1,8",0.954335,7,0.6931471805599453,substitution,1.0,4.4113924050632916,"Positive_all,Positive_all",2,cedar,0.1422,HESRTNTDI,0.6273,HESRTNTDI,True,0.08935689207884803
HESRTNTAIL,HLA-B4001,0.1422,1,7,0.1601,0.6316,0.3137,HLA-B*40:01,"26631611,26631611,26631611",HESRTNTAI,HESRTNTDIL,0,0,85.0,76.0,True,Conserved,-2,HESRTNTAL,1,HESRTNTAI,"7,8",1.3862943611198906,HESRTNTIL,0.06371700000000002,HESRTNTAIL,HESRTNTAI,HESRTNTDIL,Positive,10,9,10,9,10,10,"1,8",0.936283,7,0.6931471805599453,substitution,0.6666666666666666,2.2060478199718707,"Positive_all,Positive_all,Negative",3,cedar,0.23,HESRTNTDIL,0.3137,HESRTNTIL,True,0.08684392882013313
HIVTYYPGK,HLA-A1101,0.9139,0,7,0.6884,0.5002,1.167,HLA-A*11:01,"34270940,34270940",HIVTYYPGK,HIVTYYSGK,0,0,264.0,256.0,False,Conserved,-1,HIVTYYPGK,-1,HIVTYYPGK,6,1.3862943611198906,HIVTYYSGK,0.07175100000000001,HIVTYYPGK,HIVTYYPGK,HIVTYYSGK,Negative,9,9,9,9,9,9,"0,1,8",0.928249,6,1.3862943611198906,substitution,0.0,1.2769449611554875,"Negative,Negative",2,cedar,0.9139,HIVTYYSGK,1.167,HIVTYYSGK,True,0.24029839592672422
HIVTYYPGKK,HLA-A1101,0.9139,0,7,1.1064,0.4332,1.167,HLA-A*11:01,"34270940,34270940",HIVTYYPGK,HIVTYYSGK,0,0,265.0,256.0,False,Conserved,-1,HIVTYPGKK,-1,HIVTYYPGK,6,1.3862943611198906,HIVTYYSGK,0.07175100000000001,HIVTYYPGKK,HIVTYYPGK,HIVTYYSGK,Negative,10,9,9,9,9,10,"0,1,8",0.928249,6,1.3862943611198906,substitution,0.0,1.2769449611554875,"Negative,Negative",2,cedar,3.2476,HIVTYYSGKK,3.7644,HIVTYYSKK,True,0.13365325909821132
HLGMSCHCK,HLA-A1101,3.4798,0,7,0.7222,0.4938,2.2211,HLA-A*11:01,"34270940,34270940",HLGMSCHCK,HLGMSCHSK,0,0,139.0,131.0,False,Conserved,-1,HLGMSCHCK,-1,HLGMSCHCK,7,1.3862943611198906,HLGMSCHSK,0.06692299999999995,HLGMSCHCK,HLGMSCHCK,HLGMSCHSK,Negative,9,9,9,9,9,9,"0,1,8",0.933077,7,1.3862943611198906,substitution,0.0,0.6382838094143342,"Negative,Negative",2,cedar,3.4798,HLGMSCHSK,2.2211,HLGMSCHSK,True,0.28071865449284533
HLLPYFCIIYM,HLA-A0201,1.2306,0,7,1.5828,0.5188,0.3396,HLA-A*02:01,31511069,HLLPYFCII,HLLPYFYII,0,0,159.0,149.0,False,Conserved,-2,HLLPYIIYM,-2,HLLPYFCII,6,0.6931471805599453,HLLPYFYII,0.11111099999999996,HLLPYFCIIYM,HLLPYFCII,HLLPYFYII,Negative,11,9,9,9,9,11,"1,3,8",0.888889,6,0.6931471805599453,substitution,0.0,0.27596294490492446,Negative,1,cedar,1.4949,HLLPYFYIIYM,1.51,HLLPYIIYM,True,0.4827732575583664
HLNGLLREV,HLA-A0201,0.1125,1,7,0.0743,0.8456,0.8579,HLA-A*02:01,"33123756,33123756",HLNGLLREV,HLNGLLREA,0,0,1676.0,1668.0,True,Improved,0,HLNGLLREV,0,HLNGLLREV,8,1.3862943611198906,HLNGLLREA,0.015688999999999953,HLNGLLREV,HLNGLLREV,HLNGLLREA,Positive,9,9,9,9,9,9,"1,3,8",0.984311,8,1.3862943611198906,substitution,0.5,7.6257777777777775,"Positive_all,Negative",2,cedar,0.1125,HLNGLLREA,0.8579,HLNGLLREA,True,0.26739264623018316
HPFMTDEEY,HLA-B3501,0.0037,1,7,0.01,0.8733,0.0084,HLA-B*35:01,31243155,HPFMTDEEY,HPLMTDEEY,0,0,115.0,107.0,False,Conserved,0,HPFMTDEEY,0,HPFMTDEEY,2,1.791759469228055,HPLMTDEEY,0.05440299999999998,HPFMTDEEY,HPFMTDEEY,HPLMTDEEY,Positive,9,9,9,9,9,9,"1,8",0.945597,2,1.791759469228055,substitution,1.0,2.27027027027027,Positive_all,1,cedar,0.0037,HPLMTDEEY,0.0084,HPLMTDEEY,True,0.3971579324192169
HPWLELSDVHL,HLA-B0702,1.2611,0,7,0.4576,0.2654,1.3999,HLA-B*07:02,31511069,HPWLELSDVHL,HPWLELSDV,0,0,235.0,225.0,True,Conserved,-2,HPWLEDVHL,0,HPWLELSHL,"7,8",2.0794415416798357,HPWLELSDV,0.05928500000000003,HPWLELSDVHL,HPWLELSDVHL,HPWLELSDV,Negative,11,11,9,11,9,11,"1,8",0.940715,10,1.3862943611198906,substitution,0.0,1.110062643723733,Negative,1,cedar,1.2611,HPWLELSDVHR,10.8712,HPWLSDVHR,True,0.16475118138075853
HQFHVHPLL,HLA-B4102,0.8744,0,7,0.0506,0.3711,23.3924,HLA-B*41:02,33479501,HQFHVHPLL,HRFHVHPKS,0,0,290.0,282.0,False,Improved,-3,HQFHVHPLL,-3,HQFHVHPLL,"1,7,8",1.3862943611198906,HRFHVHPKS,0.120081,HQFHVHPLL,HQFHVHPLL,HRFHVHPKS,Negative,9,9,9,9,9,9,"1,8",0.879919,"1,7,8",1.3862943611198906,substitution,0.0,26.752516010978958,Negative,1,cedar,0.8744,HRFHVHPKS,23.3924,HRFHVHPKS,True,0.446630466107138
HQMLLQTCQDF,HLA-B1501,1.6827,0,7,0.8113,0.5307,1.9397,HLA-B*15:01,27198675,MLLQTCQDF,HQMLLQTCRDF,2,0,48.0,38.0,True,Conserved,1,HQMLLQTCF,-12,MLLQTCQDF,"0,1,2,3,4,5,6,7",1.791759469228055,HQMLLQTCF,0.10149600000000003,HQMLLQTCQDF,MLLQTCQDF,HQMLLQTCRDF,Negative,11,9,11,9,11,11,"1,8",0.898504,8,0.6931471805599453,substitution,0.0,1.152730730373804,Negative,1,cedar,1.8812,HQMLLQTCRDF,1.9397,HQMLLQTCF,True,0.14105260905016842
IGDFGLATEK,HLA-A1101,2.6997,0,7,2.1876,0.374,3.402,HLA-A*11:01,"34244308,34244308",GDFGLATEK,GDFGLATVK,1,1,493.0,484.0,False,Conserved,-2,IGFGLATEK,-2,GDFGLATEK,7,0.6931471805599453,GDFGLATVK,0.050794000000000006,IGDFGLATEK,GDFGLATEK,GDFGLATVK,Negative,10,9,9,9,9,10,"0,1,8",0.949206,8,0.6931471805599453,substitution,0.0,1.2601400155572842,"Negative,Negative",2,cedar,2.918,IGDFGLATVK,3.4449,IGFGLATVK,True,0.1110245419025658
ILMHGLVSL,HLA-A0201,0.0209,1,7,0.023,0.9343,0.007,HLA-A*02:01,33479501,ILMHGLVSL,YLMHGLVSL,0,0,14.0,6.0,False,Conserved,-1,ILMHGLVSL,-1,ILMHGLVSL,0,-1.0,YLMHGLVSL,0.026865999999999945,ILMHGLVSL,ILMHGLVSL,YLMHGLVSL,Positive,9,9,9,9,9,9,"1,3,8",0.973134,0,-1.0,substitution,1.0,0.3349282296650718,Positive_all,1,cedar,0.0209,YLMHGLVSL,0.007,YLMHGLVSL,True,0.488131273498517
ILQDGFLYV,HLA-A0201,0.0086,1,7,0.0115,0.9479,0.025,HLA-A*02:01,"34696226,34696226,34696226,34696226",ILQDGFLYV,ILEDGFLYV,0,0,1365.0,1357.0,False,Conserved,2,ILQDGFLYV,2,ILQDGFLYV,2,0.6931471805599453,ILEDGFLYV,0.03934700000000002,ILQDGFLYV,ILQDGFLYV,ILEDGFLYV,Positive,9,9,9,9,9,9,"1,3,8",0.960653,2,0.6931471805599453,substitution,1.0,2.906976744186047,"Positive_all,Positive_all,Positive_all,Positive_all",4,cedar,0.0086,ILEDGFLYV,0.025,ILEDGFLYV,True,0.5237682680184054
IMAHCILDL,HLA-A0201,1.5186,0,7,0.3432,0.7091,3.5276,HLA-A*02:01,"25837513,25837513",IMAHCILDL,IIAHCILDL,0,0,71.0,63.0,True,Conserved,1,IMAHCILDL,1,IMAHCILDL,1,1.0986122886681098,IIAHCILDL,0.03148700000000004,IMAHCILDL,IMAHCILDL,IIAHCILDL,Negative,9,9,9,9,9,9,"1,3,8",0.968513,1,1.0986122886681098,substitution,0.0,2.3229290135651257,"Negative,Negative",2,cedar,1.5186,IIAHCILDL,3.5276,IIAHCILDL,True,0.2268690472375565
IPLENQDKF,HLA-B3501,0.0609,0,7,0.2384,0.5881,0.0604,HLA-B*35:01,27198675,IPLENQDKF,IPLENHDKF,0,0,1044.0,1036.0,False,Conserved,0,IPLENQDKF,0,IPLENQDKF,5,1.3862943611198906,IPLENHDKF,0.08196999999999999,IPLENQDKF,IPLENQDKF,IPLENHDKF,Negative,9,9,9,9,9,9,"1,8",0.91803,5,1.3862943611198906,substitution,0.0,0.9917898193760263,Negative,1,cedar,0.0609,IPLENHDKF,0.0604,IPLENHDKF,True,0.2590624448321539
IQINSHCFVV,HLA-A0201,2.7849,0,7,0.0513,0.4169,3.0069,HLA-A*02:01,31511069,IQINSHCFV,IQINAHCFV,0,0,478.0,469.0,False,Conserved,1,IQINSHFVV,1,IQINSHCFV,4,1.3862943611198906,IQINAHCFV,0.04378499999999996,IQINSHCFVV,IQINSHCFV,IQINAHCFV,Negative,10,9,9,9,9,10,"1,3,8",0.956215,4,1.3862943611198906,substitution,0.0,1.0797156091780675,Negative,1,cedar,8.9971,IQINAHCFVV,9.5515,IQINAHFVV,True,0.2526611070853653
ISHIVTYYPGK,HLA-A1101,0.9139,0,7,0.8376,0.5269,1.167,HLA-A*11:01,"34270940,34270940",HIVTYYPGK,HIVTYYSGK,2,2,264.0,254.0,False,Conserved,-1,ISHIVTYYK,-1,HIVTYYPGK,6,1.3862943611198906,HIVTYYSGK,0.07175100000000001,ISHIVTYYPGK,HIVTYYPGK,HIVTYYSGK,Negative,11,9,9,9,9,11,"0,1,8",0.928249,8,1.3862943611198906,substitution,0.0,1.2769449611554875,"Negative,Negative",2,cedar,2.7866,ISHIVTYYSGK,2.7229,ISHIVTYYK,True,0.23822407663148834
ITDFGRAKL,HLA-C0401,0.2349,0,7,0.0337,0.617,0.1747,HLA-C*04:01,"34244308,34244308",ITDFGRAKL,ITDFGLAKL,0,0,861.0,853.0,False,Conserved,-2,ITDFGRAKL,-2,ITDFGRAKL,5,1.3862943611198906,ITDFGLAKL,0.08694100000000005,ITDFGRAKL,ITDFGRAKL,ITDFGLAKL,Negative,9,9,9,9,9,9,"1,2,8",0.913059,5,1.3862943611198906,substitution,0.0,0.7437207322264794,"Negative,Negative",2,cedar,0.2349,ITDFGLAKL,0.1747,ITDFGLAKL,True,0.1597684738752802
ITDFGRAKL,HLA-C0102,0.3352,1,7,0.0337,0.617,0.477,HLA-C*01:02,"34244308,34244308",ITDFGRAKL,ITDFGLAKL,0,0,861.0,853.0,False,Conserved,-2,ITDFGRAKL,-2,ITDFGRAKL,5,1.3862943611198906,ITDFGLAKL,0.08694100000000005,ITDFGRAKL,ITDFGRAKL,ITDFGLAKL,Positive,9,9,9,9,9,9,"1,2,8",0.913059,5,1.3862943611198906,substitution,0.5,1.4230310262529833,"Positive_all,Negative",2,cedar,0.3352,ITDFGLAKL,0.477,ITDFGLAKL,True,0.16234148532275341
IVTYYPGKK,HLA-A1101,1.1748,0,7,0.7164,0.4947,1.4783,HLA-A*11:01,"34270940,34270940",IVTYYPGKK,IVTYYSGKK,0,0,265.0,257.0,False,Conserved,-1,IVTYYPGKK,-1,IVTYYPGKK,5,1.3862943611198906,IVTYYSGKK,0.08188200000000001,IVTYYPGKK,IVTYYPGKK,IVTYYSGKK,Negative,9,9,9,9,9,9,"0,1,8",0.918118,5,1.3862943611198906,substitution,0.0,1.258341845420497,"Negative,Negative",2,cedar,1.1748,IVTYYSGKK,1.4783,IVTYYSGKK,True,0.16024592671366714
IYIGVSVPI,HLA-A2402,0.2344,0,7,0.0635,0.694,9.5382,HLA-A*24:02,30880120,IYIGVSVPI,ISIGVSVPI,0,0,189.0,181.0,True,Improved,-2,IYIGVSVPI,-2,IYIGVSVPI,1,0.6931471805599453,ISIGVSVPI,0.049560999999999966,IYIGVSVPI,IYIGVSVPI,ISIGVSVPI,Negative,9,9,9,9,9,9,"1,8",0.950439,1,0.6931471805599453,substitution,0.0,40.6919795221843,Negative,1,cedar,0.2344,ISIGVSVPI,9.5382,ISIGVSVPI,True,0.29437208680639687
KADAKALLHI,HLA-C0501,0.1071,0,7,0.3686,0.3858,0.0778,HLA-C*05:01,24323902,KADAKALL,KADAKPLL,0,0,159.0,150.0,False,Conserved,-1,KADAKALHI,-1,KADAKAL-L,5,1.3862943611198906,KADAKPL-L,0.07715700000000003,KADAKALLHI,KADAKALL,KADAKPLL,Negative,10,8,8,8,8,10,"1,2,8",0.922843,5,1.3862943611198906,substitution,0.0,0.7264239028944911,Negative,1,cedar,0.8848,KADAKPLLHI,0.4946,KADAKPLHI,True,0.13237043500210793
KIPCESPPLQV,HLA-A0201,1.371,0,7,5.0835,0.2307,1.5088,HLA-A*02:01,31511069,KIPCESPPLQV,KIPCESPPLEV,0,0,2354.0,2344.0,False,Conserved,2,KIPSPPLQV,2,KIPSPPLQV,7,0.6931471805599453,KIPSPPLEV,0.015541000000000027,KIPCESPPLQV,KIPCESPPLQV,KIPCESPPLEV,Negative,11,11,11,11,11,11,"1,3,8",0.984459,9,0.6931471805599453,substitution,0.0,1.100510576221736,Negative,1,cedar,1.371,KIPCESPPLEV,1.5088,KIPSPPLEV,True,0.12526731004787273
KITDFGRAK,HLA-A1101,0.2434,1,7,0.2855,0.6045,0.04,HLA-A*11:01,"28123873,28123873,28123873,34244308,34244308,34244308,34244308,34244308",KITDFGRAK,KITDFGLAK,0,0,860.0,852.0,False,Conserved,-2,KITDFGRAK,-2,KITDFGRAK,6,1.3862943611198906,KITDFGLAK,0.07671099999999997,KITDFGRAK,KITDFGRAK,KITDFGLAK,Positive,9,9,9,9,9,9,"0,1,8",0.923289,6,1.3862943611198906,substitution,0.75,0.16433853738701726,"Positive_all,Negative,Negative,Positive_all,Positive_all,Positive_all,Positive_all,Positive_all",8,cedar,0.2434,KITDFGLAK,0.04,KITDFGLAK,True,0.10343381634590759
KLAAHLRRK,HLA-A1101,0.6673,0,7,0.0183,0.7927,2.1078,HLA-A*11:01,27198675,KLAAHLRRK,ELAAHLRRK,0,0,1325.0,1317.0,True,Improved,1,KLAAHLRRK,1,KLAAHLRRK,0,0.6931471805599453,ELAAHLRRK,0.014507000000000048,KLAAHLRRK,KLAAHLRRK,ELAAHLRRK,Negative,9,9,9,9,9,9,"0,1,8",0.985493,0,0.6931471805599453,substitution,0.0,3.1586992357260604,Negative,1,cedar,0.6673,ELAAHLRRK,2.1078,ELAAHLRRK,True,0.12572794708584564
KLDPRLAQL,HLA-A0201,0.0107,0,7,0.2178,0.8596,0.0276,HLA-A*02:01,31511069,KLDPRLAQL,KLDPRLARL,0,0,170.0,162.0,False,Conserved,1,KLDPRLAQL,1,KLDPRLAQL,7,0.6931471805599453,KLDPRLARL,0.036188,KLDPRLAQL,KLDPRLAQL,KLDPRLARL,Negative,9,9,9,9,9,9,"1,3,8",0.963812,7,0.6931471805599453,substitution,0.0,2.579439252336449,Negative,1,cedar,0.0107,KLDPRLARL,0.0276,KLDPRLARL,True,0.25290848662249416
KLKRFNLSA,HLA-A3001,0.2172,0,7,0.057,0.7475,0.1233,HLA-A*30:01,29895573,KLKRFNLSA,KLKSFNLSA,0,0,137.0,129.0,False,Conserved,-1,KLKRFNLSA,-1,KLKRFNLSA,3,1.791759469228055,KLKSFNLSA,0.06676899999999997,KLKRFNLSA,KLKRFNLSA,KLKSFNLSA,Negative,9,9,9,9,9,9,"0,1,2,8",0.933231,3,1.791759469228055,substitution,0.0,0.5676795580110497,Negative,1,cedar,0.2172,KLKSFNLSA,0.1233,KLKSFNLSA,True,0.12119983205157123
KLSRFSLAR,HLA-A1101,0.7331,0,7,0.0371,0.73,0.4845,HLA-A*11:01,27198675,KLSRFSLAR,KLSRFPLAR,0,0,416.0,408.0,False,Conserved,-1,KLSRFSLAR,-1,KLSRFSLAR,5,1.3862943611198906,KLSRFPLAR,0.080623,KLSRFSLAR,KLSRFSLAR,KLSRFPLAR,Negative,9,9,9,9,9,9,"0,1,8",0.919377,5,1.3862943611198906,substitution,0.0,0.6608921020324648,Negative,1,cedar,0.7331,KLSRFPLAR,0.4845,KLSRFPLAR,True,0.0787350888206295
KLTRRPIFI,HLA-A0201,1.2798,0,7,0.9248,0.2286,6.8776,HLA-A*02:01,31511069,KLTRRPIFI,ELTRRPIFI,0,0,259.0,251.0,False,Improved,1,KLTRRPIFI,1,KLTRRPIFI,0,0.6931471805599453,ELTRRPIFI,0.01599600000000001,KLTRRPIFI,KLTRRPIFI,ELTRRPIFI,Negative,9,9,9,9,9,9,"1,3,8",0.984004,0,0.6931471805599453,substitution,0.0,5.373964681981559,Negative,1,cedar,1.2798,ELTRRPIFI,6.8776,ELTRRPIFI,True,0.15668802131100815
KLVFGSVFL,HLA-A0201,0.2599,1,7,0.1981,0.8652,0.2145,HLA-A*02:01,"31775766,31775766",KLVFGSVFL,KLVFGSVSL,0,0,723.0,715.0,False,Conserved,-2,KLVFGSVFL,-2,KLVFGSVFL,7,0.6931471805599453,KLVFGSVSL,0.053232999999999975,KLVFGSVFL,KLVFGSVFL,KLVFGSVSL,Positive,9,9,9,9,9,9,"1,3,8",0.946767,7,0.6931471805599453,substitution,0.5,0.8253174297806848,"Positive_all,Negative",2,cedar,0.2599,KLVFGSVSL,0.2145,KLVFGSVSL,True,0.30544000110917807
KMEKKTCAL,HLA-B0702,2.0857,0,7,0.3712,0.4826,1.8315,HLA-B*07:02,27198675,KMEKKTCAL,KMEKRTCAL,0,0,47.0,39.0,False,Conserved,2,KMEKKTCAL,2,KMEKKTCAL,4,0.6931471805599453,KMEKRTCAL,0.03947500000000004,KMEKKTCAL,KMEKKTCAL,KMEKRTCAL,Negative,9,9,9,9,9,9,"1,8",0.960525,4,0.6931471805599453,substitution,0.0,0.8781224528935129,Negative,1,cedar,2.0857,KMEKRTCAL,1.8315,KMEKRTCAL,True,0.09601312553982508
KQIIHILSK,HLA-A0301,0.0467,0,7,0.1245,0.7009,0.0687,HLA-A*03:01,31511069,KQIIHILSK,KQIIRILSK,0,0,2273.0,2265.0,False,Conserved,0,KQIIHILSK,0,KQIIHILSK,4,0.6931471805599453,KQIIRILSK,0.08020300000000002,KQIIHILSK,KQIIHILSK,KQIIRILSK,Negative,9,9,9,9,9,9,"0,1,8",0.919797,4,0.6931471805599453,substitution,0.0,1.4710920770877944,Negative,1,cedar,0.0467,KQIIRILSK,0.0687,KQIIRILSK,True,0.3640040836176309
KQPEGLWPPL,HLA-A0201,1.4377,0,7,0.1642,0.6167,5.0904,HLA-A*02:01,31511069,KQPEGLWPPL,EQPEGLWPPL,0,0,822.0,813.0,False,Improved,1,KQPEGLWPL,1,KQPEGLWPL,0,0.6931471805599453,EQPEGLWPL,0.013341999999999965,KQPEGLWPPL,KQPEGLWPPL,EQPEGLWPPL,Negative,10,10,10,10,10,10,"1,3,8",0.986658,0,0.6931471805599453,substitution,0.0,3.5406552131877302,Negative,1,cedar,1.4377,EQPEGLWPPL,5.0904,EQPEGLWPL,True,0.10627616036294416
KTSDVNSLV,HLA-A0201,0.9484,0,7,0.023,0.6745,0.6362,HLA-A*02:01,27198675,KTSDVNSLV,KTSDVNSSV,0,0,447.0,439.0,False,Conserved,-2,KTSDVNSLV,-2,KTSDVNSLV,7,0.6931471805599453,KTSDVNSSV,0.04166800000000004,KTSDVNSLV,KTSDVNSLV,KTSDVNSSV,Negative,9,9,9,9,9,9,"1,3,8",0.958332,7,0.6931471805599453,substitution,0.0,0.6708140025305778,Negative,1,cedar,0.9484,KTSDVNSSV,0.6362,KTSDVNSSV,True,0.09030163065767824
KVFKLGNKV,HLA-A6802,0.9663,0,7,0.2606,0.3137,0.0154,HLA-A*68:02,30556813,KVFKLGNKV,EVFKLGNKV,0,0,1031.0,1023.0,True,Conserved,1,KVFKLGNKV,1,KVFKLGNKV,0,0.6931471805599453,EVFKLGNKV,0.016476999999999964,KVFKLGNKV,KVFKLGNKV,EVFKLGNKV,Negative,9,9,9,9,9,9,"0,1,8",0.983523,0,0.6931471805599453,substitution,0.0,0.01593707958191038,Negative,1,cedar,0.9663,EVFKLGNKV,0.0154,EVFKLGNKV,True,0.15994774804031156
LADLAGFKELF,HLA-B3501,1.6967,0,7,0.6125,0.3224,1.6967,HLA-B*35:01,27198675,DLAGFKELF,DLAGFKELF,2,2,1109.0,1099.0,False,Conserved,-1,LADLAGELF,6,DLAGFKELF,-1,,DLAGFKELF,0.0,LADLAGFKELF,DLAGFKELF,DLAGFKELF,Negative,11,9,9,9,9,11,"1,8",1.0,1,0.6931471805599453,substitution,0.0,1.0,Negative,1,cedar,6.4195,LEDLAGFKELF,12.5305,LEDLAGELF,True,0.14224059222036448
LELKAVHAY,HLA-B1801,0.0054,0,7,0.0096,0.7894,0.0151,HLA-B*18:01,30556813,LELKAVHAY,LELKAVPAY,0,0,165.0,157.0,False,Conserved,-2,LELKAVHAY,-2,LELKAVHAY,6,0.6931471805599453,LELKAVPAY,0.09376899999999999,LELKAVHAY,LELKAVHAY,LELKAVPAY,Negative,9,9,9,9,9,9,"1,8",0.906231,6,0.6931471805599453,substitution,0.0,2.7962962962962963,Negative,1,cedar,0.0054,LELKAVPAY,0.0151,LELKAVPAY,True,0.4376598727052618
LFGASMTGIVY,HLA-B1501,0.4066,0,7,0.8719,0.4566,0.3845,HLA-B*15:01,27198675,GASMTGIVY,GASMTGIAY,2,2,524.0,514.0,False,Conserved,0,LFSMTGIVY,0,GASMTGIVY,7,1.3862943611198906,GASMTGIAY,0.030752,LFGASMTGIVY,GASMTGIVY,GASMTGIAY,Negative,11,9,9,9,9,11,"1,8",0.969248,9,1.3862943611198906,substitution,0.0,0.9456468273487457,Negative,1,cedar,4.8103,LFGASMTGIAY,4.3441,LASMTGIAY,True,0.13529803991562475
LFGVCIYSF,HLA-B1501,20.4536,1,7,0.361,0.505,20.1546,HLA-B*15:01,31243155,LFGVCIYSF,LFGVCVYSF,0,0,284.0,276.0,False,Conserved,3,LFGVCIYSF,3,LFGVCIYSF,5,1.0986122886681098,LFGVCVYSF,0.01971999999999996,LFGVCIYSF,LFGVCIYSF,LFGVCVYSF,Positive,9,9,9,9,9,9,"1,8",0.98028,5,1.0986122886681098,substitution,1.0,0.985381546524817,Positive_all,1,cedar,20.4536,LFGVCVYSF,20.1546,LFGVCVYSF,True,0.34037473768573423
LIYELYVSEL,HLA-A0201,2.2018,0,7,1.2586,0.6915,1.8319,HLA-A*02:01,27198675,LIYELYVSEL,LIYESYVSEL,0,0,2406.0,2397.0,False,Conserved,-2,LIYEYVSEL,-2,LIYEYVSEL,4,0.6931471805599453,LIYESVSEL,0.06652800000000003,LIYELYVSEL,LIYELYVSEL,LIYESYVSEL,Negative,10,10,10,10,10,10,"1,3,8",0.933472,4,0.6931471805599453,substitution,0.0,0.8320010900172586,Negative,1,cedar,2.2018,LIYESYVSEL,1.8319,LIYESVSEL,True,0.19813152132754264
LLAELYCRA,HLA-A0201,0.9089,0,7,0.1311,0.8167,16.43,HLA-A*02:01,31511069,LLAELYCRA,LSAELYCRA,0,0,87.0,79.0,True,Improved,-2,LLAELYCRA,-2,LLAELYCRA,1,0.6931471805599453,LSAELYCRA,0.04819200000000001,LLAELYCRA,LLAELYCRA,LSAELYCRA,Negative,9,9,9,9,9,9,"1,3,8",0.951808,1,0.6931471805599453,substitution,0.0,18.076796127186707,Negative,1,cedar,0.9089,LSAELYCRA,16.43,LSAELYCRA,True,0.18184137775098835
LLEPHQVGL,HLA-A0201,0.1504,0,7,0.6923,0.6945,0.1376,HLA-A*02:01,31511069,LLEPHQVGL,VLEPHQVGL,0,0,12.0,4.0,False,Conserved,1,LLEPHQVGL,1,LLEPHQVGL,0,1.791759469228055,VLEPHQVGL,0.013328000000000007,LLEPHQVGL,LLEPHQVGL,VLEPHQVGL,Negative,9,9,9,9,9,9,"1,3,8",0.986672,0,1.791759469228055,substitution,0.0,0.9148936170212766,Negative,1,cedar,0.1504,VLEPHQVGL,0.1376,VLEPHQVGL,True,0.16144430912859356
LLHTELERF,HLA-B1501,0.3164,0,7,0.7429,0.5415,26.2927,HLA-B*15:01,33479501,LLHTELERF,LLHTELERS,0,0,199.0,191.0,True,Improved,-2,LLHTELERF,-2,LLHTELERF,8,0.6931471805599453,LLHTELERS,0.02777799999999997,LLHTELERF,LLHTELERF,LLHTELERS,Negative,9,9,9,9,9,9,"1,8",0.972222,8,0.6931471805599453,substitution,0.0,83.09955752212389,Negative,1,cedar,0.3164,LLHTELERS,26.2927,LLHTELERS,True,0.24889501993848764
LLQICERIPTI,HLA-A0201,1.1714,0,7,2.6298,0.5699,1.446,HLA-A*02:01,27198675,QICERIPTI,QVCERIPTI,2,2,1059.0,1049.0,True,Conserved,3,LLQERIPTI,3,QICERIPTI,1,1.0986122886681098,QVCERIPTI,0.013013000000000052,LLQICERIPTI,QICERIPTI,QVCERIPTI,Negative,11,9,9,9,9,11,"1,3,8",0.986987,3,1.0986122886681098,substitution,0.0,1.2344203517158954,Negative,1,cedar,1.9534,LLQVCERIPTI,1.9527,LLQERIPTI,True,0.18455211418107245
LMLEYQKILWK,HLA-A1101,2.304,1,7,0.3288,0.59,2.3837,HLA-A*11:01,32226429,MLEYQKILWK,MLKYQKILWK,1,1,578.0,568.0,False,Conserved,1,LMYQKILWK,5,MLYQKILWK,-1,,MLYQKILWK,0.035229999999999984,LMLEYQKILWK,MLEYQKILWK,MLKYQKILWK,Positive,11,10,10,10,10,11,"0,1,8",0.96477,3,0.6931471805599453,substitution,1.0,1.034592013888889,Positive_all,1,cedar,5.1172,LMLKYQKILWK,5.4139,LMYQKILWK,True,0.2711061758526376
LMRVMDISYL,HLA-A0201,3.4085,0,7,1.6705,0.3817,1.2114,HLA-A*02:01,27198675,RVMDISYL,RVMDIPYL,2,2,433.0,424.0,False,Conserved,-1,LRVMDISYL,-1,RVMD-ISYL,6,1.3862943611198906,RVMD-IPYL,0.08872899999999995,LMRVMDISYL,RVMDISYL,RVMDIPYL,Negative,10,8,8,8,8,10,"1,3,8",0.911271,7,1.3862943611198906,substitution,0.0,0.3554056036379639,Negative,1,cedar,6.3497,LMRVMDIPYL,3.4876,LMVMDIPYL,True,0.18769883880668373
LPATGWTKS,HLA-B0702,3.6306,0,7,0.597,0.4113,2.6072,HLA-B*07:02,27198675,LPATGWTKS,LPATGWTES,0,0,147.0,139.0,False,Conserved,1,LPATGWTKS,1,LPATGWTKS,7,0.6931471805599453,LPATGWTES,0.03589399999999998,LPATGWTKS,LPATGWTKS,LPATGWTES,Negative,9,9,9,9,9,9,"1,8",0.964106,7,0.6931471805599453,substitution,0.0,0.7181182173745387,Negative,1,cedar,3.6306,LPATGWTES,2.6072,LPATGWTES,True,0.06755047381790714
LPATGWTKSM,HLA-B0702,0.2232,0,7,0.0926,0.7048,0.3252,HLA-B*07:02,27198675,LPATGWTKSM,LPATGWTESM,0,0,148.0,139.0,True,Conserved,1,LPATGTKSM,-3,LPATGTKSM,"5,6",0.6931471805599453,LPATGWTSM,0.03870700000000005,LPATGWTKSM,LPATGWTKSM,LPATGWTESM,Negative,10,10,10,10,10,10,"1,8",0.961293,7,0.6931471805599453,substitution,0.0,1.4569892473118278,Negative,1,cedar,0.2232,LPATGWTESM,0.3252,LPATGWTSM,True,0.09221286450169272
LPMETPLVI,HLA-B3501,0.1328,0,7,0.0067,0.6956,0.1176,HLA-B*35:01,24323902,LPMETPLVI,LPMETPLVV,0,0,384.0,376.0,True,Conserved,3,LPMETPLVI,3,LPMETPLVI,8,1.0986122886681098,LPMETPLVV,0.005318000000000045,LPMETPLVI,LPMETPLVI,LPMETPLVV,Negative,9,9,9,9,9,9,"1,8",0.994682,8,1.0986122886681098,substitution,0.0,0.8855421686746987,Negative,1,cedar,0.1328,LPMETPLVV,0.1176,LPMETPLVV,True,0.29679379285133334
LPNEYAFVT,HLA-B3501,0.9226,1,7,0.0784,0.6736,1.2805,HLA-B*35:01,33479501,LPNEYAFVT,LPDEYAFVT,0,0,297.0,289.0,False,Conserved,1,LPNEYAFVT,1,LPNEYAFVT,2,0.6931471805599453,LPDEYAFVT,0.054530999999999996,LPNEYAFVT,LPNEYAFVT,LPDEYAFVT,Positive,9,9,9,9,9,9,"1,8",0.945469,2,0.6931471805599453,substitution,1.0,1.3879254281378712,Positive_all,1,cedar,0.9226,LPDEYAFVT,1.2805,LPDEYAFVT,True,0.13777626959455433
LPNEYAFVTT,HLA-B3501,0.9226,1,7,0.1626,0.5961,1.2805,HLA-B*35:01,33479501,LPNEYAFVT,LPDEYAFVT,0,0,298.0,289.0,False,Conserved,1,LPNEAFVTT,1,LPNEYAFVT,2,0.6931471805599453,LPDEYAFVT,0.054530999999999996,LPNEYAFVTT,LPNEYAFVT,LPDEYAFVT,Positive,10,9,9,9,9,10,"1,8",0.945469,2,0.6931471805599453,substitution,1.0,1.3879254281378712,Positive_all,1,cedar,4.5214,LPDEYAFVTT,4.3931,LPDEAFVTT,True,0.13607539232095367
LRMRGTIFR,HLA-B2705,0.23,0,7,0.0476,0.7071,0.131,HLA-B*27:05,33479501,LRMRGTIFR,LRMRGTISR,0,0,191.0,183.0,False,Conserved,-2,LRMRGTIFR,-2,LRMRGTIFR,7,0.6931471805599453,LRMRGTISR,0.05658799999999997,LRMRGTIFR,LRMRGTIFR,LRMRGTISR,Negative,9,9,9,9,9,9,"1,8",0.943412,7,0.6931471805599453,substitution,0.0,0.5695652173913044,Negative,1,cedar,0.23,LRMRGTISR,0.131,LRMRGTISR,True,0.2784746473363927
LSDSRPRHL,HLA-C0501,0.0507,0,7,0.3202,0.4663,0.1743,HLA-C*05:01,30906654,LSDSRPRHL,LGDSRPRHL,0,0,12.0,4.0,True,Conserved,0,LSDSRPRHL,0,LSDSRPRHL,1,0.6931471805599453,LGDSRPRHL,0.04131399999999996,LSDSRPRHL,LSDSRPRHL,LGDSRPRHL,Negative,9,9,9,9,9,9,"1,2,8",0.958686,1,0.6931471805599453,substitution,0.0,3.437869822485207,Negative,1,cedar,0.0507,LGDSRPRHL,0.1743,LGDSRPRHL,True,0.12889671181832635
LTFNQCYGV,HLA-A0201,2.6399,1,7,0.0532,0.7434,30.4545,HLA-A*02:01,"35193931,35193931",LTFNQCYGV,LKFNQCYGV,0,0,289.0,281.0,True,Conserved,-1,LTFNQCYGV,-1,LTFNQCYGV,1,0.6931471805599453,LKFNQCYGV,0.04864299999999999,LTFNQCYGV,LTFNQCYGV,LKFNQCYGV,Positive,9,9,9,9,9,9,"1,3,8",0.951357,1,0.6931471805599453,substitution,0.5,11.536232433046706,"Positive_all,Negative",2,cedar,2.6399,LKFNQCYGV,30.4545,LKFNQCYGV,True,0.2220540519292377
LTHNAVCPI,HLA-A0201,17.7548,0,7,0.418,0.5548,73.75,HLA-A*02:01,27198675,LTHNAVCPI,LTHNAVCP,0,0,2431.0,2423.0,True,Conserved,-3,LTHNAVCPI,-17,LTHNAVCPI,"0,1,2,3,4,5,6,7,8",1.0986122886681098,-LTHNAVCP,0.060099000000000014,LTHNAVCPI,LTHNAVCPI,LTHNAVCP,Negative,9,9,8,9,8,9,"1,3,8",0.939901,8,0.6931471805599453,substitution,0.0,4.1538062946358165,Negative,1,cedar,17.7548,LTHNAVCPN,78.3333,LTHNAVCPN,True,0.18132374242036262
LTLSGFFLR,HLA-A1101,0.3128,0,7,0.0356,0.8079,0.4886,HLA-A*11:01,27198675,LTLSGFFLR,LTLSGFSLR,0,0,483.0,475.0,False,Conserved,-2,LTLSGFFLR,-2,LTLSGFFLR,6,0.6931471805599453,LTLSGFSLR,0.07771899999999998,LTLSGFFLR,LTLSGFFLR,LTLSGFSLR,Negative,9,9,9,9,9,9,"0,1,8",0.922281,6,0.6931471805599453,substitution,0.0,1.562020460358056,Negative,1,cedar,0.3128,LTLSGFSLR,0.4886,LTLSGFSLR,True,0.36961629976529814
LTPKWSEKYSK,HLA-A1101,1.5117,0,7,1.7877,0.4106,1.5367,HLA-A*11:01,27198675,LTPKWSEKYSK,LTRKWSEKYSK,0,0,448.0,438.0,False,Conserved,-2,LTWSEKYSK,5,LTWSEKYSK,-1,,LTWSEKYSK,0.05673499999999998,LTPKWSEKYSK,LTPKWSEKYSK,LTRKWSEKYSK,Negative,11,11,11,11,11,11,"0,1,8",0.943265,2,1.3862943611198906,substitution,0.0,1.0165376728186808,Negative,1,cedar,1.5117,LTRKWSEKYSK,1.5367,LTWSEKYSK,True,0.05383723543502766
LTSLSGIAHK,HLA-A1101,0.0387,0,7,0.2366,0.6643,0.0192,HLA-A*11:01,27198675,TSLSGIAHK,TSLSGIAQK,1,1,143.0,134.0,False,Conserved,0,LTLSGIAHK,0,TSLSGIAHK,7,1.3862943611198906,TSLSGIAQK,0.046174999999999966,LTSLSGIAHK,TSLSGIAHK,TSLSGIAQK,Negative,10,9,9,9,9,10,"0,1,8",0.953825,8,1.3862943611198906,substitution,0.0,0.49612403100775193,Negative,1,cedar,0.3417,LTSLSGIAQK,0.2447,LTLSGIAQK,True,0.11107645599886465
LVNSLSLEF,HLA-A2402,1.5457,0,7,0.0984,0.7202,1.6393,HLA-A*24:02,27198675,LVNSLSLEF,PVNSLSLEF,0,0,74.0,66.0,False,Conserved,-3,LVNSLSLEF,-3,LVNSLSLEF,0,1.3862943611198906,PVNSLSLEF,0.02962100000000001,LVNSLSLEF,LVNSLSLEF,PVNSLSLEF,Negative,9,9,9,9,9,9,"1,8",0.970379,0,1.3862943611198906,substitution,0.0,1.0605550883095036,Negative,1,cedar,1.5457,PVNSLSLEF,1.6393,PVNSLSLEF,True,0.18528539983234305
LVRLGIQTF,HLA-B0702,1.0596,0,7,0.2271,0.6549,0.6723,HLA-B*07:02,27198675,LVRLGIQTF,LVRLGTQTF,0,0,369.0,361.0,False,Conserved,-1,LVRLGIQTF,-1,LVRLGIQTF,5,1.0986122886681098,LVRLGTQTF,0.06271000000000004,LVRLGIQTF,LVRLGIQTF,LVRLGTQTF,Negative,9,9,9,9,9,9,"1,8",0.93729,5,1.0986122886681098,substitution,0.0,0.634484711211778,Negative,1,cedar,1.0596,LVRLGTQTF,0.6723,LVRLGTQTF,True,0.1725548744840814
LVRLGIQTF,HLA-A2402,2.4395,0,7,0.2271,0.6549,2.2577,HLA-A*24:02,27198675,LVRLGIQTF,LVRLGTQTF,0,0,369.0,361.0,False,Conserved,-1,LVRLGIQTF,-1,LVRLGIQTF,5,1.0986122886681098,LVRLGTQTF,0.06271000000000004,LVRLGIQTF,LVRLGIQTF,LVRLGTQTF,Negative,9,9,9,9,9,9,"1,8",0.93729,5,1.0986122886681098,substitution,0.0,0.9254765320762451,Negative,1,cedar,2.4395,LVRLGTQTF,2.2577,LVRLGTQTF,True,0.1958516314210999
LVTKGEHMTEK,HLA-A1101,0.5161,0,7,2.705,0.3344,11.6642,HLA-A*11:01,27198675,VTKGEHMTEK,VTKGEHMTE,1,1,1085.0,1075.0,True,Improved,1,LVGEHMTEK,-7,VTGEHMTEK,"2,3,4,5,6,7,8",1.6094379124341003,VTKGEHMTE,0.03536300000000003,LVTKGEHMTEK,VTKGEHMTEK,VTKGEHMTE,Negative,11,10,9,10,9,11,"0,1,8",0.964637,10,0.6931471805599453,substitution,0.0,22.60065878705677,Negative,1,cedar,2.3786,LVTKGEHMTEE,55.0,LVTKGMTEE,True,0.10933541833447134
MLEYQKILWK,HLA-A1101,2.304,1,7,0.049,0.7335,2.3837,HLA-A*11:01,32226429,MLEYQKILWK,MLKYQKILWK,0,0,578.0,569.0,False,Conserved,1,MLYQKILWK,5,MLYQKILWK,-1,,MLYQKILWK,0.035229999999999984,MLEYQKILWK,MLEYQKILWK,MLKYQKILWK,Positive,10,10,10,10,10,10,"0,1,8",0.96477,2,0.6931471805599453,substitution,1.0,1.034592013888889,Positive_all,1,cedar,2.304,MLKYQKILWK,2.3837,MLYQKILWK,True,0.2998298774062612
MLEYQKILWKV,HLA-A0201,2.1404,1,7,1.1727,0.7013,2.1404,HLA-A*02:01,32226429,YQKILWKV,YQKILWKV,3,3,579.0,569.0,False,Conserved,1,MLQKILWKV,4,YQ-KILWKV,-1,,YQ-KILWKV,0.0,MLEYQKILWKV,YQKILWKV,YQKILWKV,Positive,11,8,8,8,8,11,"1,3,8",1.0,2,0.6931471805599453,substitution,1.0,1.0,Positive_all,1,cedar,2.9861,MLKYQKILWKV,3.0418,MLQKILWKV,True,0.21064549417403886
MLLQTCQDF,HLA-B1501,1.6827,0,7,0.4777,0.5901,2.0961,HLA-B*15:01,27198675,MLLQTCQDF,MLLQTCRDF,0,0,48.0,40.0,False,Conserved,1,MLLQTCQDF,1,MLLQTCQDF,6,0.6931471805599453,MLLQTCRDF,0.05366199999999999,MLLQTCQDF,MLLQTCQDF,MLLQTCRDF,Negative,9,9,9,9,9,9,"1,8",0.946338,6,0.6931471805599453,substitution,0.0,1.245676591192726,Negative,1,cedar,1.6827,MLLQTCRDF,2.0961,MLLQTCRDF,True,0.1390448873610418
MMMWDCWHA,HLA-A0201,0.8267,1,7,0.0094,0.8944,1.1135,HLA-A*02:01,"34244308,34244308",MMMWDCWHA,MMMRDCWHA,0,0,742.0,734.0,True,Conserved,-3,MMMWDCWHA,-3,MMMWDCWHA,3,0.6931471805599453,MMMRDCWHA,0.154343,MMMWDCWHA,MMMWDCWHA,MMMRDCWHA,Negative,9,9,9,9,9,9,"1,3,8",0.845657,3,0.6931471805599453,substitution,0.0,1.346921495101004,"Negative,Negative",2,cedar,0.8267,MMMRDCWHA,1.1135,MMMRDCWHA,True,0.32497067396783186
MMMWDCWHAV,HLA-A0201,0.1711,1,7,0.0184,0.9384,1.1135,HLA-A*02:01,"34244308,34244308",MMWDCWHAV,MMMRDCWHA,1,0,743.0,734.0,True,Improved,-3,MMWDCWHAV,-12,MMWDCWHAV,"2,3,4,5,6,7,8",1.791759469228055,MMMRDCWHA,0.23461500000000002,MMMWDCWHAV,MMWDCWHAV,MMMRDCWHA,Negative,10,9,9,9,9,10,"1,3,8",0.765385,3,0.6931471805599453,substitution,0.0,6.507890122735242,"Negative,Negative",2,cedar,1.4149,MMMRDCWHAV,1.7961,MMMDCWHAV,True,0.3061802251163789
MMWDCWHAV,HLA-A0201,0.1711,1,7,0.0064,0.968,1.5896,HLA-A*02:01,"34244308,34244308",MMWDCWHAV,MMRDCWHAV,0,0,743.0,735.0,False,Improved,-3,MMWDCWHAV,-3,MMWDCWHAV,2,0.6931471805599453,MMRDCWHAV,0.14078599999999997,MMWDCWHAV,MMWDCWHAV,MMRDCWHAV,Negative,9,9,9,9,9,9,"1,3,8",0.859214,2,0.6931471805599453,substitution,0.0,9.290473407364114,"Negative,Negative",2,cedar,0.1711,MMRDCWHAV,1.5896,MMRDCWHAV,True,0.3179748072382995
MNLRPILTI,HLA-B5201,0.0812,0,7,0.024,0.4048,0.1282,HLA-B*52:01,"34244308,34244308",MNLRPILTI,MNRRPILTI,0,0,254.0,246.0,False,Conserved,-2,MNLRPILTI,-2,MNLRPILTI,2,1.3862943611198906,MNRRPILTI,0.07692500000000002,MNLRPILTI,MNLRPILTI,MNRRPILTI,Negative,9,9,9,9,9,9,"1,8",0.923075,2,1.3862943611198906,substitution,0.0,1.578817733990148,"Negative,Negative",2,cedar,0.0812,MNRRPILTI,0.1282,MNRRPILTI,True,0.3888222687368129
MNLRPILTII,HLA-B5201,0.0812,0,7,1.0413,0.6456,0.1282,HLA-B*52:01,"34244308,34244308",MNLRPILTI,MNRRPILTI,0,0,255.0,246.0,False,Conserved,-2,MLRPILTII,-2,MNLRPILTI,2,1.3862943611198906,MNRRPILTI,0.07692500000000002,MNLRPILTII,MNLRPILTI,MNRRPILTI,Negative,10,9,9,9,9,10,"1,8",0.923075,2,1.3862943611198906,substitution,0.0,1.578817733990148,"Negative,Negative",2,cedar,4.6305,MNRRPILTII,4.8816,MNRRPILTI,True,0.2423965853394374
MPSHCNTQY,HLA-B3501,0.0251,0,7,0.0125,0.8595,0.0326,HLA-B*35:01,33262196,MPSHCNTQY,MPSRCNTQY,0,0,135.0,127.0,False,Conserved,0,MPSHCNTQY,0,MPSHCNTQY,3,0.6931471805599453,MPSRCNTQY,0.09824200000000005,MPSHCNTQY,MPSHCNTQY,MPSRCNTQY,Negative,9,9,9,9,9,9,"1,8",0.901758,3,0.6931471805599453,substitution,0.0,1.2988047808764938,Negative,1,cedar,0.0251,MPSRCNTQY,0.0326,MPSRCNTQY,True,0.2634992254084827
MTFSDVLTL,HLA-A0201,0.5639,0,7,0.0871,0.6951,1.7197,HLA-A*02:01,31511069,MTFSDVLTL,MTFSDGLTL,0,0,262.0,254.0,False,Conserved,-3,MTFSDVLTL,-3,MTFSDVLTL,5,1.3862943611198906,MTFSDGLTL,0.09211100000000005,MTFSDVLTL,MTFSDVLTL,MTFSDGLTL,Negative,9,9,9,9,9,9,"1,3,8",0.907889,5,1.3862943611198906,substitution,0.0,3.0496541940060298,Negative,1,cedar,0.5639,MTFSDGLTL,1.7197,MTFSDGLTL,True,0.24284485873516293
NPHYHENAGI,HLA-B0702,2.0834,0,7,0.8029,0.2535,0.4169,HLA-B*07:02,31511069,NPHYHENAGI,NPHYHENAV,0,0,792.0,783.0,True,Conserved,-3,NHYHENAGI,3,NPHYHENAI,8,1.0986122886681098,NPHYHENAV,0.052517000000000036,NPHYHENAGI,NPHYHENAGI,NPHYHENAV,Negative,10,10,9,10,9,10,"1,8",0.947483,8,1.3862943611198906,substitution,0.0,0.20010559662090813,Negative,1,cedar,2.0834,NPHYHENAVI,1.5855,NPHYHNAVI,True,0.09226193747403683
NQLIYELYV,HLA-A0201,1.314,0,7,0.0899,0.3832,2.5449,HLA-A*02:01,27198675,NQLIYELYV,NQLIYESYV,0,0,2403.0,2395.0,False,Conserved,-2,NQLIYELYV,-2,NQLIYELYV,6,0.6931471805599453,NQLIYESYV,0.06695099999999998,NQLIYELYV,NQLIYELYV,NQLIYESYV,Negative,9,9,9,9,9,9,"1,3,8",0.933049,6,0.6931471805599453,substitution,0.0,1.93675799086758,Negative,1,cedar,1.314,NQLIYESYV,2.5449,NQLIYESYV,True,0.2687289406273705
NVYEVVNSKK,HLA-A1101,0.0646,0,7,0.301,0.7206,0.0782,HLA-A*11:01,27198675,NVYEVVNSK,NVYEVVNPK,0,0,272.0,263.0,False,Conserved,-1,NVYEVVNKK,-1,NVYEVVNSK,7,1.3862943611198906,NVYEVVNPK,0.04966499999999996,NVYEVVNSKK,NVYEVVNSK,NVYEVVNPK,Negative,10,9,9,9,9,10,"0,1,8",0.950335,7,1.3862943611198906,substitution,0.0,1.2105263157894737,Negative,1,cedar,0.4286,NVYEVVNPKK,0.4324,NVYEVVNKK,True,0.2120032980832123
NVYEVVNSKKK,HLA-A1101,0.0646,0,7,1.1999,0.5407,0.0782,HLA-A*11:01,27198675,NVYEVVNSK,NVYEVVNPK,0,0,273.0,263.0,False,Conserved,-1,NVYEVVNKK,-1,NVYEVVNSK,7,1.3862943611198906,NVYEVVNPK,0.04966499999999996,NVYEVVNSKKK,NVYEVVNSK,NVYEVVNPK,Negative,11,9,9,9,9,11,"0,1,8",0.950335,7,1.3862943611198906,substitution,0.0,1.2105263157894737,Negative,1,cedar,0.8763,NVYEVVNPKKK,0.9178,NVYEVVNKK,True,0.18282797257179279
NYVAGGQEV,HLA-A2402,1.3138,0,7,0.2216,0.6643,7.2411,HLA-A*24:02,27198675,NYVAGGQEV,NYVAGGQEA,0,0,93.0,85.0,True,Improved,0,NYVAGGQEV,0,NYVAGGQEV,8,1.3862943611198906,NYVAGGQEA,0.01525399999999999,NYVAGGQEV,NYVAGGQEV,NYVAGGQEA,Negative,9,9,9,9,9,9,"1,8",0.984746,8,1.3862943611198906,substitution,0.0,5.5115694930735275,Negative,1,cedar,1.3138,NYVAGGQEA,7.2411,NYVAGGQEA,True,0.1049041225934366
NYVAGGQEVF,HLA-A2402,0.2367,0,7,0.466,0.4697,0.2801,HLA-A*24:02,27198675,NYVAGGQEVF,NYVAGGQEAF,0,0,94.0,85.0,False,Conserved,0,NYVAGGQEF,6,NYVAGGQEF,-1,,NYVAGGQEF,0.02282700000000004,NYVAGGQEVF,NYVAGGQEVF,NYVAGGQEAF,Negative,10,10,10,10,10,10,"1,8",0.977173,8,1.3862943611198906,substitution,0.0,1.1833544571187158,Negative,1,cedar,0.2367,NYVAGGQEAF,0.2801,NYVAGGQEF,True,0.1987491624517394
PLIDVNWCA,HLA-A0201,2.4013,0,7,2.4264,0.4498,2.5259,HLA-A*02:01,31511069,PLIDVNWCA,PLIDVNWWA,0,0,397.0,389.0,False,Conserved,-2,PLIDVNWCA,-2,PLIDVNWCA,7,0.6931471805599453,PLIDVNWWA,0.11836100000000005,PLIDVNWCA,PLIDVNWCA,PLIDVNWWA,Negative,9,9,9,9,9,9,"1,3,8",0.881639,7,0.6931471805599453,substitution,0.0,1.0518885603631367,Negative,1,cedar,2.4013,PLIDVNWWA,2.5259,PLIDVNWWA,True,0.26785313996488136
PYISGPLRF,HLA-A2402,0.0088,0,7,0.075,0.6775,0.025,HLA-A*24:02,30880120,PYISGPLRF,PYISGPLGF,0,0,212.0,204.0,False,Conserved,-2,PYISGPLRF,-2,PYISGPLRF,7,1.791759469228055,PYISGPLGF,0.06715899999999997,PYISGPLRF,PYISGPLRF,PYISGPLGF,Negative,9,9,9,9,9,9,"1,8",0.932841,7,1.791759469228055,substitution,0.0,2.840909090909091,Negative,1,cedar,0.0088,PYISGPLGF,0.025,PYISGPLGF,True,0.2720198225925473
QALADLAGFK,HLA-A1101,0.2921,0,7,0.5563,0.6489,1.2376,HLA-A*11:01,27198675,ALADLAGFK,ALEDLAGFK,1,1,1228.0,1219.0,False,Improved,-1,QAADLAGFK,-1,ALADLAGFK,2,0.6931471805599453,ALEDLAGFK,0.055683999999999956,QALADLAGFK,ALADLAGFK,ALEDLAGFK,Negative,10,9,9,9,9,10,"0,1,8",0.944316,3,0.6931471805599453,substitution,0.0,4.236905169462513,Negative,1,cedar,1.6507,QALEDLAGFK,1.8976,QALEDLAFK,True,0.11364392353069418
QASGNHHVW,HLA-B4403,1.0632,0,7,0.2326,0.5868,1.7165,HLA-B*44:03,30556813,QASGNHHVW,QASGNHYVW,0,0,398.0,390.0,False,Conserved,2,QASGNHHVW,2,QASGNHHVW,6,0.6931471805599453,QASGNHYVW,0.06358699999999995,QASGNHHVW,QASGNHHVW,QASGNHYVW,Negative,9,9,9,9,9,9,"1,8",0.936413,6,0.6931471805599453,substitution,0.0,1.6144657637321294,Negative,1,cedar,1.0632,QASGNHYVW,1.7165,QASGNHYVW,True,0.11300343772042155
QICERIPTI,HLA-A0201,1.1714,0,7,2.3427,0.1693,1.446,HLA-A*02:01,27198675,QICERIPTI,QVCERIPTI,0,0,1059.0,1051.0,True,Conserved,3,QICERIPTI,3,QICERIPTI,1,1.0986122886681098,QVCERIPTI,0.013013000000000052,QICERIPTI,QICERIPTI,QVCERIPTI,Negative,9,9,9,9,9,9,"1,3,8",0.986987,1,1.0986122886681098,substitution,0.0,1.2344203517158954,Negative,1,cedar,1.1714,QVCERIPTI,1.446,QVCERIPTI,True,0.209869431753824
QIIHTYSNTV,HLA-A0206,0.7481,1,7,0.999,0.4367,1.1144,HLA-A*02:06,"34281881,34281881",IIHTYSNTV,IIHTDSNTV,1,1,432.0,423.0,False,Conserved,-3,QIIHTSNTV,-3,IIHTYSNTV,4,0.6931471805599453,IIHTDSNTV,0.11053100000000005,QIIHTYSNTV,IIHTYSNTV,IIHTDSNTV,Positive,10,9,9,9,9,10,"1,3,8",0.889469,5,0.6931471805599453,substitution,0.5,1.489640422403422,"Positive_all,Negative",2,cedar,4.3557,QIIHTDSNTV,3.7308,QIIHDSNTV,True,0.17130898709473888
QLIYELYVSEL,HLA-A0201,2.2018,0,7,2.9157,0.5027,1.8319,HLA-A*02:01,27198675,LIYELYVSEL,LIYESYVSEL,1,1,2406.0,2396.0,False,Conserved,-2,QLIYELSEL,-2,LIYEYVSEL,4,0.6931471805599453,LIYESVSEL,0.06652800000000003,QLIYELYVSEL,LIYELYVSEL,LIYESYVSEL,Negative,11,10,10,10,10,11,"1,3,8",0.933472,5,0.6931471805599453,substitution,0.0,0.8320010900172586,Negative,1,cedar,3.4386,QLIYESYVSEL,2.637,QLISYVSEL,True,0.18329338112440574
QLTSLSGIAHK,HLA-A1101,0.0387,0,7,1.4542,0.4031,0.0192,HLA-A*11:01,27198675,TSLSGIAHK,TSLSGIAQK,2,2,143.0,133.0,False,Conserved,0,QLLSGIAHK,0,TSLSGIAHK,7,1.3862943611198906,TSLSGIAQK,0.046174999999999966,QLTSLSGIAHK,TSLSGIAHK,TSLSGIAQK,Negative,11,9,9,9,9,11,"0,1,8",0.953825,9,1.3862943611198906,substitution,0.0,0.49612403100775193,Negative,1,cedar,0.657,QLTSLSGIAQK,0.4064,QSLSGIAQK,True,0.09445465190009787
QPAAHIISELI,HLA-B0702,0.1399,0,7,1.8446,0.3009,0.8632,HLA-B*07:02,27198675,QPAAHIISEL,HAAHIISEL,0,1,321.0,311.0,True,Improved,-2,QPAAHIISI,-8,QPAAHIISL,"0,1,3,4,6,7",2.302585092994046,HAAHIISEL,0.06586199999999998,QPAAHIISELI,QPAAHIISEL,HAAHIISEL,Negative,11,10,9,10,9,11,"1,8",0.934138,1,0.6931471805599453,substitution,0.0,6.17012151536812,Negative,1,cedar,1.4562,QHAAHIISELI,29.5882,QHAAHIISI,True,0.1017402133238356
QTIDNIVFL,HLA-A0201,0.4142,0,7,0.0393,0.7638,3.7847,HLA-A*02:01,"25837513,25837513",QTIDNIVFL,QTIDNIVFF,0,0,1637.0,1629.0,True,Improved,0,QTIDNIVFL,0,QTIDNIVFL,8,1.791759469228055,QTIDNIVFF,0.01783900000000005,QTIDNIVFL,QTIDNIVFL,QTIDNIVFF,Negative,9,9,9,9,9,9,"1,3,8",0.982161,8,1.791759469228055,substitution,0.0,9.137373249637855,"Negative,Negative",2,cedar,0.4142,QTIDNIVFF,3.7847,QTIDNIVFF,True,0.2725892848708523
QTKPASLLY,HLA-A2601,0.0267,0,7,0.1478,0.6286,0.0168,HLA-A*26:01,30556813,QTKPASLLY,YTKGASLLY,0,0,88.0,80.0,False,Conserved,-3,QTKPASLLY,-3,QTKPASLLY,"0,3",-1.0,YTKGASLLY,0.11579700000000004,QTKPASLLY,QTKPASLLY,YTKGASLLY,Negative,9,9,9,9,9,9,"0,1,8",0.884203,"0,3",-1.0,substitution,0.0,0.6292134831460673,Negative,1,cedar,0.0267,YTKGASLLY,0.0168,YTKGASLLY,True,0.1464607482409689
RANSGFGRGL,HLA-B0702,2.4645,0,7,0.973,0.3498,2.3798,HLA-B*07:02,31511069,RANSGFGRGL,RVNSGFGRGL,0,0,349.0,340.0,True,Conserved,0,RANGFGRGL,0,RANSGGRGL,1,1.3862943611198906,RVNSGGRGL,0.023274000000000017,RANSGFGRGL,RANSGFGRGL,RVNSGFGRGL,Negative,10,10,10,10,10,10,"1,8",0.976726,1,1.3862943611198906,substitution,0.0,0.9656319740312436,Negative,1,cedar,2.4645,RVNSGFGRGL,2.3798,RVNSGGRGL,True,0.06323373889239474
REHALLAYM,HLA-A2402,12.9097,1,7,0.0157,0.7629,30.0,HLA-A*24:02,31243155,REHALLAYM,REHALLAY,0,0,142.0,134.0,True,Conserved,-1,REHALLAYM,-10,REHALLAYM,"5,6,7,8",,REHAL-LAY,0.045929,REHALLAYM,REHALLAYM,REHALLAY,Positive,9,9,8,9,8,9,"1,8",0.954071,8,0.0,substitution,1.0,2.3238340162823303,Positive_all,1,cedar,12.9097,REHALLAYT,52.5,REHALLAYT,True,0.1911423928732914
REIEGRVMF,HLA-B4402,0.0429,1,7,0.03,0.7229,0.5044,HLA-B*44:02,"31351799,31351799",REIEGRVMF,REIEGRVMV,0,0,202.0,194.0,True,Improved,-1,REIEGRVMF,-1,REIEGRVMF,8,0.6931471805599453,REIEGRVMV,0.023178000000000032,REIEGRVMF,REIEGRVMF,REIEGRVMV,Positive,9,9,9,9,9,9,"1,8",0.976822,8,0.6931471805599453,substitution,0.5,11.757575757575756,"Positive_all,Negative",2,cedar,0.0429,REIEGRVMV,0.5044,REIEGRVMV,True,0.3307697578033688
REIEGRVMF,HLA-B1801,0.0756,1,7,0.03,0.7229,0.5221,HLA-B*18:01,"31351799,31351799",REIEGRVMF,REIEGRVM,0,0,202.0,194.0,True,Improved,-1,REIEGRVMF,-10,REIEGRVMF,"4,5,6,7,8",1.3862943611198906,REIE-GRVM,0.05356899999999998,REIEGRVMF,REIEGRVMF,REIEGRVM,Positive,9,9,8,9,8,9,"1,8",0.946431,8,0.6931471805599453,substitution,0.5,6.906084656084656,"Positive_all,Negative",2,cedar,0.0756,REIEGRVMV,0.9752,REIEGRVMV,True,0.29420096457918254
RLFGEAPREL,HLA-A0201,0.1754,1,7,0.7627,0.6196,10.5141,HLA-A*02:01,"31685621,31685621",RLFGEAPREL,RPFGEAPREL,0,0,209.0,200.0,True,Improved,-3,RLFGEAPEL,-6,RLFGEAPEL,"1,5,6",2.4849066497880004,RPFGEPREL,0.05290399999999995,RLFGEAPREL,RLFGEAPREL,RPFGEAPREL,Positive,10,10,10,10,10,10,"1,3,8",0.947096,1,1.3862943611198906,substitution,1.0,59.943557582668184,"Positive_all,Positive_all",2,cedar,0.1754,RPFGEAPREL,10.5141,RPFGEPREL,True,0.08220016069367006
RLIKHYPGI,HLA-A0201,0.2634,1,7,0.0597,0.4076,0.183,HLA-A*02:01,"30418433,27198675",RLIKHYPGI,RLMKHYPGI,0,0,156.0,148.0,False,Conserved,1,RLIKHYPGI,1,RLIKHYPGI,2,1.0986122886681098,RLMKHYPGI,0.04451700000000003,RLIKHYPGI,RLIKHYPGI,RLMKHYPGI,Positive,9,9,9,9,9,9,"1,3,8",0.955483,2,1.0986122886681098,substitution,0.5,0.6947608200455581,"Positive_all,Negative",2,cedar,0.2634,RLMKHYPGI,0.183,RLMKHYPGI,True,0.20261487279378285
RLIKHYPGI,HLA-A2402,2.9894,0,7,0.0597,0.4076,2.8314,HLA-A*24:02,27198675,RLIKHYPGI,RLMKHYPGI,0,0,156.0,148.0,False,Conserved,1,RLIKHYPGI,1,RLIKHYPGI,2,1.0986122886681098,RLMKHYPGI,0.04451700000000003,RLIKHYPGI,RLIKHYPGI,RLMKHYPGI,Negative,9,9,9,9,9,9,"1,8",0.955483,2,1.0986122886681098,substitution,0.0,0.9471465845989162,Negative,1,cedar,2.9894,RLMKHYPGI,2.8314,RLMKHYPGI,True,0.17282003056400663
RLLRGYDQYA,HLA-A0201,2.15,0,7,1.7384,0.504,3.0357,HLA-A*02:01,31511069,RLLRGYDQYA,RLLRGYDQSA,0,0,141.0,132.0,False,Conserved,-2,RLLGYDQYA,-2,RLLGYDQYA,7,0.6931471805599453,RLLGYDQSA,0.043676999999999966,RLLRGYDQYA,RLLRGYDQYA,RLLRGYDQSA,Negative,10,10,10,10,10,10,"1,3,8",0.956323,8,0.6931471805599453,substitution,0.0,1.411953488372093,Negative,1,cedar,2.15,RLLRGYDQSA,3.0357,RLLGYDQSA,True,0.11392822593004905
RLPLHLYDI,HLA-A0201,1.5518,0,7,0.2116,0.3961,6.1348,HLA-A*02:01,31511069,RLPLHLYDI,RLPLHLYDT,0,0,543.0,535.0,True,Improved,-1,RLPLHLYDI,-1,RLPLHLYDI,8,1.0986122886681098,RLPLHLYDT,0.021386000000000016,RLPLHLYDI,RLPLHLYDI,RLPLHLYDT,Negative,9,9,9,9,9,9,"1,3,8",0.978614,8,1.0986122886681098,substitution,0.0,3.9533445031576235,Negative,1,cedar,1.5518,RLPLHLYDT,6.1348,RLPLHLYDT,True,0.2901120304712358
RLRKRNEYR,HLA-A3101,0.0539,1,7,0.0193,0.835,0.0472,HLA-A*31:01,33262196,RLRKRNEYR,RLRKGNEYR,0,0,405.0,397.0,False,Conserved,-2,RLRKRNEYR,-2,RLRKRNEYR,4,1.791759469228055,RLRKGNEYR,0.09665199999999996,RLRKRNEYR,RLRKRNEYR,RLRKGNEYR,Positive,9,9,9,9,9,9,"0,1,8",0.903348,4,1.791759469228055,substitution,1.0,0.8756957328385899,Positive_all,1,cedar,0.0539,RLRKGNEYR,0.0472,RLRKGNEYR,True,0.23872338423619008
RPAWRCVPF,HLA-B0702,0.077,0,7,0.0092,0.8514,0.2418,HLA-B*07:02,31511069,RPAWRCVPF,RPGWRCVPF,0,0,14.0,6.0,False,Conserved,0,RPAWRCVPF,0,RPAWRCVPF,2,1.3862943611198906,RPGWRCVPF,0.06984599999999996,RPAWRCVPF,RPAWRCVPF,RPGWRCVPF,Negative,9,9,9,9,9,9,"1,8",0.930154,2,1.3862943611198906,substitution,0.0,3.14025974025974,Negative,1,cedar,0.077,RPGWRCVPF,0.2418,RPGWRCVPF,True,0.32269332882545715
RPISPAPNCI,HLA-B0702,0.3444,0,7,0.4081,0.5362,0.2378,HLA-B*07:02,27198675,RPISPAPNCI,RPIPPAPNCI,0,0,847.0,838.0,False,Conserved,-1,RPISPPNCI,-1,RPISPPNCI,3,1.3862943611198906,RPIPPPNCI,0.06645100000000004,RPISPAPNCI,RPISPAPNCI,RPIPPAPNCI,Negative,10,10,10,10,10,10,"1,8",0.933549,3,1.3862943611198906,substitution,0.0,0.6904761904761906,Negative,1,cedar,0.3444,RPIPPAPNCI,0.2378,RPIPPPNCI,True,0.20033919285364415
RPISPAPNCIV,HLA-B0702,0.3444,0,7,1.3353,0.2071,0.2378,HLA-B*07:02,27198675,RPISPAPNCI,RPIPPAPNCI,0,0,848.0,838.0,False,Conserved,-1,RPISPAPIV,-1,RPISPPNCI,3,1.3862943611198906,RPIPPPNCI,0.06645100000000004,RPISPAPNCIV,RPISPAPNCI,RPIPPAPNCI,Negative,11,10,10,10,10,11,"1,8",0.933549,3,1.3862943611198906,substitution,0.0,0.6904761904761906,Negative,1,cedar,0.7054,RPIPPAPNCIV,0.4319,RPIPPAPIV,True,0.197770729386492
RPRKTKLGSM,HLA-B0702,0.0117,0,7,0.0063,0.8993,0.0103,HLA-B*07:02,27198675,RPRKTKLGSM,RPRKTKPGSM,0,0,1200.0,1191.0,True,Conserved,-3,RPRKTKLSM,-5,RPRKTKLSM,"5,6",-1.0,RPRKTPGSM,0.07999800000000001,RPRKTKLGSM,RPRKTKLGSM,RPRKTKPGSM,Negative,10,10,10,10,10,10,"1,8",0.920002,6,1.3862943611198906,substitution,0.0,0.8803418803418803,Negative,1,cedar,0.0117,RPRKTKPGSM,0.0103,RPRKTPGSM,True,0.11131739360834055
RPVLWVNTDQV,HLA-B0702,2.591,0,7,1.327,0.2078,1.3896,HLA-B*07:02,27198675,RPVLWVNTDQV,RPVSWVNTDQV,0,0,1065.0,1055.0,False,Conserved,-2,RPVLWVNTV,-2,RPVLWVNTV,3,0.6931471805599453,RPVSWVNTV,0.061640999999999946,RPVLWVNTDQV,RPVLWVNTDQV,RPVSWVNTDQV,Negative,11,11,11,11,11,11,"1,8",0.938359,3,0.6931471805599453,substitution,0.0,0.5363180239289849,Negative,1,cedar,2.591,RPVSWVNTDQV,1.3896,RPVSWVNTV,True,0.15862538612275479
RQMPLSSAV,HLA-A0201,0.3452,0,7,0.0084,0.6098,11.877,HLA-A*02:01,31511069,RQMPLSSAV,RQMPLSSA,0,0,192.0,184.0,True,Improved,-3,RQMPLSSAV,-10,RQMPLSSAV,"3,4,5,7,8",2.3978952727983707,RQM-PLSSA,0.03966700000000001,RQMPLSSAV,RQMPLSSAV,RQMPLSSA,Negative,9,9,8,9,8,9,"1,3,8",0.960333,8,1.3862943611198906,substitution,0.0,34.40614136732329,Negative,1,cedar,0.3452,RQMPLSSAG,23.0,RQMPLSSAG,True,0.09346651208902165
RTNTVILETLK,HLA-A1102,0.1403,1,7,0.2652,0.6122,0.12,HLA-A*11:02,26631611,RTNTVILETLK,RTNTDILETLK,0,0,89.0,79.0,True,Conserved,-3,RTNTVITLK,-4,RTNTVITLK,"4,6",0.6931471805599453,RTNTDILLK,0.06510300000000002,RTNTVILETLK,RTNTVILETLK,RTNTDILETLK,Positive,11,11,11,11,11,11,"0,1,8",0.934897,4,0.6931471805599453,substitution,1.0,0.8553100498930861,Positive_all,1,cedar,0.1403,RTNTDILETLK,0.12,RTNTDILLK,True,0.2440871189175511
RVALLSWTK,HLA-A1101,0.0507,0,7,0.0369,0.7303,2.139,HLA-A*11:01,"34270940,34270940",RVALLSWTK,GVLLSWTK,0,1,173.0,165.0,False,Improved,-3,RVALLSWTK,-9,RVALLSWTK,"0,2,3",1.0986122886681098,GVL-LSWTK,0.09184300000000001,RVALLSWTK,RVALLSWTK,GVLLSWTK,Negative,9,9,8,9,8,9,"0,1,8",0.908157,"0,1,2",2.0794415416798357,substitution,0.0,42.18934911242603,"Negative,Negative",2,cedar,0.0507,EGVLLSWTK,4.3775,EGVLLSWTK,True,0.2545154541241694
SAIGGEGPQRY,HLA-B3501,0.6236,0,7,2.3096,0.2747,0.4456,HLA-B*35:01,27198675,SAIGGEGPQRY,SAIGGEVPQRY,0,0,75.0,65.0,True,Conserved,-3,SAIEGPQRY,-7,SAIEGPQRY,"3,5,6,7",1.791759469228055,SAIGGEVPY,0.07782999999999995,SAIGGEGPQRY,SAIGGEGPQRY,SAIGGEVPQRY,Negative,11,11,11,11,11,11,"1,8",0.92217,6,1.3862943611198906,substitution,0.0,0.7145606157793457,Negative,1,cedar,0.6236,SAIGGEVPQRY,0.4456,SAIGGEVPY,True,0.04810331824944845
SFHFQQKEI,HLA-A2402,2.1863,0,7,0.6389,0.5378,1.8815,HLA-A*24:02,27198675,SFHFQQKEI,SFHSQQKEI,0,0,844.0,836.0,False,Conserved,-2,SFHFQQKEI,-2,SFHFQQKEI,3,0.6931471805599453,SFHSQQKEI,0.08581399999999995,SFHFQQKEI,SFHFQQKEI,SFHSQQKEI,Negative,9,9,9,9,9,9,"1,8",0.914186,3,0.6931471805599453,substitution,0.0,0.8605863788135205,Negative,1,cedar,2.1863,SFHSQQKEI,1.8815,SFHSQQKEI,True,0.11992622063933754
SHIVTYYPGK,HLA-A1101,0.9139,0,7,0.9907,0.5025,1.167,HLA-A*11:01,"34270940,34270940",HIVTYYPGK,HIVTYYSGK,1,1,264.0,255.0,False,Conserved,-1,SIVTYYPGK,-1,HIVTYYPGK,6,1.3862943611198906,HIVTYYSGK,0.07175100000000001,SHIVTYYPGK,HIVTYYPGK,HIVTYYSGK,Negative,10,9,9,9,9,10,"0,1,8",0.928249,7,1.3862943611198906,substitution,0.0,1.2769449611554875,"Negative,Negative",2,cedar,2.7588,SHIVTYYSGK,2.982,SIVTYYSGK,True,0.2053942154231257
SILMHGLVSL,HLA-A0201,0.0209,1,7,0.2476,0.8512,0.007,HLA-A*02:01,33479501,ILMHGLVSL,YLMHGLVSL,1,1,14.0,5.0,False,Conserved,-2,SLMHGLVSL,-1,ILMHGLVSL,0,-1.0,YLMHGLVSL,0.026865999999999945,SILMHGLVSL,ILMHGLVSL,YLMHGLVSL,Negative,10,9,9,9,9,10,"1,3,8",0.973134,"0,1",1.3862943611198906,substitution,0.0,0.3349282296650718,Negative,1,cedar,0.2175,PYLMHGLVSL,0.8637,YLMHGLVSL,True,0.2485514929289594
SIPDPSFPL,HLA-A0201,0.5927,0,7,0.0089,0.7277,0.9476,HLA-A*02:01,31511069,SIPDPSFPL,SIPDPSLPL,0,0,510.0,502.0,False,Conserved,0,SIPDPSFPL,0,SIPDPSFPL,6,1.791759469228055,SIPDPSLPL,0.053927999999999976,SIPDPSFPL,SIPDPSFPL,SIPDPSLPL,Negative,9,9,9,9,9,9,"1,3,8",0.946072,6,1.791759469228055,substitution,0.0,1.5987852201788426,Negative,1,cedar,0.5927,SIPDPSLPL,0.9476,SIPDPSLPL,True,0.13989747451899642
SLLMWITQA,HLA-A0201,0.1627,1,7,0.1548,0.877,0.8989,HLA-A*02:01,30418433,SLLMWITQA,SLLMWITQC,0,0,165.0,157.0,True,Improved,0,SLLMWITQA,0,SLLMWITQA,8,-1.0,SLLMWITQC,0.028218999999999994,SLLMWITQA,SLLMWITQA,SLLMWITQC,Positive,9,9,9,9,9,9,"1,3,8",0.971781,8,-1.0,substitution,1.0,5.524892440073756,Positive_all,1,cedar,0.1627,SLLMWITQC,0.8989,SLLMWITQC,True,0.2538272182410481
SLLMWITQAL,HLA-A0201,0.1627,1,7,0.3226,0.8346,0.8989,HLA-A*02:01,30700903,SLLMWITQA,SLLMWITQC,0,0,166.0,157.0,True,Improved,0,SLMWITQAL,0,SLLMWITQA,8,-1.0,SLLMWITQC,0.028218999999999994,SLLMWITQAL,SLLMWITQA,SLLMWITQC,Positive,10,9,9,9,9,10,"1,3,8",0.971781,"8,9",1.791759469228055,substitution,1.0,5.524892440073756,Positive_all,1,cedar,1.3689,SLLMWITQCF,11.8836,SLLMWITQF,True,0.1734481053016983
SLLMWITQV,HLA-A0201,0.0263,1,7,0.0138,0.9447,0.8989,HLA-A*02:01,"30700903,30700903,30700903,30700903,32820120,32820120",SLLMWITQV,SLLMWITQC,0,0,165.0,157.0,True,Improved,-1,SLLMWITQV,-1,SLLMWITQV,8,-1.0,SLLMWITQC,0.029020999999999963,SLLMWITQV,SLLMWITQV,SLLMWITQC,Positive,9,9,9,9,9,9,"1,3,8",0.970979,8,-1.0,substitution,1.0,34.1787072243346,"Positive_all,Positive_all,Positive_all,Positive_all,Positive_all,Positive_all",6,cedar,0.0263,SLLMWITQC,0.8989,SLLMWITQC,True,0.40649756474948245
SLLRSLENV,HLA-A0201,0.0605,1,7,0.1338,0.7853,0.1054,HLA-A*02:01,"31685621,31685621,31685621",SLLRSLENV,SLLRSPENV,0,0,274.0,266.0,False,Conserved,-3,SLLRSLENV,-3,SLLRSLENV,5,1.3862943611198906,SLLRSPENV,0.09998600000000002,SLLRSLENV,SLLRSLENV,SLLRSPENV,Positive,9,9,9,9,9,9,"1,3,8",0.900014,5,1.3862943611198906,substitution,1.0,1.7421487603305785,"Positive_all,Positive_all,Positive_all",3,cedar,0.0605,SLLRSPENV,0.1054,SLLRSPENV,True,0.1459835067685359
SLMDKVSNGI,HLA-A0201,0.4093,0,7,0.0457,0.8623,0.1593,HLA-A*02:01,33257508,SLMDKVSNGI,SLMDKVPNGI,0,0,307.0,298.0,True,Conserved,-1,SLMDKVSNI,-2,SLMDKVNGI,"6,7",-1.0,SLMDKVPNI,0.06926699999999997,SLMDKVSNGI,SLMDKVSNGI,SLMDKVPNGI,Negative,10,10,10,10,10,10,"1,3,8",0.930733,6,1.3862943611198906,substitution,0.0,0.389201075006108,Negative,1,cedar,0.4093,SLMDKVPNGI,0.1593,SLMDKVPNI,True,0.11885984090951604
SLNDYKPPV,HLA-A0201,0.0537,0,7,0.0666,0.9063,0.1949,HLA-A*02:01,31511069,SLNDYKPPV,SLNDYKPPI,0,0,87.0,79.0,True,Conserved,3,SLNDYKPPV,3,SLNDYKPPV,8,1.0986122886681098,SLNDYKPPI,0.0065509999999999735,SLNDYKPPV,SLNDYKPPV,SLNDYKPPI,Negative,9,9,9,9,9,9,"1,3,8",0.993449,8,1.0986122886681098,substitution,0.0,3.629422718808194,Negative,1,cedar,0.0537,SLNDYKPPI,0.1949,SLNDYKPPI,True,0.18342322510976639
SLTHNAVCPI,HLA-A0201,7.7177,0,7,0.658,0.6957,14.1747,HLA-A*02:01,27198675,SLTHNAVCPI,SLTHNAVCP,0,0,2431.0,2422.0,True,Conserved,-3,SLHNAVCPI,-10,SLHNAVCPI,"2,3,4,5,6,7,8",1.791759469228055,SLTHNAVCP,0.04327499999999995,SLTHNAVCPI,SLTHNAVCPI,SLTHNAVCP,Negative,10,10,9,10,9,10,"1,3,8",0.956725,9,0.6931471805599453,substitution,0.0,1.8366482242118767,Negative,1,cedar,7.7177,SLTHNAVCPN,72.5,SLHNAVCPN,True,0.14136488774079858
SMTGIVYSL,HLA-A0201,0.07,0,7,0.0178,0.8919,0.2656,HLA-A*02:01,27198675,SMTGIVYSL,SMTGIAYSL,0,0,526.0,518.0,False,Conserved,0,SMTGIVYSL,0,SMTGIVYSL,5,1.3862943611198906,SMTGIAYSL,0.05131600000000003,SMTGIVYSL,SMTGIVYSL,SMTGIAYSL,Negative,9,9,9,9,9,9,"1,3,8",0.948684,5,1.3862943611198906,substitution,0.0,3.794285714285714,Negative,1,cedar,0.07,SMTGIAYSL,0.2656,SMTGIAYSL,True,0.31906484267654855
SRTNTAILETL,HLA-B4001,4.1175,1,7,1.4566,0.4019,2.6723,HLA-B*40:01,26631611,TNTAILETL,TNTDILETL,2,2,88.0,78.0,False,Conserved,-2,SRTNTAITL,-2,TNTAILETL,3,0.6931471805599453,TNTDILETL,0.07463600000000004,SRTNTAILETL,TNTAILETL,TNTDILETL,Positive,11,9,9,9,9,11,"1,8",0.925364,5,0.6931471805599453,substitution,1.0,0.6490103217972071,Positive_all,1,cedar,10.3757,SRTNTDILETL,7.812,SRTDILETL,True,0.10841874098576848
SRTNTAILEV,HLA-C0602,0.7921,1,7,0.3752,0.3504,1.238,HLA-C*06:02,26631611,RTNTAILEV,RTNTDILEV,1,1,87.0,78.0,False,Conserved,-2,SRNTAILEV,-2,RTNTAILEV,4,0.6931471805599453,RTNTDILEV,0.07819699999999996,SRTNTAILEV,RTNTAILEV,RTNTDILEV,Positive,10,9,9,9,9,10,"1,8",0.921803,5,0.6931471805599453,substitution,1.0,1.562933972983209,Positive_all,1,cedar,1.3669,SRTNTDILEV,1.5397,SRTNTILEV,True,0.10523739373208235
SSCAPPLHR,HLA-A1101,0.1396,0,7,0.5575,0.6178,12.9888,HLA-A*11:01,27198675,SSCAPPLHR,SSCAPPPPP,0,0,85.0,77.0,False,Improved,-7,SSCAPPLHR,-7,SSCAPPLHR,"6,7,8",2.302585092994046,SSCAPPPPP,0.210542,SSCAPPLHR,SSCAPPLHR,SSCAPPPPP,Negative,9,9,9,9,9,9,"0,1,8",0.789458,"6,7,8",2.302585092994046,substitution,0.0,93.0429799426934,Negative,1,cedar,0.1396,SSCAPPPPP,12.9888,SSCAPPPPP,True,0.1578024247860861
SSCMGGVNR,HLA-A1101,0.9304,0,7,0.5562,0.618,0.8785,HLA-A*11:01,31511069,SSCMGGVNR,SSCMGGMNR,0,0,248.0,240.0,False,Conserved,1,SSCMGGVNR,1,SSCMGGVNR,6,0.0,SSCMGGMNR,0.045957000000000026,SSCMGGVNR,SSCMGGVNR,SSCMGGMNR,Negative,9,9,9,9,9,9,"0,1,8",0.954043,6,0.0,substitution,0.0,0.9442175408426483,Negative,1,cedar,0.9304,SSCMGGMNR,0.8785,SSCMGGMNR,True,0.14443384365646056
SSFHALEEK,HLA-A1101,0.0373,0,7,0.0544,0.7637,0.0763,HLA-A*11:01,27198675,SSFHALEEK,SSFYALEEK,0,0,545.0,537.0,False,Conserved,2,SSFHALEEK,2,SSFHALEEK,3,0.6931471805599453,SSFYALEEK,0.06674999999999998,SSFHALEEK,SSFHALEEK,SSFYALEEK,Negative,9,9,9,9,9,9,"0,1,8",0.93325,3,0.6931471805599453,substitution,0.0,2.0455764075067027,Negative,1,cedar,0.0373,SSFYALEEK,0.0763,SSFYALEEK,True,0.17899846211156265
SSFPKPPSF,HLA-B1501,0.0741,0,7,0.0673,0.7308,7.4949,HLA-B*15:01,27198675,SSFPKPPSF,SSFPKPPSS,0,0,270.0,262.0,True,Improved,-2,SSFPKPPSF,-2,SSFPKPPSF,8,0.6931471805599453,SSFPKPPSS,0.028279000000000054,SSFPKPPSF,SSFPKPPSF,SSFPKPPSS,Negative,9,9,9,9,9,9,"1,8",0.971721,8,0.6931471805599453,substitution,0.0,101.14574898785426,Negative,1,cedar,0.0741,SSFPKPPSS,7.4949,SSFPKPPSS,True,0.1506000199946359
SSGFCNIAVK,HLA-A0301,2.9692,0,7,0.1803,0.6862,1.1229,HLA-A*03:01,31511069,SSGFCNIAVK,SSGFRNIAVK,0,0,342.0,333.0,False,Conserved,-3,SSFCNIAVK,-3,SSFCNIAVK,3,0.6931471805599453,SSFRNIAVK,0.11770099999999994,SSGFCNIAVK,SSGFCNIAVK,SSGFRNIAVK,Negative,10,10,10,10,10,10,"0,1,8",0.882299,4,0.6931471805599453,substitution,0.0,0.3781826754681396,Negative,1,cedar,2.9692,SSGFRNIAVK,1.1229,SSFRNIAVK,True,0.14099378166110144
SSHSPSLSL,HLA-B1501,1.1193,0,7,0.0369,0.644,9.2479,HLA-B*15:01,27198675,SSHSPSLSL,SSHSPSLSS,0,0,267.0,259.0,True,Improved,-2,SSHSPSLSL,-2,SSHSPSLSL,8,0.6931471805599453,SSHSPSLSS,0.020623999999999976,SSHSPSLSL,SSHSPSLSL,SSHSPSLSS,Negative,9,9,9,9,9,9,"1,8",0.979376,8,0.6931471805599453,substitution,0.0,8.262217457339409,Negative,1,cedar,1.1193,SSHSPSLSS,9.2479,SSHSPSLSS,True,0.05018900461451456
SSVPTGHATF,HLA-B1501,0.4482,0,7,0.1967,0.4049,14.1075,HLA-B*15:01,27198675,SSVPTGHATF,SSVPTGHAT,0,0,1968.0,1959.0,True,Improved,-2,SVPTGHATF,-2,SSVPTGHTF,"7,8",1.3862943611198906,SSVPTGHAT,0.039047000000000054,SSVPTGHATF,SSVPTGHATF,SSVPTGHAT,Negative,10,10,9,10,9,10,"1,8",0.960953,9,0.6931471805599453,substitution,0.0,31.47590361445783,Negative,1,cedar,0.4482,SSVPTGHATS,31.2857,SSVPTGHTS,True,0.10729029708316677
STAKSTTWTY,HLA-B1501,0.1578,0,7,0.1394,0.6327,0.1965,HLA-B*15:01,27198675,TAKSTTWTY,TAKSATWTY,1,1,144.0,135.0,False,Conserved,0,STAKSTTTY,0,TAKSTTWTY,4,1.3862943611198906,TAKSATWTY,0.05267299999999997,STAKSTTWTY,TAKSTTWTY,TAKSATWTY,Negative,10,9,9,9,9,10,"1,8",0.947327,5,1.3862943611198906,substitution,0.0,1.2452471482889735,Negative,1,cedar,0.2913,STAKSATWTY,0.4153,STAKSATTY,True,0.07595351194485586
SVMDSIDVKI,HLA-A0201,0.2236,0,7,0.4587,0.5328,0.0586,HLA-A*02:01,27198675,VMDSIDVKI,VMDPIDVKI,1,1,319.0,310.0,True,Conserved,-1,SVMDSIVKI,-1,VMDSIDVKI,3,1.3862943611198906,VMDPIDVKI,0.08020300000000002,SVMDSIDVKI,VMDSIDVKI,VMDPIDVKI,Negative,10,9,9,9,9,10,"1,3,8",0.919797,4,1.3862943611198906,substitution,0.0,0.2620751341681574,Negative,1,cedar,0.9069,SVMDPIDVKI,0.5982,SVMDPIVKI,True,0.1696048622497472
SVPTGHATF,HLA-B1501,0.4593,0,7,0.0281,0.6215,23.7541,HLA-B*15:01,27198675,SVPTGHATF,SVPTGHATS,0,0,1968.0,1960.0,True,Improved,-2,SVPTGHATF,-2,SVPTGHATF,8,0.6931471805599453,SVPTGHATS,0.029270000000000018,SVPTGHATF,SVPTGHATF,SVPTGHATS,Negative,9,9,9,9,9,9,"1,8",0.97073,8,0.6931471805599453,substitution,0.0,51.71804920531243,Negative,1,cedar,0.4593,SVPTGHATS,23.7541,SVPTGHATS,True,0.0844995862057319
SYSHKVDIFFL,HLA-A2402,0.0378,0,7,0.6323,0.4224,0.0378,HLA-A*24:02,27198675,SYSHKVDIF,SYSHKVDIF,0,0,1010.0,1000.0,False,Conserved,-2,SYSHDIFFL,6,SYSHKVDIF,-1,,SYSHKVDIF,0.0,SYSHKVDIFFL,SYSHKVDIF,SYSHKVDIF,Negative,11,9,9,9,9,11,"1,8",1.0,9,0.6931471805599453,substitution,0.0,1.0,Negative,1,cedar,0.6649,SYSHKVDIFSL,0.5929,SYSHDIFSL,True,0.18992255356534363
TAHLNCNLF,HLA-B3501,0.678,1,7,0.4957,0.4838,0.8188,HLA-B*35:01,31243155,TAHLNCNLF,TADLNCNLF,0,0,147.0,139.0,False,Conserved,-1,TAHLNCNLF,-1,TAHLNCNLF,2,0.6931471805599453,TADLNCNLF,0.08662099999999995,TAHLNCNLF,TAHLNCNLF,TADLNCNLF,Positive,9,9,9,9,9,9,"1,8",0.913379,2,0.6931471805599453,substitution,1.0,1.2076696165191738,Positive_all,1,cedar,0.678,TADLNCNLF,0.8188,TADLNCNLF,True,0.15699400153534815
TAKSTTWTY,HLA-B1501,0.1578,0,7,0.1998,0.5317,0.1965,HLA-B*15:01,27198675,TAKSTTWTY,TAKSATWTY,0,0,144.0,136.0,False,Conserved,0,TAKSTTWTY,0,TAKSTTWTY,4,1.3862943611198906,TAKSATWTY,0.05267299999999997,TAKSTTWTY,TAKSTTWTY,TAKSATWTY,Negative,9,9,9,9,9,9,"1,8",0.947327,4,1.3862943611198906,substitution,0.0,1.2452471482889735,Negative,1,cedar,0.1578,TAKSATWTY,0.1965,TAKSATWTY,True,0.09220019515992367
TAMDIFVTV,HLA-A0201,0.1768,1,7,0.0081,0.8663,0.3159,HLA-A*02:01,30418433,TAMDIFVTV,TAMDLFVTV,0,0,322.0,314.0,False,Conserved,2,TAMDIFVTV,2,TAMDIFVTV,4,1.3862943611198906,TAMDLFVTV,0.03191100000000002,TAMDIFVTV,TAMDIFVTV,TAMDLFVTV,Positive,9,9,9,9,9,9,"1,3,8",0.968089,4,1.3862943611198906,substitution,1.0,1.7867647058823528,Positive_all,1,cedar,0.1768,TAMDLFVTV,0.3159,TAMDLFVTV,True,0.345386624847557
TDFGRAKLL,HLA-C0602,4.2323,0,7,0.2289,0.3959,10.074,HLA-C*06:02,"34244308,34244308",TDFGRAKLL,TDFGLAKLL,0,0,862.0,854.0,False,Conserved,-2,TDFGRAKLL,-2,TDFGRAKLL,4,1.3862943611198906,TDFGLAKLL,0.08801099999999995,TDFGRAKLL,TDFGRAKLL,TDFGLAKLL,Negative,9,9,9,9,9,9,"1,8",0.911989,4,1.3862943611198906,substitution,0.0,2.38026604919311,"Negative,Negative",2,cedar,4.2323,TDFGLAKLL,10.074,TDFGLAKLL,True,0.088198640594736
TDFGRAKLL,HLA-B3701,0.0697,0,7,0.2289,0.3959,0.1134,HLA-B*37:01,"34244308,34244308",TDFGRAKLL,TDFGLAKLL,0,0,862.0,854.0,False,Conserved,-2,TDFGRAKLL,-2,TDFGRAKLL,4,1.3862943611198906,TDFGLAKLL,0.08801099999999995,TDFGRAKLL,TDFGRAKLL,TDFGLAKLL,Negative,9,9,9,9,9,9,"1,8",0.911989,4,1.3862943611198906,substitution,0.0,1.6269727403156384,"Negative,Negative",2,cedar,0.0697,TDFGLAKLL,0.1134,TDFGLAKLL,True,0.19792095674401802
TDFGRAKLL,HLA-B1302,5.1619,0,7,0.2289,0.3959,3.4298,HLA-B*13:02,"34244308,34244308",TDFGRAKLL,TDFGLAKLL,0,0,862.0,854.0,False,Conserved,-2,TDFGRAKLL,-2,TDFGRAKLL,4,1.3862943611198906,TDFGLAKLL,0.08801099999999995,TDFGRAKLL,TDFGRAKLL,TDFGLAKLL,Negative,9,9,9,9,9,9,"1,8",0.911989,4,1.3862943611198906,substitution,0.0,0.6644452624033786,"Negative,Negative",2,cedar,5.1619,TDFGLAKLL,3.4298,TDFGLAKLL,True,0.09212625781776249
TFYFSNMLEF,HLA-A2402,0.0133,0,7,0.0345,0.7351,0.0595,HLA-A*24:02,"34270940,34270940",FYFSNMLEF,FYFSNMLGF,1,1,528.0,519.0,False,Conserved,-2,TYFSNMLEF,-2,FYFSNMLEF,7,0.6931471805599453,FYFSNMLGF,0.05655500000000002,TFYFSNMLEF,FYFSNMLEF,FYFSNMLGF,Negative,10,9,9,9,9,10,"1,8",0.943445,8,0.6931471805599453,substitution,0.0,4.473684210526316,"Negative,Negative",2,cedar,0.0974,TFYFSNMLGF,0.2319,TYFSNMLGF,True,0.2173331716326411
TIYVFEIRAR,HLA-A1101,3.1214,0,7,0.3761,0.5386,2.2642,HLA-A*11:01,"34244308,34244308",TIYVFEIRAR,TIYVFQIRAR,0,0,512.0,503.0,False,Conserved,2,TYVFEIRAR,2,TIYVFEIRR,5,0.6931471805599453,TIYVFQIRR,0.03793400000000002,TIYVFEIRAR,TIYVFEIRAR,TIYVFQIRAR,Negative,10,10,10,10,10,10,"0,1,8",0.962066,5,0.6931471805599453,substitution,0.0,0.7253796373422183,"Negative,Negative",2,cedar,3.1214,TIYVFQIRAR,2.2642,TIYVFQIRR,True,0.23396747674917714
TLDQSTMHI,HLA-A0201,0.2229,0,7,0.0603,0.6089,0.1731,HLA-A*02:01,27198675,TLDQSTMHI,TLDQSTVHI,0,0,267.0,259.0,False,Conserved,1,TLDQSTMHI,1,TLDQSTMHI,6,0.0,TLDQSTVHI,0.042933,TLDQSTMHI,TLDQSTMHI,TLDQSTVHI,Negative,9,9,9,9,9,9,"1,3,8",0.957067,6,0.0,substitution,0.0,0.7765814266487214,Negative,1,cedar,0.2229,TLDQSTVHI,0.1731,TLDQSTVHI,True,0.13467052201132193
TLFSALWAL,HLA-A0206,0.1135,1,7,0.0137,0.9448,0.5395,HLA-A*02:06,"33262196,33262196",TLFSALWAL,TLFSALRAL,0,0,2612.0,2604.0,False,Improved,-3,TLFSALWAL,-3,TLFSALWAL,6,0.6931471805599453,TLFSALRAL,0.09979300000000002,TLFSALWAL,TLFSALWAL,TLFSALRAL,Positive,9,9,9,9,9,9,"1,3,8",0.900207,6,0.6931471805599453,substitution,1.0,4.753303964757709,"Positive_all,Positive_all",2,cedar,0.1135,TLFSALRAL,0.5395,TLFSALRAL,True,0.3104140279413506
TLLSLPVHFNL,HLA-A0201,0.5511,0,7,1.2394,0.5547,0.6728,HLA-A*02:01,31511069,TLLSLPVHFNL,TLLSLPVDFNL,0,0,96.0,86.0,False,Conserved,-1,TLLSLPVHL,1,TLLSLPVHL,7,0.6931471805599453,TLLSLPVNL,0.06691999999999998,TLLSLPVHFNL,TLLSLPVHFNL,TLLSLPVDFNL,Negative,11,11,11,11,11,11,"1,3,8",0.93308,7,0.6931471805599453,substitution,0.0,1.2208310651424423,Negative,1,cedar,0.5511,TLLSLPVDFNL,0.6728,TLLSLPVNL,True,0.2105645682447564
TLPGTLLLDEV,HLA-A0201,0.863,0,7,1.3222,0.387,8.8613,HLA-A*02:01,31511069,TLPGTLLLDEV,PLPGTLLLDEV,0,0,232.0,222.0,False,Improved,-1,TLPGTLLEV,-1,TLPGTLLEV,0,1.3862943611198906,PLPGTLLEV,0.015492999999999979,TLPGTLLLDEV,TLPGTLLLDEV,PLPGTLLLDEV,Negative,11,11,11,11,11,11,"1,3,8",0.984507,0,1.3862943611198906,substitution,0.0,10.268018539976826,Negative,1,cedar,0.863,PLPGTLLLDEV,8.8613,PLPGTLLEV,True,0.15165376127325442
TLSGFFLRTL,HLA-A0201,1.481,0,7,0.6138,0.7056,1.3744,HLA-A*02:01,27198675,TLSGFFLRT,TLSGFSLRTL,0,0,485.0,476.0,True,Conserved,-2,TLSGFFLTL,-4,TLSGFFLRT,"5,7,8",1.3862943611198906,TLSGFSLTL,0.11526899999999995,TLSGFFLRTL,TLSGFFLRT,TLSGFSLRTL,Negative,10,9,10,9,10,10,"1,3,8",0.884731,5,0.6931471805599453,substitution,0.0,0.9280216070222822,Negative,1,cedar,1.7112,TLSGFSLRTL,1.3744,TLSGFSLTL,True,0.13335910426448933
TLSGFFLRTLY,HLA-B3501,1.2336,0,7,0.2197,0.6524,0.9061,HLA-B*35:01,27198675,SGFFLRTLY,SGFSLRTLY,2,2,486.0,476.0,False,Conserved,-2,TLSGFFLLY,-2,SGFFLRTLY,3,0.6931471805599453,SGFSLRTLY,0.09170800000000001,TLSGFFLRTLY,SGFFLRTLY,SGFSLRTLY,Negative,11,9,9,9,9,11,"1,8",0.908292,5,0.6931471805599453,substitution,0.0,0.7345168612191958,Negative,1,cedar,8.5103,TLSGFSLRTLY,5.2704,TLSGFSTLY,True,0.15154956116477789
TLSGFFLRTLY,HLA-A1101,2.3609,0,7,0.2197,0.6524,1.8137,HLA-A*11:01,27198675,SGFFLRTLY,SGFSLRTLY,2,2,486.0,476.0,False,Conserved,-2,TLSGFFLLY,-2,SGFFLRTLY,3,0.6931471805599453,SGFSLRTLY,0.09170800000000001,TLSGFFLRTLY,SGFFLRTLY,SGFSLRTLY,Negative,11,9,9,9,9,11,"0,1,8",0.908292,5,0.6931471805599453,substitution,0.0,0.768223982379601,Negative,1,cedar,5.1284,TLSGFSLRTLY,3.9404,TLSGFSLLY,True,0.20419835151062551
TMSFSHLFYL,HLA-A0201,0.7086,1,7,0.0568,0.9118,1.6965,HLA-A*02:01,30418433,MSFSHLFYL,TMSSSHLFYL,1,0,35.0,26.0,True,Conserved,-2,TMFSHLFYL,-4,MSFSHLFYL,"0,1,2",1.0986122886681098,TMSSHLFYL,0.10074399999999994,TMSFSHLFYL,MSFSHLFYL,TMSSSHLFYL,Positive,10,9,10,9,10,10,"1,3,8",0.899256,3,0.6931471805599453,substitution,1.0,2.3941574936494496,Positive_all,1,cedar,0.7177,TMSSSHLFYL,1.6965,TMSSHLFYL,True,0.287570444395333
TSDVNSLVGK,HLA-A1101,0.4023,0,7,0.2388,0.6635,0.575,HLA-A*11:01,27198675,TSDVNSLVGK,TSDVNSSVGK,0,0,449.0,440.0,False,Conserved,-2,TSVNSLVGK,-2,TSVNSLVGK,5,0.6931471805599453,TSVNSSVGK,0.05676899999999996,TSDVNSLVGK,TSDVNSLVGK,TSDVNSSVGK,Negative,10,10,10,10,10,10,"0,1,8",0.943231,6,0.6931471805599453,substitution,0.0,1.4292816306239124,Negative,1,cedar,0.4023,TSDVNSSVGK,0.575,TSVNSSVGK,True,0.1077509924765168
TVIEYWSQK,HLA-A1101,0.017,0,7,0.0239,0.7948,0.0362,HLA-A*11:01,31511069,TVIEYWSQK,TVIEYRSQK,0,0,1434.0,1426.0,False,Conserved,-3,TVIEYWSQK,-3,TVIEYWSQK,5,0.6931471805599453,TVIEYRSQK,0.12670499999999996,TVIEYWSQK,TVIEYWSQK,TVIEYRSQK,Negative,9,9,9,9,9,9,"0,1,8",0.873295,5,0.6931471805599453,substitution,0.0,2.1294117647058823,Negative,1,cedar,0.017,TVIEYRSQK,0.0362,TVIEYRSQK,True,0.30878899540863747
TVNMHRLHVK,HLA-A0301,0.8654,0,7,0.5451,0.5748,0.9648,HLA-A*03:01,31511069,TVNMHRLHVK,TVNIHRLHVK,0,0,283.0,274.0,True,Conserved,1,TVNMHRLHK,-13,TVMHRLHVK,"2,3,4,5,6,7",2.0794415416798357,TVNIHRLHK,0.040568999999999966,TVNMHRLHVK,TVNMHRLHVK,TVNIHRLHVK,Negative,10,10,10,10,10,10,"0,1,8",0.959431,3,1.0986122886681098,substitution,0.0,1.1148601802634621,Negative,1,cedar,0.8654,TVNIHRLHVK,0.9648,TVNIHRLHK,True,0.2100019166401531
TVPSKFTFEV,HLA-A0201,2.8647,0,7,0.0694,0.7805,26.0263,HLA-A*02:01,31511069,TVPSKFTFEV,TVPSKFTFE,0,0,265.0,256.0,True,Conserved,-2,TVPSFTFEV,-12,TVPSFTFEV,"4,5,6,7,8",0.6931471805599453,TVPSKFTFE,0.03486699999999998,TVPSKFTFEV,TVPSKFTFEV,TVPSKFTFE,Negative,10,10,9,10,9,10,"1,3,8",0.965133,9,0.6931471805599453,substitution,0.0,9.08517471288442,Negative,1,cedar,2.8647,TVPSKFTFEE,37.3,TVPSFTFEE,True,0.08055855570592592
TVQTGMDTSK,HLA-A1101,0.2656,0,7,0.445,0.5997,0.1965,HLA-A*11:01,"34270940,34270940",TVQTGMDTSK,TVQTGVDTSK,0,0,922.0,913.0,False,Conserved,1,TVQTGMTSK,1,TVQTGMTSK,5,0.0,TVQTGVTSK,0.04393199999999997,TVQTGMDTSK,TVQTGMDTSK,TVQTGVDTSK,Negative,10,10,10,10,10,10,"0,1,8",0.956068,5,0.0,substitution,0.0,0.7398343373493976,"Negative,Negative",2,cedar,0.2656,TVQTGVDTSK,0.1965,TVQTGVTSK,True,0.13091637972151624
TVTECLNTFCK,HLA-A1101,1.9392,0,7,1.1031,0.4879,1.4893,HLA-A*11:01,24323902,TVTECLNTFCK,TVTECLHTFCK,0,0,40.0,30.0,False,Conserved,1,TVTENTFCK,1,TVTENTFCK,4,0.6931471805599453,TVTEHTFCK,0.06677999999999995,TVTECLNTFCK,TVTECLNTFCK,TVTECLHTFCK,Negative,11,11,11,11,11,11,"0,1,8",0.93322,6,0.6931471805599453,substitution,0.0,0.7679971122112211,Negative,1,cedar,1.9392,TVTECLHTFCK,1.4893,TVTEHTFCK,True,0.13957889829081094
VAHFQLQMLK,HLA-A3001,0.7696,0,7,0.1984,0.6778,0.3472,HLA-A*30:01,29895573,AHFQLQMLK,AHFQRQMLK,1,1,635.0,626.0,False,Conserved,-2,VAFQLQMLK,-2,AHFQLQMLK,4,1.3862943611198906,AHFQRQMLK,0.08811599999999997,VAHFQLQMLK,AHFQLQMLK,AHFQRQMLK,Negative,10,9,9,9,9,10,"0,1,2,8",0.911884,5,1.3862943611198906,substitution,0.0,0.45114345114345117,Negative,1,cedar,1.7498,VAHFQRQMLK,0.6234,VAFQRQMLK,True,0.17152662550717357
VAKNCGIAI,HLA-B0702,3.1829,0,7,0.2959,0.5907,1.0992,HLA-B*07:02,27198675,VAKNCGIAI,VAKNRGIAI,0,0,1551.0,1543.0,False,Conserved,-3,VAKNCGIAI,-3,VAKNCGIAI,4,0.6931471805599453,VAKNRGIAI,0.12995900000000005,VAKNCGIAI,VAKNCGIAI,VAKNRGIAI,Negative,9,9,9,9,9,9,"1,8",0.870041,4,0.6931471805599453,substitution,0.0,0.3453454396933614,Negative,1,cedar,3.1829,VAKNRGIAI,1.0992,VAKNRGIAI,True,0.21141684597413213
VFKDLSVTL,HLA-B3801,0.6985,0,7,0.0628,0.783,0.6897,HLA-B*38:01,30556813,FKDLSVTL,VFEDLSVTL,1,0,151.0,143.0,False,Conserved,1,VFKDLSVTL,-8,FKD-LSVTL,"0,1,2,3",1.0986122886681098,VFEDLSVTL,0.08074999999999999,VFKDLSVTL,FKDLSVTL,VFEDLSVTL,Negative,9,8,9,8,9,9,"1,8",0.91925,2,0.6931471805599453,substitution,0.0,0.9874015748031496,Negative,1,cedar,1.598,VFEDLSVTL,0.6897,VFEDLSVTL,True,0.13048026243485467
VIAMVHYLMIL,HLA-A0201,0.9771,0,7,8.5626,0.3173,0.6627,HLA-A*02:01,27198675,AMVHYLMIL,AMVHYLMVL,2,2,235.0,225.0,False,Conserved,3,VMVHYLMIL,3,AMVHYLMIL,7,1.0986122886681098,AMVHYLMVL,0.010352000000000028,VIAMVHYLMIL,AMVHYLMIL,AMVHYLMVL,Negative,11,9,9,9,9,11,"1,3,8",0.989648,9,1.0986122886681098,substitution,0.0,0.6782315013816396,Negative,1,cedar,20.4483,VIAMVHYLMVL,16.175,VMVHYLMVL,True,0.434989455158672
VLANDPDAHRL,HLA-A0201,0.4106,0,7,0.5622,0.3325,2.4833,HLA-A*02:01,31511069,VLANDPDAHRL,VLANDPDADRL,0,0,328.0,318.0,False,Improved,-1,VLDPDAHRL,-1,VLDPDAHRL,6,0.6931471805599453,VLDPDADRL,0.05208500000000005,VLANDPDAHRL,VLANDPDAHRL,VLANDPDADRL,Negative,11,11,11,11,11,11,"1,3,8",0.947915,8,0.6931471805599453,substitution,0.0,6.047978567949341,Negative,1,cedar,0.4106,VLANDPDADRL,2.4833,VLDPDADRL,True,0.1226731527158557
VLSQVDLPCGI,HLA-A0201,1.6687,0,7,3.1497,0.5352,1.6687,HLA-A*02:01,31511069,SQVDLPCGI,SQVDLPCGI,2,2,71.0,61.0,False,Conserved,-2,VLSDLPCGI,4,SQVDLPCGI,-1,,SQVDLPCGI,0.0,VLSQVDLPCGI,SQVDLPCGI,SQVDLPCGI,Negative,11,9,9,9,9,11,"1,3,8",1.0,1,1.3862943611198906,substitution,0.0,1.0,Negative,1,cedar,3.5569,VRSQVDLPCGI,18.0565,VQVDLPCGI,True,0.13704624319510217
VLVSRMPFV,HLA-A0201,0.0741,0,7,0.0311,0.8766,0.039,HLA-A*02:01,31511069,VLVSRMPFV,VLVSRLPFV,0,0,187.0,179.0,False,Conserved,2,VLVSRMPFV,2,VLVSRMPFV,5,0.6931471805599453,VLVSRLPFV,0.03596900000000003,VLVSRMPFV,VLVSRMPFV,VLVSRLPFV,Negative,9,9,9,9,9,9,"1,3,8",0.964031,5,0.6931471805599453,substitution,0.0,0.5263157894736842,Negative,1,cedar,0.0741,VLVSRLPFV,0.039,VLVSRLPFV,True,0.3566596118932175
VLWVNTDQV,HLA-A0201,0.1772,0,7,0.28,0.7263,4.5604,HLA-A*02:01,27198675,VLWVNTDQV,VSWVNTDQV,0,0,1065.0,1057.0,True,Improved,-2,VLWVNTDQV,-2,VLWVNTDQV,1,0.6931471805599453,VSWVNTDQV,0.05477299999999996,VLWVNTDQV,VLWVNTDQV,VSWVNTDQV,Negative,9,9,9,9,9,9,"1,3,8",0.945227,1,0.6931471805599453,substitution,0.0,25.735891647855528,Negative,1,cedar,0.1772,VSWVNTDQV,4.5604,VSWVNTDQV,True,0.25133010158452773
VLYVWSFFL,HLA-A0201,0.5922,0,7,0.0564,0.912,0.0711,HLA-A*02:01,31511069,VLYVWSFFL,VLYGWSFFL,0,0,203.0,195.0,True,Conserved,-3,VLYVWSFFL,-3,VLYVWSFFL,3,1.3862943611198906,VLYGWSFFL,0.10295500000000002,VLYVWSFFL,VLYVWSFFL,VLYGWSFFL,Negative,9,9,9,9,9,9,"1,3,8",0.897045,3,1.3862943611198906,substitution,0.0,0.12006079027355623,Negative,1,cedar,0.5922,VLYGWSFFL,0.0711,VLYGWSFFL,True,0.5603402379841371
VPKAYTWGAV,HLA-B0702,0.7544,0,7,0.164,0.6452,1.9341,HLA-B*07:02,31511069,VPKAYTWGAV,VPTAYTWGAV,0,0,27.0,18.0,True,Conserved,-1,VPKAYTGAV,-7,VPKAYTGAV,"2,3,4,5",-1.0,VPAYTWGAV,0.050636000000000014,VPKAYTWGAV,VPKAYTWGAV,VPTAYTWGAV,Negative,10,10,10,10,10,10,"1,8",0.949364,2,0.6931471805599453,substitution,0.0,2.563759278897137,Negative,1,cedar,0.7544,VPTAYTWGAV,1.9341,VPAYTWGAV,True,0.1274307616453717
VQLEEEYEV,HLA-A0201,0.1314,1,7,0.1141,0.7876,47.75,HLA-A*02:01,"30340600,30340600",VQLEEEYEV,VQLEEEYE,0,0,1584.0,1576.0,True,Improved,-3,VQLEEEYEV,-6,VQLEEEYEV,8,,VQLEEEYE-,0.03992200000000001,VQLEEEYEV,VQLEEEYEV,VQLEEEYE,Positive,9,9,8,9,8,9,"1,3,8",0.960078,8,0.6931471805599453,substitution,1.0,363.39421613394217,"Positive_all,Positive_all",2,cedar,0.1314,VQLEEEYED,48.4,VQLEEEYED,True,0.2857780691505514
VQPHYITVSV,HLA-A0201,2.7442,0,7,0.2006,0.4232,2.3966,HLA-A*02:01,27198675,VQPHYITVSV,VQPHHITVSV,0,0,173.0,164.0,False,Conserved,2,VPHYITVSV,2,VQPHYIVSV,4,0.6931471805599453,VQPHHIVSV,0.06504100000000002,VQPHYITVSV,VQPHYITVSV,VQPHHITVSV,Negative,10,10,10,10,10,10,"1,3,8",0.934959,4,0.6931471805599453,substitution,0.0,0.8733328474600975,Negative,1,cedar,2.7442,VQPHHITVSV,2.3966,VQPHHIVSV,True,0.21467247744483
VQYLGMFPV,HLA-A0201,0.8285,1,7,0.01,0.5357,1.0776,HLA-A*02:01,30418433,VQYLGMFPV,VQYLGMLPV,0,0,578.0,570.0,False,Conserved,0,VQYLGMFPV,0,VQYLGMFPV,6,1.791759469228055,VQYLGMLPV,0.055047999999999986,VQYLGMFPV,VQYLGMFPV,VQYLGMLPV,Positive,9,9,9,9,9,9,"1,3,8",0.944952,6,1.791759469228055,substitution,1.0,1.300663850331925,Positive_all,1,cedar,0.8285,VQYLGMLPV,1.0776,VQYLGMLPV,True,0.4280648482178169
VSKILPSTW,HLA-B5701,0.0059,1,7,0.0434,0.7298,0.0058,HLA-B*57:01,"28678784,28678784",VSKILPSTW,VSKTLPSTW,0,0,477.0,469.0,False,Conserved,-1,VSKILPSTW,-1,VSKILPSTW,3,1.0986122886681098,VSKTLPSTW,0.06084299999999998,VSKILPSTW,VSKILPSTW,VSKTLPSTW,Positive,9,9,9,9,9,9,"1,8",0.939157,3,1.0986122886681098,substitution,1.0,0.983050847457627,"Positive_all,Positive_all",2,cedar,0.0059,VSKTLPSTW,0.0058,VSKTLPSTW,True,0.25050358557979024
VTECLNTFCK,HLA-A1101,1.9962,0,7,0.3794,0.6154,1.8044,HLA-A*11:01,24323902,VTECLNTFCK,VTECLHTFCK,0,0,40.0,31.0,False,Conserved,1,VTELNTFCK,1,VTELNTFCK,4,0.6931471805599453,VTELHTFCK,0.07974499999999995,VTECLNTFCK,VTECLNTFCK,VTECLHTFCK,Negative,10,10,10,10,10,10,"0,1,8",0.920255,5,0.6931471805599453,substitution,0.0,0.9039174431419698,Negative,1,cedar,1.9962,VTECLHTFCK,1.8044,VTELHTFCK,True,0.1654258819683082
VTKGEHMTEK,HLA-A1101,0.5161,0,7,0.3271,0.6238,11.6642,HLA-A*11:01,27198675,VTKGEHMTEK,VTKGEHMTE,0,0,1085.0,1076.0,True,Improved,1,VTKGEHMTK,-7,VTGEHMTEK,"2,3,4,5,6,7,8",1.6094379124341003,VTKGEHMTE,0.03536300000000003,VTKGEHMTEK,VTKGEHMTEK,VTKGEHMTE,Negative,10,10,9,10,9,10,"0,1,8",0.964637,9,0.6931471805599453,substitution,0.0,22.60065878705677,Negative,1,cedar,0.5161,VTKGEHMTEE,18.7105,VTKGEHMTE,True,0.10667296623981853
VVVGADGVGK,HLA-A1101,0.4518,1,7,0.9176,0.513,0.2133,HLA-A*11:01,"26701267,26701267,26701267,26701267,26701267",VVGADGVGK,VVGAGGVGK,1,1,16.0,7.0,False,Conserved,-1,VVVGAGVGK,-1,VVGADGVGK,4,0.6931471805599453,VVGAGGVGK,0.08007299999999995,VVVGADGVGK,VVGADGVGK,VVGAGGVGK,Positive,10,9,9,9,9,10,"0,1,8",0.919927,5,0.6931471805599453,substitution,1.0,0.4721115537848606,"Positive_all,Positive_all,Positive_all,Positive_all,Positive_all",5,cedar,0.7594,VVVGAGGVGK,0.5886,VVVGGGVGK,True,0.17099651530379936
WLSDASERHPV,HLA-A0201,1.8222,0,7,0.212,0.7878,1.2704,HLA-A*02:01,33257508,WLSDASERHPV,WLSDASVRHPV,0,0,308.0,298.0,True,Conserved,-2,WLSDASERV,-5,WLSDASHPV,"6,7",1.3862943611198906,WLSDASVRV,0.06464999999999999,WLSDASERHPV,WLSDASERHPV,WLSDASVRHPV,Negative,11,11,11,11,11,11,"1,3,8",0.93535,6,0.6931471805599453,substitution,0.0,0.6971792338930962,Negative,1,cedar,1.8222,WLSDASVRHPV,1.2704,WLSDASVRV,True,0.04712733312600981
WYLRINKRGKV,HLA-A2402,15.3043,0,7,4.1986,0.2439,13.6306,HLA-A*24:02,27198675,WYLRINKRG,WYLRIDKRGKV,0,0,85.0,75.0,True,Conserved,1,WRINKRGKV,-6,WYLRINKRG,"2,3,4,5,6,7,8",2.3978952727983707,WYIDKRGKV,0.099572,WYLRINKRGKV,WYLRINKRG,WYLRIDKRGKV,Negative,11,9,11,9,11,11,"1,8",0.900428,5,0.6931471805599453,substitution,0.0,0.8906385787001039,Negative,1,cedar,15.5072,WYLRIDKRGKV,13.6306,WYIDKRGKV,True,0.13829746402720078
YLAMISEGYL,HLA-A0201,1.128,0,7,0.0098,0.9062,1.3693,HLA-A*02:01,31511069,YLAMISEGYL,YLAMNSEGYL,0,0,78.0,69.0,False,Conserved,-3,YLAMISEYL,-3,YLAMISEYL,4,0.6931471805599453,YLAMNSEYL,0.08511000000000002,YLAMISEGYL,YLAMISEGYL,YLAMNSEGYL,Negative,10,10,10,10,10,10,"1,3,8",0.91489,4,0.6931471805599453,substitution,0.0,1.213918439716312,Negative,1,cedar,1.128,YLAMNSEGYL,1.3693,YLAMNSEYL,True,0.14038554831237626
YLLDAQIREI,HLA-A0201,0.0856,0,7,0.1016,0.8941,1.7518,HLA-A*02:01,31511069,YLLDAQIREI,YLLDAQIRES,0,0,199.0,190.0,True,Improved,-2,YLLDAQIEI,-2,YLLDAQIEI,8,0.6931471805599453,YLLDAQIES,0.017391999999999963,YLLDAQIREI,YLLDAQIREI,YLLDAQIRES,Negative,10,10,10,10,10,10,"1,3,8",0.982608,9,0.6931471805599453,substitution,0.0,20.46495327102804,Negative,1,cedar,0.0856,YLLDAQIRES,1.7518,YLLDAQIES,True,0.30989370649922515
YMMMWDCWHA,HLA-A0201,0.8267,1,7,0.0266,0.8602,1.1135,HLA-A*02:01,"34244308,34244308",MMMWDCWHA,MMMRDCWHA,1,1,742.0,733.0,True,Conserved,-3,YMMMWDWHA,-3,MMMWDCWHA,3,0.6931471805599453,MMMRDCWHA,0.154343,YMMMWDCWHA,MMMWDCWHA,MMMRDCWHA,Positive,10,9,9,9,9,10,"1,3,8",0.845657,4,0.6931471805599453,substitution,0.5,1.346921495101004,"Positive_all,Negative",2,cedar,1.7085,YMMMRDCWHA,2.673,YMMRDCWHA,True,0.2867237543589001
YMMMWDCWHAV,HLA-A0201,0.1711,1,7,0.0307,0.9286,1.1135,HLA-A*02:01,"34244308,34244308",MMWDCWHAV,MMMRDCWHA,2,1,743.0,733.0,True,Improved,-3,YMWDCWHAV,-12,MMWDCWHAV,"2,3,4,5,6,7,8",1.791759469228055,MMMRDCWHA,0.23461500000000002,YMMMWDCWHAV,MMWDCWHAV,MMMRDCWHA,Positive,11,9,9,9,9,11,"1,3,8",0.765385,4,0.6931471805599453,substitution,0.5,6.507890122735242,"Positive_all,Negative",2,cedar,1.1053,YMMMRDCWHAV,1.5405,YMMDCWHAV,True,0.2985849637382003
YPFNAKQPTDV,HLA-B0702,0.946,0,7,0.4203,0.4678,0.5904,HLA-B*07:02,31511069,YPFNAKQPT,YPFNAKQPTDM,0,0,141.0,131.0,True,Conserved,1,YPFNAKQPV,-1,YPFNAKQPT,8,0.0,YPFNAKQPM,0.06405799999999995,YPFNAKQPTDV,YPFNAKQPT,YPFNAKQPTDM,Negative,11,9,11,9,11,11,"1,8",0.935942,10,0.0,substitution,0.0,0.6241014799154335,Negative,1,cedar,1.3809,YPFNAKQPTDM,0.5904,YPFNAKQPM,True,0.055664396879878786
YPFQFVPGL,HLA-B0702,0.2614,0,7,0.0309,0.4898,0.1822,HLA-B*07:02,31511069,YPFQFVPGL,YPSQFVPGL,0,0,334.0,326.0,False,Conserved,-2,YPFQFVPGL,-2,YPFQFVPGL,2,0.6931471805599453,YPSQFVPGL,0.09144200000000002,YPFQFVPGL,YPFQFVPGL,YPSQFVPGL,Negative,9,9,9,9,9,9,"1,8",0.908558,2,0.6931471805599453,substitution,0.0,0.6970160673297627,Negative,1,cedar,0.2614,YPSQFVPGL,0.1822,YPSQFVPGL,True,0.39118967023363027
YSNAQILHF,HLA-B1501,0.2888,0,7,0.05,0.6535,0.2484,HLA-B*15:01,27198675,YSNAQILHF,YSNAQILQF,0,0,530.0,522.0,False,Conserved,0,YSNAQILHF,0,YSNAQILHF,7,1.3862943611198906,YSNAQILQF,0.04808100000000004,YSNAQILHF,YSNAQILHF,YSNAQILQF,Negative,9,9,9,9,9,9,"1,8",0.951919,7,1.3862943611198906,substitution,0.0,0.8601108033240997,Negative,1,cedar,0.2888,YSNAQILQF,0.2484,YSNAQILQF,True,0.19257498259271405
YTCEKPYYY,HLA-A0101,0.04,0,7,0.016,0.8283,0.0318,HLA-A*01:01,33479501,YTCEKPYYY,YTCEEPYYY,0,0,392.0,384.0,False,Conserved,1,YTCEKPYYY,1,YTCEKPYYY,4,0.6931471805599453,YTCEEPYYY,0.06004299999999996,YTCEKPYYY,YTCEKPYYY,YTCEEPYYY,Negative,9,9,9,9,9,9,"1,2,8",0.939957,4,0.6931471805599453,substitution,0.0,0.795,Negative,1,cedar,0.04,YTCEEPYYY,0.0318,YTCEEPYYY,True,0.2615184853617709
YVAGGQEVF,HLA-B0702,2.7938,0,7,0.1409,0.5625,1.9993,HLA-B*07:02,27198675,YVAGGQEVF,YVAGGQEAF,0,0,94.0,86.0,False,Conserved,0,YVAGGQEVF,0,YVAGGQEVF,7,1.3862943611198906,YVAGGQEAF,0.03105100000000005,YVAGGQEVF,YVAGGQEVF,YVAGGQEAF,Negative,9,9,9,9,9,9,"1,8",0.968949,7,1.3862943611198906,substitution,0.0,0.7156203020975016,Negative,1,cedar,2.7938,YVAGGQEAF,1.9993,YVAGGQEAF,True,0.148353946485782
YVAGGQEVF,HLA-A2402,1.2808,0,7,0.1409,0.5625,1.5626,HLA-A*24:02,27198675,YVAGGQEVF,YVAGGQEAF,0,0,94.0,86.0,False,Conserved,0,YVAGGQEVF,0,YVAGGQEVF,7,1.3862943611198906,YVAGGQEAF,0.03105100000000005,YVAGGQEVF,YVAGGQEVF,YVAGGQEAF,Negative,9,9,9,9,9,9,"1,8",0.968949,7,1.3862943611198906,substitution,0.0,1.2200187382885697,Negative,1,cedar,1.2808,YVAGGQEAF,1.5626,YVAGGQEAF,True,0.1751656274032414
AAMHGRKIM,HLA-B0702,0.6699,0,8,0.3925,0.562,0.7389,HLA-B*07:02,31511069,AAMHGRKIM,AAMNGRKIM,0,0,74.0,66.0,False,Conserved,1,AAMHGRKIM,1,AAMHGRKIM,3,0.6931471805599453,AAMNGRKIM,0.07847599999999999,AAMHGRKIM,AAMHGRKIM,AAMNGRKIM,Negative,9,9,9,9,9,9,"1,8",0.921524,3,0.6931471805599453,substitution,0.0,1.103000447828034,Negative,1,cedar,0.6699,AAMNGRKIM,0.7389,AAMNGRKIM,True,0.14029245886543093
AFQTSEKKFYI,HLA-A2402,0.5035,0,8,4.3587,0.1625,0.5035,HLA-A*24:02,27198675,AFQTSEKKF,AFQTSEKKF,0,0,1449.0,1439.0,False,Conserved,2,AFQEKKFYI,6,AFQTSEKKF,-1,,AFQTSEKKF,0.0,AFQTSEKKFYI,AFQTSEKKF,AFQTSEKKF,Negative,11,9,9,9,9,11,"1,8",1.0,9,0.6931471805599453,substitution,0.0,1.0,Negative,1,cedar,4.9245,AFQTSEKKFHI,3.9744,AFQEKKFHI,True,0.10437846798800571
AGQHIAKSLF,HLA-B4402,1.9036,1,8,0.5213,0.581,3.4639,HLA-B*44:02,"28678784,28678784",GQHIAKSLF,GQHIAKSPF,1,1,370.0,361.0,False,Conserved,-3,AQHIAKSLF,-3,GQHIAKSLF,7,1.3862943611198906,GQHIAKSPF,0.06429200000000002,AGQHIAKSLF,GQHIAKSLF,GQHIAKSPF,Positive,10,9,9,9,9,10,"1,8",0.935708,8,1.3862943611198906,substitution,0.5,1.8196574910695527,"Positive_all,Negative",2,cedar,4.1901,AGQHIAKSPF,8.3134,AQHIAKSPF,True,0.09046319642078617
AIAKFNFNA,HLA-A0201,1.7613,0,8,0.9607,0.5889,32.1667,HLA-A*02:01,31511069,AIAKFNFNA,AIAKFNFNG,0,0,692.0,684.0,True,Improved,0,AIAKFNFNA,0,AIAKFNFNA,8,1.3862943611198906,AIAKFNFNG,0.019496999999999987,AIAKFNFNA,AIAKFNFNA,AIAKFNFNG,Negative,9,9,9,9,9,9,"1,3,8",0.980503,8,1.3862943611198906,substitution,0.0,18.263044342247202,Negative,1,cedar,1.7613,AIAKFNFNG,32.1667,AIAKFNFNG,True,0.12636012989446005
ALDPHSGHF,HLA-B1501,0.3632,0,8,0.0456,0.6295,4.0464,HLA-B*15:01,27198675,ALDPHSGHF,ARDPHSGHF,0,0,31.0,23.0,True,Improved,-2,ALDPHSGHF,-2,ALDPHSGHF,1,1.3862943611198906,ARDPHSGHF,0.05890899999999999,ALDPHSGHF,ALDPHSGHF,ARDPHSGHF,Negative,9,9,9,9,9,9,"1,8",0.941091,1,1.3862943611198906,substitution,0.0,11.140969162995594,Negative,1,cedar,0.3632,ARDPHSGHF,4.0464,ARDPHSGHF,True,0.0860553220127784
ALDPHSGHFV,HLA-A0201,0.0854,1,8,0.4235,0.6897,11.641,HLA-A*02:01,"27198675,27198675,27198675,27198675,27198675,27198675,27198675,27198675,27198675,28678784,28678784,28678784,28678784",ALDPHSGHFV,ARDPHSGHFV,0,0,32.0,23.0,True,Improved,-2,ALDPHSHFV,-2,ALDPHSHFV,1,1.3862943611198906,ARDPHSHFV,0.043591000000000046,ALDPHSGHFV,ALDPHSGHFV,ARDPHSGHFV,Positive,10,10,10,10,10,10,"1,3,8",0.956409,1,1.3862943611198906,substitution,0.7692307692307693,136.31147540983605,"Positive_all,Positive_all,Positive_all,Positive_all,Positive_all,Positive_all,Positive_all,Positive_all,Negative,Positive_all,Negative,Positive_all,Negative",13,cedar,0.0854,ARDPHSGHFV,11.641,ARDPHSHFV,True,0.1735049182517931
ALDPHSGHFVA,HLA-A0201,0.0854,1,8,0.4595,0.3308,11.641,HLA-A*02:01,27198675,ALDPHSGHFV,ARDPHSGHFV,0,0,33.0,23.0,True,Improved,-2,APHSGHFVA,-2,ALDPHSHFV,1,1.3862943611198906,ARDPHSHFV,0.043591000000000046,ALDPHSGHFVA,ALDPHSGHFV,ARDPHSGHFV,Negative,11,10,10,10,10,11,"1,3,8",0.956409,1,1.3862943611198906,substitution,0.0,136.31147540983605,Negative,1,cedar,1.4716,ARDPHSGHFVA,34.9286,ARDPGHFVA,True,0.09741807086978786
ALESIAWFSV,HLA-A0201,1.768,0,8,0.5704,0.7856,1.6921,HLA-A*02:01,31511069,ALESIAWFSV,ALESIAWFTV,0,0,120.0,111.0,False,Conserved,1,ALESIAWSV,1,ALESIAWSV,7,1.791759469228055,ALESIAWTV,0.019039999999999946,ALESIAWFSV,ALESIAWFSV,ALESIAWFTV,Negative,10,10,10,10,10,10,"1,3,8",0.98096,8,1.791759469228055,substitution,0.0,0.9570701357466063,Negative,1,cedar,1.768,ALESIAWFTV,1.6921,ALESIAWTV,True,0.1339707410130979
ALFASRPRF,HLA-B1501,0.1407,0,8,0.491,0.5873,0.2502,HLA-B*15:01,33479501,ALFASRPRF,VLFASRPRF,0,0,659.0,651.0,False,Conserved,0,ALFASRPRF,0,ALFASRPRF,0,1.3862943611198906,VLFASRPRF,0.015333999999999959,ALFASRPRF,ALFASRPRF,VLFASRPRF,Negative,9,9,9,9,9,9,"1,8",0.984666,0,1.3862943611198906,substitution,0.0,1.7782515991471215,Negative,1,cedar,0.1407,VLFASRPRF,0.2502,VLFASRPRF,True,0.10534352220911082
ALFTADSAQTK,HLA-A0301,0.0764,0,8,0.4577,0.5471,0.2741,HLA-A*03:01,31511069,ALFTADSAQTK,ALLTADSAQTK,0,0,555.0,545.0,False,Conserved,0,ALFDSAQTK,0,ALFDSAQTK,2,1.791759469228055,ALLDSAQTK,0.026252000000000053,ALFTADSAQTK,ALFTADSAQTK,ALLTADSAQTK,Negative,11,11,11,11,11,11,"0,1,8",0.973748,2,1.791759469228055,substitution,0.0,3.5876963350785345,Negative,1,cedar,0.0764,ALLTADSAQTK,0.2741,ALLDSAQTK,True,0.11050484690657462
ALHSSSSYH,HLA-A0301,0.5429,0,8,0.9326,0.4584,0.2166,HLA-A*03:01,31511069,ALHSSSSYH,ALHSSSSYR,0,0,153.0,145.0,True,Conserved,0,ALHSSSSYH,0,ALHSSSSYH,8,0.6931471805599453,ALHSSSSYR,0.02313200000000004,ALHSSSSYH,ALHSSSSYH,ALHSSSSYR,Negative,9,9,9,9,9,9,"0,1,8",0.976868,8,0.6931471805599453,substitution,0.0,0.3989685024866457,Negative,1,cedar,0.5429,ALHSSSSYR,0.2166,ALHSSSSYR,True,0.08425924319024657
ALTASTVPL,HLA-A0201,0.6482,0,8,0.2368,0.7801,0.509,HLA-A*02:01,24323902,ALTASTVPL,ALTASPVPL,0,0,483.0,475.0,False,Conserved,-1,ALTASTVPL,-1,ALTASTVPL,5,1.3862943611198906,ALTASPVPL,0.07642800000000005,ALTASTVPL,ALTASTVPL,ALTASPVPL,Negative,9,9,9,9,9,9,"1,3,8",0.923572,5,1.3862943611198906,substitution,0.0,0.785251465597038,Negative,1,cedar,0.6482,ALTASPVPL,0.509,ALTASPVPL,True,0.15118442601771212
AMHGRKIMGK,HLA-A0301,0.1097,0,8,0.0569,0.7235,0.0736,HLA-A*03:01,31511069,AMHGRKIMGK,AMNGRKIMGK,0,0,76.0,67.0,False,Conserved,1,AMHGKIMGK,1,AMHGKIMGK,2,0.6931471805599453,AMNGKIMGK,0.05552800000000002,AMHGRKIMGK,AMHGRKIMGK,AMNGRKIMGK,Negative,10,10,10,10,10,10,"0,1,8",0.944472,2,0.6931471805599453,substitution,0.0,0.6709206927985414,Negative,1,cedar,0.1097,AMNGRKIMGK,0.0736,AMNGKIMGK,True,0.22540340282569998
APAASPTVVV,HLA-B0702,0.0764,0,8,0.6317,0.2909,0.1967,HLA-B*07:02,31511069,APAASPTVV,APAASPTGV,0,0,449.0,440.0,False,Conserved,-3,APASPTVVV,-3,APAASPTVV,7,1.3862943611198906,APAASPTGV,0.051710000000000034,APAASPTVVV,APAASPTVV,APAASPTGV,Negative,10,9,9,9,9,10,"1,8",0.94829,7,1.3862943611198906,substitution,0.0,2.5746073298429324,Negative,1,cedar,0.2419,APAASPTGVV,0.2864,APASPTGVV,True,0.17699648642481264
APNLQNQMSSL,HLA-B0702,0.1021,0,8,0.2277,0.6077,0.2083,HLA-B*07:02,27198675,APNLQNQMSSL,APNLQNQMCSL,0,0,272.0,262.0,False,Conserved,-1,APNLQNSSL,0,APNLQNSSL,6,-1.0,APNLQNQSL,0.04618,APNLQNQMSSL,APNLQNQMSSL,APNLQNQMCSL,Negative,11,11,11,11,11,11,"1,8",0.95382,8,1.3862943611198906,substitution,0.0,2.040156709108717,Negative,1,cedar,0.1021,APNLQNQMCSL,0.2083,APNLQNQSL,True,0.08853097509316915
AQILHFQNPGY,HLA-B1501,0.2558,0,8,0.551,0.5749,0.3154,HLA-B*15:01,27198675,ILHFQNPGY,AQILQFQNPGY,2,0,535.0,525.0,True,Conserved,0,AQILHFQNY,-10,ILHFQNPGY,"0,1,2,3,5,6",2.302585092994046,AQILQFQGY,0.123973,AQILHFQNPGY,ILHFQNPGY,AQILQFQNPGY,Negative,11,9,11,9,11,11,"1,8",0.876027,4,1.3862943611198906,substitution,0.0,1.2329945269741984,Negative,1,cedar,0.2561,AQILQFQNPGY,0.3154,AQILQFQGY,True,0.13658205321788625
ARMWMTLTF,HLA-A2402,1.1876,0,8,0.0158,0.7572,0.8456,HLA-A*24:02,"34270940,34270940",ARMWMTLTF,ARMWKTLTF,0,0,43.0,35.0,False,Conserved,-1,ARMWMTLTF,-1,ARMWMTLTF,4,0.0,ARMWKTLTF,0.08880900000000003,ARMWMTLTF,ARMWMTLTF,ARMWKTLTF,Negative,9,9,9,9,9,9,"1,8",0.911191,4,0.0,substitution,0.0,0.7120242505894241,"Negative,Negative",2,cedar,1.1876,ARMWKTLTF,0.8456,ARMWKTLTF,True,0.23168677394028453
ARYVPLTPWF,HLA-A2402,0.0072,0,8,0.2409,0.6015,0.006,HLA-A*24:02,"34270940,34270940",RYVPLTPWF,RYVPSTPWF,1,1,173.0,164.0,False,Conserved,-2,ARYPLTPWF,-2,RYVPLTPWF,4,0.6931471805599453,RYVPSTPWF,0.094248,ARYVPLTPWF,RYVPLTPWF,RYVPSTPWF,Negative,10,9,9,9,9,10,"1,8",0.905752,5,0.6931471805599453,substitution,0.0,0.8333333333333334,"Negative,Negative",2,cedar,0.2215,ARYVPSTPWF,0.1442,AYVPSTPWF,True,0.20881282483703875
ASAWRNIAAR,HLA-A1101,0.9804,0,8,0.1669,0.7229,1.0591,HLA-A*11:01,27198675,SAWRNIAAR,ASAGRNIAAR,1,0,638.0,629.0,True,Conserved,-2,ASAWRIAAR,-3,SAWRNIAAR,"0,1,2,3",2.6390573296152584,ASAGNIAAR,0.13137100000000002,ASAWRNIAAR,SAWRNIAAR,ASAGRNIAAR,Negative,10,9,10,9,10,10,"0,1,8",0.868629,3,0.0,substitution,0.0,1.0802733578131374,Negative,1,cedar,1.4179,ASAGRNIAAR,1.0591,ASAGNIAAR,True,0.09054535694884455
ASISSFLLV,HLA-A1101,3.3489,0,8,0.0091,0.7409,4.7449,HLA-A*11:01,27198675,ASISSFLLV,ASISSSLLV,0,0,83.0,75.0,False,Conserved,-2,ASISSFLLV,-2,ASISSFLLV,5,0.6931471805599453,ASISSSLLV,0.06620499999999996,ASISSFLLV,ASISSFLLV,ASISSSLLV,Negative,9,9,9,9,9,9,"0,1,8",0.933795,5,0.6931471805599453,substitution,0.0,1.4168532951118278,Negative,1,cedar,3.3489,ASISSSLLV,4.7449,ASISSSLLV,True,0.183729496071977
ASSYIILAM,HLA-B1501,2.5161,0,8,0.1459,0.5444,3.5889,HLA-B*15:01,27198675,ASSYIILAM,ASSYMILAM,0,0,133.0,125.0,False,Conserved,1,ASSYIILAM,1,ASSYIILAM,4,1.0986122886681098,ASSYMILAM,0.042134000000000005,ASSYIILAM,ASSYIILAM,ASSYMILAM,Negative,9,9,9,9,9,9,"1,8",0.957866,4,1.0986122886681098,substitution,0.0,1.4263741504709673,Negative,1,cedar,2.5161,ASSYMILAM,3.5889,ASSYMILAM,True,0.18297557493
ASWYRIYSK,HLA-A1101,0.032,0,8,0.0166,0.8189,0.0274,HLA-A*11:01,"34270940,34270940",ASWYRIYSK,ASWYRIYTK,0,0,195.0,187.0,False,Conserved,1,ASWYRIYSK,1,ASWYRIYSK,7,1.791759469228055,ASWYRIYTK,0.025182000000000038,ASWYRIYSK,ASWYRIYSK,ASWYRIYTK,Negative,9,9,9,9,9,9,"0,1,8",0.974818,7,1.791759469228055,substitution,0.0,0.85625,"Negative,Negative",2,cedar,0.032,ASWYRIYTK,0.0274,ASWYRIYTK,True,0.30728356831386744
ASWYRIYSKI,HLA-A1101,0.032,0,8,1.6987,0.4204,0.0274,HLA-A*11:01,"34270940,34270940",ASWYRIYSK,ASWYRIYTK,0,0,196.0,187.0,False,Conserved,1,ASWYRIYSK,1,ASWYRIYSK,7,1.791759469228055,ASWYRIYTK,0.025182000000000038,ASWYRIYSK,ASWYRIYSK,ASWYRIYTK,Negative,10,9,9,9,9,10,"0,1,8",0.974818,7,1.791759469228055,substitution,0.0,0.85625,"Negative,Negative",2,cedar,4.2157,ASWYRIYTKI,3.9291,ASWYRIYTK,True,0.13435518408739514
ATIVPELNEI,HLA-A6801,10.2472,0,8,1.0726,0.5451,6.4305,HLA-A*68:01,30556813,ATIVPELNE,ATIDPELNE,0,0,320.0,311.0,False,Conserved,-3,ATIPELNEI,-3,ATIVPELNE,3,0.6931471805599453,ATIDPELNE,0.09751299999999996,ATIVPELNEI,ATIVPELNE,ATIDPELNE,Negative,10,9,9,9,9,10,"0,1,8",0.902487,3,0.6931471805599453,substitution,0.0,0.6275372784760715,Negative,1,cedar,22.8657,ATIDPELNEI,14.7613,ATIDPLNEI,True,0.13047162770321788
ATNAKDSSSR,HLA-A1101,0.8031,0,8,1.1665,0.5287,0.9149,HLA-A*11:01,24323902,ATNAKDSSSR,ATNARDSSSR,0,0,1032.0,1023.0,True,Conserved,2,ATNAKSSSR,-3,ATAKDSSSR,"2,3",-1.0,ATNADSSSR,0.02893000000000001,ATNAKDSSSR,ATNAKDSSSR,ATNARDSSSR,Negative,10,10,10,10,10,10,"0,1,8",0.97107,4,0.6931471805599453,substitution,0.0,1.1392105590835513,Negative,1,cedar,0.8031,ATNARDSSSR,0.9149,ATNADSSSR,True,0.07620491242737919
AVLSPQEKREL,HLA-B0702,0.1407,0,8,3.1371,0.1424,0.1407,HLA-B*07:02,27198675,SPQEKREL,SPQEKREL,3,3,440.0,430.0,False,Conserved,0,AVPQEKREL,4,SPQEKR-EL,-1,,SPQEKR-EL,0.0,AVLSPQEKREL,SPQEKREL,SPQEKREL,Negative,11,8,8,8,8,11,"1,8",1.0,1,1.3862943611198906,substitution,0.0,1.0,Negative,1,cedar,4.3199,AALSPQEKREL,4.4995,AALSPKREL,True,0.0700550156774869
AVMKFKNPL,HLA-A0201,2.7138,0,8,0.4354,0.5276,15.7156,HLA-A*02:01,27198675,AVMKFKNPL,AVMKFKNPP,0,0,66.0,58.0,True,Conserved,-3,AVMKFKNPL,-3,AVMKFKNPL,8,1.3862943611198906,AVMKFKNPP,0.036102999999999996,AVMKFKNPL,AVMKFKNPL,AVMKFKNPP,Negative,9,9,9,9,9,9,"1,3,8",0.963897,8,1.3862943611198906,substitution,0.0,5.79099417790552,Negative,1,cedar,2.7138,AVMKFKNPP,15.7156,AVMKFKNPP,True,0.07665555615170157
AVMKFKNPL,HLA-B0702,0.6024,0,8,0.4354,0.5276,11.654,HLA-B*07:02,27198675,AVMKFKNPL,AVMKFKNPP,0,0,66.0,58.0,True,Improved,-3,AVMKFKNPL,-3,AVMKFKNPL,8,1.3862943611198906,AVMKFKNPP,0.036102999999999996,AVMKFKNPL,AVMKFKNPL,AVMKFKNPP,Negative,9,9,9,9,9,9,"1,8",0.963897,8,1.3862943611198906,substitution,0.0,19.345949535192563,Negative,1,cedar,0.6024,AVMKFKNPP,11.654,AVMKFKNPP,True,0.08939299905932964
AVMKFKNPLV,HLA-A0201,2.2008,0,8,0.7956,0.6115,2.5149,HLA-A*02:01,27198675,VMKFKNPLV,VMKFKNPPV,1,1,67.0,58.0,False,Conserved,-3,AVMKFNPLV,-3,VMKFKNPLV,7,1.3862943611198906,VMKFKNPPV,0.06851200000000002,AVMKFKNPLV,VMKFKNPLV,VMKFKNPPV,Negative,10,9,9,9,9,10,"1,3,8",0.931488,8,1.3862943611198906,substitution,0.0,1.142720828789531,Negative,1,cedar,2.7167,AVMKFKNPPV,3.1571,AVMKFNPPV,True,0.09363482512148029
AVRWFFAHF,HLA-B1501,1.2572,0,8,1.4285,0.1581,12.9351,HLA-B*15:01,27198675,AVRWFFAHF,AVRWFFAH,0,0,67.0,59.0,True,Improved,-2,AVRWFFAHF,-10,AVRWFFAHF,"3,4,6,7,8",,AVR-WFFAH,0.06024099999999999,AVRWFFAHF,AVRWFFAHF,AVRWFFAH,Negative,9,9,8,9,8,9,"1,8",0.939759,8,0.6931471805599453,substitution,0.0,10.288816417435571,Negative,1,cedar,1.2572,AVRWFFAHS,22.1571,AVRWFFAHS,True,0.20602278979068644
CCYFHFSPK,HLA-A0301,2.3668,0,8,0.9517,0.4551,4.8481,HLA-A*03:01,31511069,CCYFHFSPK,CCHFHFSPK,0,0,169.0,161.0,False,Conserved,2,CCYFHFSPK,2,CCYFHFSPK,2,0.6931471805599453,CCHFHFSPK,0.07227499999999998,CCYFHFSPK,CCYFHFSPK,CCHFHFSPK,Negative,9,9,9,9,9,9,"0,1,8",0.927725,2,0.6931471805599453,substitution,0.0,2.048377556194017,Negative,1,cedar,2.3668,CCHFHFSPK,4.8481,CCHFHFSPK,True,0.3066713184365114
CLNEYHLFL,HLA-A0201,0.4711,1,8,0.1445,0.8801,4.9778,HLA-A*02:01,"25837513,25837513,25837513,25837513,25837513,25837513,25837513,31685621,31685621",CLNEYHLFL,CLNEYHLFF,0,0,169.0,161.0,True,Improved,0,CLNEYHLFL,0,CLNEYHLFL,8,1.791759469228055,CLNEYHLFF,0.01947399999999999,CLNEYHLFL,CLNEYHLFL,CLNEYHLFF,Positive,9,9,9,9,9,9,"1,3,8",0.980526,8,1.791759469228055,substitution,1.0,10.566334111653576,"Positive_all,Positive_all,Positive_all,Positive_all,Positive_all,Positive_all,Positive_all,Positive_all,Positive_all",9,cedar,0.4711,CLNEYHLFF,4.9778,CLNEYHLFF,True,0.3276286601506614
DENITTIQF,HLA-B1801,0.0021,1,8,0.0115,0.7674,0.2801,HLA-B*18:01,30556813,DENITTIQF,DENITTIQC,0,0,734.0,726.0,True,Conserved,-2,DENITTIQF,-2,DENITTIQF,8,0.6931471805599453,DENITTIQC,0.035474000000000006,DENITTIQF,DENITTIQF,DENITTIQC,Positive,9,9,9,9,9,9,"1,8",0.964526,8,0.6931471805599453,substitution,1.0,133.3809523809524,Positive_all,1,cedar,0.0021,DENITTIQC,0.2801,DENITTIQC,True,0.37010230768256286
DPILPELTRLL,HLA-B3501,1.437,0,8,1.4856,0.1585,0.7266,HLA-B*35:01,27198675,DPILPELTRL,IPPELTRLL,0,2,559.0,549.0,True,Conserved,-3,DPILPELTL,-16,DPILPELTL,"0,2,3,4,5,6,7",2.0794415416798357,IPPELTRLL,0.13168000000000002,DPILPELTRLL,DPILPELTRL,IPPELTRLL,Negative,11,10,9,10,9,11,"1,8",0.86832,3,1.3862943611198906,substitution,0.0,0.5056367432150313,Negative,1,cedar,2.1519,DPIPPELTRLL,1.0157,DPIPPELTL,True,0.13183601550432145
EELSATVPS,HLA-B1801,1.5545,0,8,0.3948,0.3996,3.4021,HLA-B*18:01,33479501,EELSATVPS,EEPSATVPS,0,0,1211.0,1203.0,False,Conserved,-3,EELSATVPS,-3,EELSATVPS,2,1.3862943611198906,EEPSATVPS,0.07877100000000004,EELSATVPS,EELSATVPS,EEPSATVPS,Negative,9,9,9,9,9,9,"1,8",0.921229,2,1.3862943611198906,substitution,0.0,2.188549372788678,Negative,1,cedar,1.5545,EEPSATVPS,3.4021,EEPSATVPS,True,0.09704974195981397
EELSATVPSQ,HLA-B1801,1.5545,0,8,2.6815,0.1879,3.4021,HLA-B*18:01,33479501,EELSATVPS,EEPSATVPS,0,0,1212.0,1203.0,False,Conserved,-3,EELSATVSQ,-3,EELSATVPS,2,1.3862943611198906,EEPSATVPS,0.07877100000000004,EELSATVPSQ,EELSATVPS,EEPSATVPS,Negative,10,9,9,9,9,10,"1,8",0.921229,2,1.3862943611198906,substitution,0.0,2.188549372788678,Negative,1,cedar,2.8745,EEPSATVPSQ,4.2888,EEPSATPSQ,True,0.08684151892347475
ENITTIQFY,HLA-A2601,0.1377,0,8,0.1915,0.4361,0.2762,HLA-A*26:01,30556813,ENITTIQFY,ENITTIQCY,0,0,735.0,727.0,False,Conserved,-2,ENITTIQFY,-2,ENITTIQFY,7,0.6931471805599453,ENITTIQCY,0.07316500000000004,ENITTIQFY,ENITTIQFY,ENITTIQCY,Negative,9,9,9,9,9,9,"0,1,8",0.926835,7,0.6931471805599453,substitution,0.0,2.0058097312999275,Negative,1,cedar,0.1377,ENITTIQCY,0.2762,ENITTIQCY,True,0.2805919454863895
ETTEEMKYVL,HLA-A6802,0.0243,0,8,1.3207,0.4829,1.0535,HLA-A*68:02,30556813,ETTEEMKYV,GTTEEMKYV,0,0,758.0,749.0,True,Improved,-2,ETTEEMKYL,-2,ETTEEMKYV,0,0.6931471805599453,GTTEEMKYV,0.025865000000000027,ETTEEMKYVL,ETTEEMKYV,GTTEEMKYV,Negative,10,9,9,9,9,10,"0,1,8",0.974135,0,0.6931471805599453,substitution,0.0,43.353909465020585,Negative,1,cedar,0.7123,GTTEEMKYVL,7.2128,GTTEEMYVL,True,0.22503270039658174
EYESLVSEDF,HLA-A2402,0.6753,0,8,1.1663,0.3355,0.5726,HLA-A*24:02,27198675,EYESLVSEDF,EYESSVSEDF,0,0,3329.0,3320.0,True,Conserved,-2,EYESLVSEF,1,EYESLVSEF,"2,4,5,6,7",2.302585092994046,EYSSVSEDF,0.06111599999999995,EYESLVSEDF,EYESLVSEDF,EYESSVSEDF,Negative,10,10,10,10,10,10,"1,8",0.938884,4,0.6931471805599453,substitution,0.0,0.847919443210425,Negative,1,cedar,0.6753,EYESSVSEDF,0.5726,EYSSVSEDF,True,0.16134726433358643
FAFDAVSKPGL,HLA-A6802,1.0995,0,8,0.3727,0.5649,2.3302,HLA-A*68:02,30556813,FAFDAVSKPGL,FAFDAVSKPGM,0,0,413.0,403.0,True,Conserved,2,FAFDAVSKL,2,FAFDAVSGL,8,0.6931471805599453,FAFDAVSGM,0.006328,FAFDAVSKPGL,FAFDAVSKPGL,FAFDAVSKPGM,Negative,11,11,11,11,11,11,"0,1,8",0.993672,10,0.6931471805599453,substitution,0.0,2.1193269668030923,Negative,1,cedar,1.0995,FAFDAVSKPGM,2.3302,FAFDAVSGM,True,0.07400471173849808
FEDKSVAYT,HLA-C0501,2.6973,1,8,1.6524,0.2268,2.6294,HLA-C*05:01,30906654,FEDKSVAY,FEDKTVAY,0,0,199.0,191.0,False,Conserved,1,FEDKSVAYT,1,FED-KSVAY,5,1.791759469228055,FED-KTVAY,0.042040999999999995,FEDKSVAYT,FEDKSVAY,FEDKTVAY,Positive,9,8,8,8,8,9,"1,2,8",0.957959,4,1.791759469228055,substitution,1.0,0.9748266785303823,Positive_all,1,cedar,6.3785,FEDKTVAYT,6.297,FEDKTVAYT,True,0.15290865649733096
FFSIFPKCF,HLA-A2402,0.3981,0,8,0.1653,0.692,4.1852,HLA-A*24:02,27198675,FFSIFPKCF,FSSIFPKCF,0,0,467.0,459.0,True,Improved,-2,FFSIFPKCF,-2,FFSIFPKCF,1,0.6931471805599453,FSSIFPKCF,0.05731200000000003,FFSIFPKCF,FFSIFPKCF,FSSIFPKCF,Negative,9,9,9,9,9,9,"1,8",0.942688,1,0.6931471805599453,substitution,0.0,10.512936448128611,Negative,1,cedar,0.3981,FSSIFPKCF,4.1852,FSSIFPKCF,True,0.1831969146840806
FFSSVTVAL,HLA-A0201,1.9345,0,8,0.0097,0.8707,7.9936,HLA-A*02:01,27198675,FFSSVTVAL,FFSSVTVAF,0,0,47.0,39.0,True,Improved,0,FFSSVTVAL,0,FFSSVTVAL,8,1.791759469228055,FFSSVTVAF,0.014684999999999948,FFSSVTVAL,FFSSVTVAL,FFSSVTVAF,Negative,9,9,9,9,9,9,"1,3,8",0.985315,8,1.791759469228055,substitution,0.0,4.132127164642026,Negative,1,cedar,1.9345,FFSSVTVAF,7.9936,FFSSVTVAF,True,0.1889322143986382
FIDCYLLAI,HLA-A0201,1.2411,1,8,0.0876,0.5639,2.6848,HLA-A*02:01,30418433,FIDCYLLAI,SIDCYLLAI,0,0,117.0,109.0,False,Conserved,-2,FIDCYLLAI,-2,FIDCYLLAI,0,0.6931471805599453,SIDCYLLAI,0.030909999999999993,FIDCYLLAI,FIDCYLLAI,SIDCYLLAI,Positive,9,9,9,9,9,9,"1,3,8",0.96909,0,0.6931471805599453,substitution,1.0,2.163242285069696,Positive_all,1,cedar,1.2411,SIDCYLLAI,2.6848,SIDCYLLAI,True,0.29995885266612743
FIFPSFLRVHA,HLA-A0201,0.0213,0,8,0.095,0.6546,0.0213,HLA-A*02:01,31511069,FIFPSFLRV,FIFPSFLRV,0,0,259.0,249.0,False,Conserved,-1,FPSFLRVHA,4,FIFPSFLRV,-1,,FIFPSFLRV,0.0,FIFPSFLRVHA,FIFPSFLRV,FIFPSFLRV,Negative,11,9,9,9,9,11,"1,3,8",1.0,10,0.6931471805599453,substitution,0.0,1.0,Negative,1,cedar,2.085,FIFPSFLRVHE,11.1295,FIFPSFLRV,True,0.14141645786282336
FIFSYVVAV,HLA-A0201,0.0538,1,8,0.011,0.9487,0.0525,HLA-A*02:01,30418433,FIFSYVVAV,FIISYVVAV,0,0,31.0,23.0,False,Conserved,0,FIFSYVVAV,0,FIFSYVVAV,2,0.6931471805599453,FIISYVVAV,0.050660999999999956,FIFSYVVAV,FIFSYVVAV,FIISYVVAV,Positive,9,9,9,9,9,9,"1,3,8",0.949339,2,0.6931471805599453,substitution,1.0,0.9758364312267658,Positive_all,1,cedar,0.0538,FIISYVVAV,0.0525,FIISYVVAV,True,0.5061251577029512
FLASPSVPL,HLA-A0201,0.0537,1,8,0.0153,0.9426,0.2496,HLA-A*02:01,30418433,FLASPSVPL,VLASPSVPL,0,0,402.0,394.0,False,Conserved,-1,FLASPSVPL,-1,FLASPSVPL,0,0.6931471805599453,VLASPSVPL,0.02032400000000001,FLASPSVPL,FLASPSVPL,VLASPSVPL,Positive,9,9,9,9,9,9,"1,3,8",0.979676,0,0.6931471805599453,substitution,1.0,4.648044692737431,Positive_all,1,cedar,0.0537,VLASPSVPL,0.2496,VLASPSVPL,True,0.21510933008796343
FLESELSIRI,HLA-A0201,0.5578,1,8,0.1032,0.8243,20.0,HLA-A*02:01,"35193931,35193931,35193931,35193931,35193931,35193931",FLESELSIRI,FPESELSIRI,0,0,52.0,43.0,True,Improved,-3,FLSELSIRI,-3,FLSELSIRI,1,1.3862943611198906,FPSELSIRI,0.044479000000000046,FLESELSIRI,FLESELSIRI,FPESELSIRI,Positive,10,10,10,10,10,10,"1,3,8",0.955521,1,1.3862943611198906,substitution,0.5,35.85514521333812,"Positive_all,Negative,Positive_all,Positive_all,Negative,Negative",6,cedar,0.5578,FPESELSIRI,20.0,FPSELSIRI,True,0.1290666861257238
FLFMYLVMV,HLA-A0201,0.3623,1,8,0.0662,0.9065,0.1682,HLA-A*02:01,30418433,FLFMYLVMV,FLFMYLVTV,0,0,39.0,31.0,False,Conserved,-1,FLFMYLVMV,-1,FLFMYLVMV,7,0.0,FLFMYLVTV,0.03592300000000004,FLFMYLVMV,FLFMYLVMV,FLFMYLVTV,Positive,9,9,9,9,9,9,"1,3,8",0.964077,7,0.0,substitution,1.0,0.46425614131934856,Positive_all,1,cedar,0.3623,FLFMYLVTV,0.1682,FLFMYLVTV,True,0.514797377837643
FLGEAWAQV,HLA-A0201,0.0549,1,8,0.0096,0.9519,0.1263,HLA-A*02:01,31685621,FLGEAWAQV,SLGEAWAQV,0,0,278.0,270.0,False,Conserved,-2,FLGEAWAQV,-2,FLGEAWAQV,0,0.6931471805599453,SLGEAWAQV,0.029383999999999966,FLGEAWAQV,FLGEAWAQV,SLGEAWAQV,Positive,9,9,9,9,9,9,"1,3,8",0.970616,0,0.6931471805599453,substitution,1.0,2.300546448087432,Positive_all,1,cedar,0.0549,SLGEAWAQV,0.1263,SLGEAWAQV,True,0.21856944624655603
FLKHKMPLSL,HLA-A0201,1.141,0,8,0.0096,0.7789,0.8003,HLA-A*02:01,33123756,FLKHKMPLSL,FLKHKLPLSL,0,0,268.0,259.0,False,Conserved,2,FLKHKPLSL,2,FLHKMPLSL,4,0.6931471805599453,FLHKLPLSL,0.032545000000000046,FLKHKMPLSL,FLKHKMPLSL,FLKHKLPLSL,Negative,10,10,10,10,10,10,"1,3,8",0.967455,5,0.6931471805599453,substitution,0.0,0.7014022787028922,Negative,1,cedar,1.141,FLKHKLPLSL,0.8003,FLHKLPLSL,True,0.09537095116191432
FLLPSGMAL,HLA-C0304,0.0438,1,8,0.049,0.9165,0.0013,HLA-C*03:04,33262196,FLLPSGMAL,FSLPSGMAL,0,0,553.0,545.0,True,Conserved,-2,FLLPSGMAL,-2,FLLPSGMAL,1,0.6931471805599453,FSLPSGMAL,0.05050699999999997,FLLPSGMAL,FLLPSGMAL,FSLPSGMAL,Positive,9,9,9,9,9,9,"1,8",0.949493,1,0.6931471805599453,substitution,1.0,0.02968036529680365,Positive_all,1,cedar,0.0438,FSLPSGMAL,0.0013,FSLPSGMAL,True,0.3002317492261639
FLLTDYALS,HLA-A0201,1.4882,0,8,1.1581,0.5648,3.4154,HLA-A*02:01,33479501,FLLTDYAL,FLLTDYAPS,0,0,716.0,708.0,False,Conserved,-3,FLLTDYALS,-15,FLL-TDYAL,"3,4,5,6,7,8",1.6094379124341003,FLLTDYAPS,0.093835,FLLTDYALS,FLLTDYAL,FLLTDYAPS,Negative,9,8,9,8,9,9,"1,3,8",0.906165,7,1.3862943611198906,substitution,0.0,2.294987232898804,Negative,1,cedar,3.3368,FLLTDYAPS,3.4154,FLLTDYAPS,True,0.20233954600886
FLPIPNWEQ,HLA-A0201,6.3838,0,8,5.7543,0.2165,5.6098,HLA-A*02:01,27198675,FLPIPNWEQ,FLPIPNWEH,0,0,792.0,784.0,True,Conserved,0,FLPIPNWEQ,0,FLPIPNWEQ,8,1.3862943611198906,FLPIPNWEH,0.03169200000000005,FLPIPNWEQ,FLPIPNWEQ,FLPIPNWEH,Negative,9,9,9,9,9,9,"1,3,8",0.968308,8,1.3862943611198906,substitution,0.0,0.8787556001127855,Negative,1,cedar,6.3838,FLPIPNWEH,5.6098,FLPIPNWEH,True,0.22938349510303346
FLPVTDASSV,HLA-A0201,1.2419,0,8,0.3461,0.4996,2.5281,HLA-A*02:01,27198675,FLPVTDASSV,SLPVTDASSV,0,0,1865.0,1856.0,True,Conserved,-2,FPVTDASSV,-4,FLPTDASSV,"0,2",0.6931471805599453,SLVTDASSV,0.01981999999999995,FLPVTDASSV,FLPVTDASSV,SLPVTDASSV,Negative,10,10,10,10,10,10,"1,3,8",0.98018,0,0.6931471805599453,substitution,0.0,2.035671149045817,Negative,1,cedar,1.2419,SLPVTDASSV,2.5281,SLVTDASSV,True,0.09505976759435744
FLQEVNVCGV,HLA-A0203,0.313,1,8,0.0282,0.9305,0.239,HLA-A*02:03,32439798,FLQEVNVCGV,FLQEVNVYGV,0,0,578.0,569.0,False,Conserved,-2,FLQEVNVGV,-3,FLQEVNVGV,7,-1.0,FLQEVNVYV,0.087399,FLQEVNVCGV,FLQEVNVCGV,FLQEVNVYGV,Positive,10,10,10,10,10,10,"1,8",0.912601,7,0.6931471805599453,substitution,1.0,0.7635782747603833,Positive_all,1,cedar,0.313,FLQEVNVYGV,0.239,FLQEVNVYV,True,0.17363745413404164
FLSASSNSF,HLA-A0201,1.8045,0,8,0.0154,0.7953,20.2069,HLA-A*02:01,27198675,FLSASSNSF,FPSASSNSF,0,0,305.0,297.0,True,Improved,-3,FLSASSNSF,-3,FLSASSNSF,1,1.3862943611198906,FPSASSNSF,0.05046700000000004,FLSASSNSF,FLSASSNSF,FPSASSNSF,Negative,9,9,9,9,9,9,"1,3,8",0.949533,1,1.3862943611198906,substitution,0.0,11.198060404544195,Negative,1,cedar,1.8045,FPSASSNSF,20.2069,FPSASSNSF,True,0.07685108738018448
FLSNFIILML,HLA-A0201,0.1204,1,8,0.0307,0.8733,0.0343,HLA-A*02:01,31511069,FLSNFIILM,FLSNFIIQM,0,0,604.0,595.0,False,Conserved,-2,FLSNIILML,-2,FLSNFIILM,7,0.6931471805599453,FLSNFIIQM,0.04869199999999996,FLSNFIILML,FLSNFIILM,FLSNFIIQM,Positive,10,9,9,9,9,10,"1,3,8",0.951308,7,0.6931471805599453,substitution,1.0,0.28488372093023256,Positive_all,1,cedar,0.6309,FLSNFIIQML,0.3142,FLSNFIIQL,True,0.39837337621986646
FLTAHSLPL,HLA-A0201,0.2692,1,8,0.049,0.9165,0.9401,HLA-A*02:01,"32660279,32660279",FLTAHSLPL,FLTAHRLPL,0,0,444.0,436.0,False,Conserved,-1,FLTAHSLPL,-1,FLTAHSLPL,5,1.791759469228055,FLTAHRLPL,0.07130000000000003,FLTAHSLPL,FLTAHSLPL,FLTAHRLPL,Positive,9,9,9,9,9,9,"1,3,8",0.9287,5,1.791759469228055,substitution,0.5,3.4921991084695394,"Positive_all,Negative",2,cedar,0.2692,FLTAHRLPL,0.9401,FLTAHRLPL,True,0.1790492587346981
FLYNLLTRV,HLA-A0201,0.011,1,8,0.0065,0.9372,0.005,HLA-A*02:01,"25837513,25837513,25837513,25837513,25837513,25837513,25837513,30418433,31685621,31685621",FLYNLLTRV,FLYNPLTRV,0,0,458.0,450.0,False,Conserved,-3,FLYNLLTRV,-3,FLYNLLTRV,4,1.3862943611198906,FLYNPLTRV,0.10809899999999995,FLYNLLTRV,FLYNLLTRV,FLYNPLTRV,Positive,9,9,9,9,9,9,"1,3,8",0.891901,4,1.3862943611198906,substitution,1.0,0.4545454545454546,"Positive_all,Positive_all,Positive_all,Positive_all,Positive_all,Positive_all,Positive_all,Positive_all,Positive_all,Positive_all",10,cedar,0.011,FLYNPLTRV,0.005,FLYNPLTRV,True,0.43403834285245046
FMEAVSSKYSM,HLA-A0201,5.8703,0,8,0.8208,0.4345,5.8703,HLA-A*02:01,31511069,FMEAVSSKY,FMEAVSSKY,0,0,238.0,228.0,False,Conserved,0,FAVSSKYSM,7,FMEAVSSKY,-1,,FMEAVSSKY,0.0,FMEAVSSKYSM,FMEAVSSKY,FMEAVSSKY,Negative,11,9,9,9,9,11,"1,3,8",1.0,9,0.6931471805599453,substitution,0.0,1.0,Negative,1,cedar,7.3566,FMEAVSSKYGM,9.3374,FMEAVSYGM,True,0.10373024217333
FMVPRDPAL,HLA-A0202,0.0364,0,8,0.1331,0.8128,0.0146,HLA-A*02:02,33479501,FMVPRDPAL,FLVPRDPAL,0,0,1117.0,1109.0,True,Conserved,2,FMVPRDPAL,2,FMVPRDPAL,1,0.6931471805599453,FLVPRDPAL,0.024283999999999972,FMVPRDPAL,FMVPRDPAL,FLVPRDPAL,Negative,9,9,9,9,9,9,"1,3,8",0.975716,1,0.6931471805599453,substitution,0.0,0.40109890109890106,Negative,1,cedar,0.0364,FLVPRDPAL,0.0146,FLVPRDPAL,True,0.28632759290127263
FPKQDGGTQK,HLA-B0702,1.902,0,8,4.2792,0.1059,1.902,HLA-B*07:02,27198675,FPKQDGGTQ,FPKQDGGTQ,0,0,4803.0,4794.0,False,Conserved,1,FPKDGGTQK,5,FPKQDGGTQ,-1,,FPKQDGGTQ,0.0,FPKQDGGTQK,FPKQDGGTQ,FPKQDGGTQ,Negative,10,9,9,9,9,10,"1,8",1.0,9,0.6931471805599453,substitution,0.0,1.0,Negative,1,cedar,3.0565,FPKQDGGTQE,3.5426,FPKQGGTQE,True,0.06275624670580801
FPLTASKVL,HLA-B3501,0.0732,1,8,0.0088,0.6642,0.0461,HLA-B*35:01,31243155,FPLTASKVL,FPLTASEVL,0,0,436.0,428.0,False,Conserved,1,FPLTASKVL,1,FPLTASKVL,6,0.6931471805599453,FPLTASEVL,0.039605,FPLTASKVL,FPLTASKVL,FPLTASEVL,Positive,9,9,9,9,9,9,"1,8",0.960395,6,0.6931471805599453,substitution,1.0,0.6297814207650273,Positive_all,1,cedar,0.0732,FPLTASEVL,0.0461,FPLTASEVL,True,0.2589543441059579
FQTSEKKFYI,HLA-A0201,3.3834,0,8,0.2806,0.3095,4.8709,HLA-A*02:01,27198675,FQTSEKKFYI,QTSEKKFHI,0,1,1449.0,1440.0,True,Conserved,2,FQSEKKFYI,-2,FQSEKKFYI,"0,1,7",0.6931471805599453,QTSEKKFHI,0.06696199999999997,FQTSEKKFYI,FQTSEKKFYI,QTSEKKFHI,Negative,10,10,9,10,9,10,"1,3,8",0.933038,8,0.6931471805599453,substitution,0.0,1.4396465094283857,Negative,1,cedar,3.3834,FQTSEKKFHI,5.5937,FQSEKKFHI,True,0.11953682561258668
FRFFATPAL,HLA-B2705,0.1241,0,8,0.0069,0.8099,0.0481,HLA-B*27:05,34518289,FRFFATPAL,FRFSATPAL,0,0,111.0,103.0,False,Conserved,-2,FRFFATPAL,-2,FRFFATPAL,3,0.6931471805599453,FRFSATPAL,0.08549899999999999,FRFFATPAL,FRFFATPAL,FRFSATPAL,Negative,9,9,9,9,9,9,"1,8",0.914501,3,0.6931471805599453,substitution,0.0,0.38759065269943593,Negative,1,cedar,0.1241,FRFSATPAL,0.0481,FRFSATPAL,True,0.28502902265612523
FRQSLYLKI,HLA-B2705,0.3068,0,8,0.0289,0.6126,0.4489,HLA-B*27:05,34518289,FRQSLYLKI,FRQSSYLKI,0,0,445.0,437.0,False,Conserved,-2,FRQSLYLKI,-2,FRQSLYLKI,4,0.6931471805599453,FRQSSYLKI,0.07739499999999999,FRQSLYLKI,FRQSLYLKI,FRQSSYLKI,Negative,9,9,9,9,9,9,"1,8",0.922605,4,0.6931471805599453,substitution,0.0,1.463168187744459,Negative,1,cedar,0.3068,FRQSSYLKI,0.4489,FRQSSYLKI,True,0.18838768441647466
FSMAKTSTSL,HLA-B1501,0.2788,0,8,0.0366,0.7948,1.4524,HLA-B*15:01,27198675,SMAKTSTSL,STAKTSTSL,1,1,1749.0,1740.0,True,Improved,-1,FSMKTSTSL,-1,SMAKTSTSL,1,0.0,STAKTSTSL,0.034240999999999966,FSMAKTSTSL,SMAKTSTSL,STAKTSTSL,Negative,10,9,9,9,9,10,"1,8",0.965759,2,0.0,substitution,0.0,5.209469153515064,Negative,1,cedar,2.6234,FSTAKTSTSL,7.2117,FTAKTSTSL,True,0.07082468474100709
FSSFMFGWHV,HLA-A0201,2.3861,0,8,0.1565,0.7268,2.3861,HLA-A*02:01,31511069,SSFMFGWHV,SSFMFGWHV,1,1,386.0,377.0,False,Conserved,0,FSSFFGWHV,4,SSFMFGWHV,-1,,SSFMFGWHV,0.0,FSSFMFGWHV,SSFMFGWHV,SSFMFGWHV,Negative,10,9,9,9,9,10,"1,3,8",1.0,0,1.791759469228055,substitution,0.0,1.0,Negative,1,cedar,11.8016,LSSFMFGWHV,20.1494,LSFMFGWHV,True,0.35021501820183926
FSSKSLLEV,HLA-A0201,0.9737,0,8,0.0082,0.7661,2.5262,HLA-A*02:01,"35193931,35193931",FSSKSLLEV,FSSKSLLEL,0,0,626.0,618.0,True,Conserved,1,FSSKSLLEV,1,FSSKSLLEV,8,1.791759469228055,FSSKSLLEL,0.010247000000000006,FSSKSLLEV,FSSKSLLEV,FSSKSLLEL,Negative,9,9,9,9,9,9,"1,3,8",0.989753,8,1.791759469228055,substitution,0.0,2.594433603779398,"Negative,Negative",2,cedar,0.9737,FSSKSLLEL,2.5262,FSSKSLLEL,True,0.12040544758310176
FSSSFVEIVTI,HLA-A0201,2.4154,0,8,2.4034,0.2546,2.6863,HLA-A*02:01,27198675,FSSSFVEIV,SSFVEIVTI,0,2,61.0,51.0,True,Conserved,-1,FSSSEIVTI,-6,FSSSFVEIV,"0,2,3,4,5,6,7,8",2.70805020110221,SSFVEIVTI,0.134455,FSSSFVEIVTI,FSSSFVEIV,SSFVEIVTI,Negative,11,9,9,9,9,11,"1,3,8",0.865545,1,1.3862943611198906,substitution,0.0,1.1121553365902128,Negative,1,cedar,10.7109,FPSSFVEIVTI,14.8699,FSFVEIVTI,True,0.21706466787160084
FTGQFVSEEV,HLA-A0206,3.6341,0,8,0.1985,0.7091,2.9943,HLA-A*02:06,"34281881,34281881",GQFVSEEV,FTGQFVTEEV,2,0,27.0,18.0,True,Conserved,1,FTQFVSEEV,-17,GQF-VSEEV,"0,1,2,3,4,5,6",,FTGQFVTEV,0.11473999999999995,FTGQFVSEEV,GQFVSEEV,FTGQFVTEEV,Negative,10,8,10,8,10,10,"1,3,8",0.88526,6,1.791759469228055,substitution,0.0,0.8239454060152445,"Negative,Negative",2,cedar,3.7633,FTGQFVTEEV,2.9943,FTGQFVTEV,True,0.11570084411631727
FTLERRWYNEI,HLA-A0201,7.0872,0,8,1.0454,0.4317,6.6114,HLA-A*02:01,31511069,FTLERRWYNEI,FTLERRGYNEI,0,0,1060.0,1050.0,True,Conserved,-2,FTLERRWYI,-10,FTLERRWYI,"4,5,6,7",1.791759469228055,FTLEGYNEI,0.10860000000000003,FTLERRWYNEI,FTLERRWYNEI,FTLERRGYNEI,Negative,11,11,11,11,11,11,"1,3,8",0.8914,6,0.0,substitution,0.0,0.9328648831696579,Negative,1,cedar,7.0872,FTLERRGYNEI,6.6114,FTLEGYNEI,True,0.13891600445035365
FVSKDISSGSV,HLA-A0201,2.8434,0,8,2.1118,0.4664,2.8391,HLA-A*02:01,31511069,FVSKDISSGSV,FVSKDISRGSV,0,0,47.0,37.0,False,Conserved,-1,FVSKDISSV,4,FVSKDISSV,-1,,FVSKDISSV,0.04286500000000004,FVSKDISSGSV,FVSKDISSGSV,FVSKDISRGSV,Negative,11,11,11,11,11,11,"1,3,8",0.957135,7,1.791759469228055,substitution,0.0,0.9984877259618767,Negative,1,cedar,2.8434,FVSKDISRGSV,2.8391,FVSKDISSV,True,0.07459847776444423
FVSTSDIKSM,HLA-C0304,0.4462,1,8,0.9335,0.4143,0.5853,HLA-C*03:04,"30556813,30556813",VSTSDIKSM,VSKSDIKSM,1,1,115.0,106.0,False,Conserved,-1,FVSTSDISM,-1,VSTSDIKSM,2,0.6931471805599453,VSKSDIKSM,0.05073099999999997,FVSTSDIKSM,VSTSDIKSM,VSKSDIKSM,Positive,10,9,9,9,9,10,"1,8",0.949269,3,0.6931471805599453,substitution,0.5,1.3117436127297177,"Positive_all,Negative",2,cedar,1.8215,FVSKSDIKSM,1.9389,FVSKSDISM,True,0.07848749337832821
FYQSVISNPF,HLA-A2402,0.0881,0,8,0.02,0.7585,0.2395,HLA-A*24:02,33262196,FYQSVISNPF,FYESVISNPF,0,0,1484.0,1475.0,False,Conserved,2,FYQSVISNF,2,FYQSVISNF,2,0.6931471805599453,FYESVISNF,0.028707999999999956,FYQSVISNPF,FYQSVISNPF,FYESVISNPF,Negative,10,10,10,10,10,10,"1,8",0.971292,2,0.6931471805599453,substitution,0.0,2.7185017026106695,Negative,1,cedar,0.0881,FYESVISNPF,0.2395,FYESVISNF,True,0.20658768713443287
GACCPVCLK,HLA-A1101,1.5242,0,8,0.4395,0.6008,18.8158,HLA-A*11:01,"34270940,34270940",GACCPVCLK,GACCPVCLQ,0,0,1472.0,1464.0,True,Improved,1,GACCPVCLK,1,GACCPVCLK,8,0.6931471805599453,GACCPVCLQ,0.015568000000000026,GACCPVCLK,GACCPVCLK,GACCPVCLQ,Negative,9,9,9,9,9,9,"0,1,8",0.984432,8,0.6931471805599453,substitution,0.0,12.34470541923632,"Negative,Negative",2,cedar,1.5242,GACCPVCLQ,18.8158,GACCPVCLQ,True,0.3185409295162022
GACCPVCLKK,HLA-A1101,1.5242,0,8,0.8775,0.5197,1.8225,HLA-A*11:01,"34270940,34270940",GACCPVCLK,GACCPVCLQK,0,0,1473.0,1464.0,True,Conserved,1,GACCPVLKK,-3,GACCPVCLK,"6,7",0.6931471805599453,GACCPVLQK,0.04793999999999998,GACCPVCLKK,GACCPVCLK,GACCPVCLQK,Negative,10,9,10,9,10,10,"0,1,8",0.95206,8,0.6931471805599453,substitution,0.0,1.195709224511219,"Negative,Negative",2,cedar,2.176,GACCPVCLQK,1.8225,GACCPVLQK,True,0.16855306412124485
GASSATAVL,HLA-B0702,1.4975,0,8,0.1479,0.6785,0.9364,HLA-B*07:02,27198675,GASSATAVL,GASSATAAL,0,0,432.0,424.0,False,Conserved,0,GASSATAVL,0,GASSATAVL,7,1.3862943611198906,GASSATAAL,0.021684000000000037,GASSATAVL,GASSATAVL,GASSATAAL,Negative,9,9,9,9,9,9,"1,8",0.978316,7,1.3862943611198906,substitution,0.0,0.6253088480801335,Negative,1,cedar,1.4975,GASSATAAL,0.9364,GASSATAAL,True,0.1270421173868469
GEYFTHQIR,HLA-B4001,0.5109,0,8,2.4298,0.1961,0.8002,HLA-B*40:01,"34244308,34244308",GEYFTHQI,GEYFTLQI,0,0,333.0,325.0,False,Conserved,-3,GEYFTHQIR,-3,GEY-FTHQI,6,0.6931471805599453,GEY-FTLQI,0.111676,GEYFTHQIR,GEYFTHQI,GEYFTLQI,Negative,9,8,8,8,8,9,"1,8",0.888324,5,0.6931471805599453,substitution,0.0,1.5662556273243295,"Negative,Negative",2,cedar,3.1255,GEYFTLQIR,3.6959,GEYFTLQIR,True,0.21328748090489885
GITTSVFPV,HLA-A0201,1.2527,0,8,0.3093,0.8375,0.5107,HLA-A*02:01,31511069,GITTSVFPV,GMTTSVFPV,0,0,112.0,104.0,True,Conserved,1,GITTSVFPV,1,GITTSVFPV,1,1.0986122886681098,GMTTSVFPV,0.02690899999999996,GITTSVFPV,GITTSVFPV,GMTTSVFPV,Negative,9,9,9,9,9,9,"1,3,8",0.973091,1,1.0986122886681098,substitution,0.0,0.40767941246906686,Negative,1,cedar,1.2527,GMTTSVFPV,0.5107,GMTTSVFPV,True,0.14373913566216515
GLAEFQDNV,HLA-A0201,0.0507,0,8,0.0188,0.8896,0.0168,HLA-A*02:01,31511069,GLAEFQDNV,GLAEFQENV,0,0,201.0,193.0,False,Conserved,2,GLAEFQDNV,2,GLAEFQDNV,6,1.3862943611198906,GLAEFQENV,0.04454199999999997,GLAEFQDNV,GLAEFQDNV,GLAEFQENV,Negative,9,9,9,9,9,9,"1,3,8",0.955458,6,1.3862943611198906,substitution,0.0,0.3313609467455621,Negative,1,cedar,0.0507,GLAEFQENV,0.0168,GLAEFQENV,True,0.24517783943584856
GLIEPSPPSA,HLA-A0201,0.2462,0,8,1.0487,0.6448,0.6717,HLA-A*02:01,31511069,GLIEPSPPSA,GLSEPSPPSA,0,0,22827.0,22818.0,False,Conserved,-2,GLIEPPPSA,-2,GLIEPPPSA,2,0.6931471805599453,GLSEPPPSA,0.047852000000000006,GLIEPSPPSA,GLIEPSPPSA,GLSEPSPPSA,Negative,10,10,10,10,10,10,"1,3,8",0.952148,2,0.6931471805599453,substitution,0.0,2.7282696994313564,Negative,1,cedar,0.2462,GLSEPSPPSA,0.6717,GLSEPPPSA,True,0.08884489601301919
GLTSFFIAI,HLA-A0201,0.5299,1,8,0.3679,0.8248,0.2208,HLA-A*02:01,30418433,GLTSFFIAI,GLTSFVIAI,0,0,241.0,233.0,False,Conserved,-1,GLTSFFIAI,-1,GLTSFFIAI,5,0.6931471805599453,GLTSFVIAI,0.06254199999999999,GLTSFFIAI,GLTSFFIAI,GLTSFVIAI,Positive,9,9,9,9,9,9,"1,3,8",0.937458,5,0.6931471805599453,substitution,1.0,0.4166823929043215,Positive_all,1,cedar,0.5299,GLTSFVIAI,0.2208,GLTSFVIAI,True,0.2811089688069926
GLYVFRNER,HLA-A3101,0.2527,1,8,0.1538,0.7275,0.2509,HLA-A*31:01,"34244308,34244308",GLYVFRNER,GLYIFRNER,0,0,2845.0,2837.0,False,Conserved,3,GLYVFRNER,3,GLYVFRNER,3,1.0986122886681098,GLYIFRNER,0.018996000000000013,GLYVFRNER,GLYVFRNER,GLYIFRNER,Positive,9,9,9,9,9,9,"0,1,8",0.981004,3,1.0986122886681098,substitution,0.5,0.9928769291650179,"Positive_all,Negative",2,cedar,0.2527,GLYIFRNER,0.2509,GLYIFRNER,True,0.21684417293396674
GPRGLDQLREL,HLA-B0702,0.1346,0,8,0.3241,0.5669,0.1679,HLA-B*07:02,27198675,GPRGLDQLREL,GPRELDQLREL,0,0,,,False,Conserved,-2,GPRGQLREL,-1,GPRGQLREL,3,0.6931471805599453,GPRDQLREL,0.063145,GPRGLDQLREL,GPRGLDQLREL,GPRELDQLREL,Negative,11,11,11,11,11,11,"1,8",0.936855,3,0.6931471805599453,substitution,0.0,1.2473997028231798,Negative,1,cedar,0.1346,GPRELDQLREL,0.1679,GPRDQLREL,True,0.14444249701688572
GRIAFFLKY,HLA-B2705,0.0088,1,8,0.1028,0.6592,0.0079,HLA-B*27:05,"27869121,27869121,27869121,27869121,27869121,27869121,34518289,34518289,34518289,34518289,34518289,34518289,34518289",GRIAFFLKY,GRIAFSLKY,0,0,366.0,358.0,False,Conserved,-2,GRIAFFLKY,-2,GRIAFFLKY,5,0.6931471805599453,GRIAFSLKY,0.09023499999999995,GRIAFFLKY,GRIAFFLKY,GRIAFSLKY,Positive,9,9,9,9,9,9,"1,8",0.909765,5,0.6931471805599453,substitution,0.9230769230769232,0.8977272727272727,"Positive_all,Positive_all,Positive_all,Positive_all,Positive_all,Positive_all,Positive_all,Negative,Positive_all,Positive_all,Positive_all,Positive_all,Positive_all",13,cedar,0.0088,GRIAFSLKY,0.0079,GRIAFSLKY,True,0.43723372573037356
GSILAYLVV,HLA-C1502,1.3971,1,8,0.7709,0.3757,0.6332,HLA-C*15:02,"29643231,29643231,29643231",GSILAYLVV,ASILAYLVV,0,0,46.0,38.0,False,Conserved,0,GSILAYLVV,0,GSILAYLVV,0,1.3862943611198906,ASILAYLVV,0.015737,GSILAYLVV,GSILAYLVV,ASILAYLVV,Positive,9,9,9,9,9,9,"1,8",0.984263,0,1.3862943611198906,substitution,0.6666666666666666,0.45322453653997563,"Negative,Positive_all,Positive_all",3,cedar,1.3971,ASILAYLVV,0.6332,ASILAYLVV,True,0.23958894282859625
GSLDVLMAV,HLA-A0201,0.4567,0,8,0.0428,0.8397,0.5957,HLA-A*02:01,"27198675,27198675,27198675,27198675",GSLDVLMAV,GSLDVPMAV,0,0,925.0,917.0,False,Conserved,-3,GSLDVLMAV,-3,GSLDVLMAV,5,1.3862943611198906,GSLDVPMAV,0.10053599999999996,GSLDVLMAV,GSLDVLMAV,GSLDVPMAV,Negative,9,9,9,9,9,9,"1,3,8",0.899464,5,1.3862943611198906,substitution,0.0,1.3043573461791111,"Negative,Negative,Negative,Negative",4,cedar,0.4567,GSLDVPMAV,0.5957,GSLDVPMAV,True,0.2405795256478738
GTSSLIIYK,HLA-A1101,0.0032,0,8,0.0078,0.8748,0.0034,HLA-A*11:01,"34270940,34270940",GTSSLIIYK,GTSSLFIYK,0,0,449.0,441.0,False,Conserved,0,GTSSLIIYK,0,GTSSLIIYK,5,0.6931471805599453,GTSSLFIYK,0.059527,GTSSLIIYK,GTSSLIIYK,GTSSLFIYK,Negative,9,9,9,9,9,9,"0,1,8",0.940473,5,0.6931471805599453,substitution,0.0,1.0625,"Negative,Negative",2,cedar,0.0032,GTSSLFIYK,0.0034,GTSSLFIYK,True,0.40693519894639313
GVADVLLYR,HLA-A1101,0.0215,1,8,0.0712,0.7511,0.0393,HLA-A*11:01,28678784,GVADVLLYR,GVADALLYR,0,0,56.0,48.0,False,Conserved,0,GVADVLLYR,0,GVADVLLYR,4,1.3862943611198906,GVADALLYR,0.049706999999999946,GVADVLLYR,GVADVLLYR,GVADALLYR,Positive,9,9,9,9,9,9,"0,1,8",0.950293,4,1.3862943611198906,substitution,1.0,1.8279069767441862,Positive_all,1,cedar,0.0215,GVADALLYR,0.0393,GVADALLYR,True,0.5202621076991387
GVAVMKFKNPL,HLA-B0702,0.6024,0,8,7.4506,0.1329,11.654,HLA-B*07:02,27198675,AVMKFKNPL,AVMKFKNPP,2,2,66.0,56.0,True,Improved,-3,GVMKFKNPL,-3,AVMKFKNPL,8,1.3862943611198906,AVMKFKNPP,0.036102999999999996,GVAVMKFKNPL,AVMKFKNPL,AVMKFKNPP,Negative,11,9,9,9,9,11,"1,8",0.963897,10,1.3862943611198906,substitution,0.0,19.345949535192563,Negative,1,cedar,14.994,GVAVMKFKNPP,73.75,GVAKFKNPP,True,0.09726422006770939
HIAKSLFEV,HLA-A0201,0.1069,1,8,0.0248,0.8227,0.2063,HLA-A*02:01,"28678784,28678784,28678784,28678784,28678784,28678784,28678784",HIAKSLFEV,HIAKSPFEV,0,0,372.0,364.0,False,Conserved,-3,HIAKSLFEV,-3,HIAKSLFEV,5,1.3862943611198906,HIAKSPFEV,0.10241299999999998,HIAKSLFEV,HIAKSLFEV,HIAKSPFEV,Positive,9,9,9,9,9,9,"1,3,8",0.897587,5,1.3862943611198906,substitution,0.7142857142857143,1.929840972871843,"Positive_all,Positive_all,Positive_all,Negative,Positive_all,Positive_all,Negative",7,cedar,0.1069,HIAKSPFEV,0.2063,HIAKSPFEV,True,0.18890796145490804
HIQPHLASV,HLA-A0201,0.1022,0,8,0.112,0.7431,0.431,HLA-A*02:01,31511069,HIQPHLASV,HIQPHLASL,0,0,3253.0,3245.0,True,Conserved,1,HIQPHLASV,1,HIQPHLASV,8,1.791759469228055,HIQPHLASL,0.011946000000000012,HIQPHLASV,HIQPHLASV,HIQPHLASL,Negative,9,9,9,9,9,9,"1,3,8",0.988054,8,1.791759469228055,substitution,0.0,4.217221135029354,Negative,1,cedar,0.1022,HIQPHLASL,0.431,HIQPHLASL,True,0.170898537740955
HIVRIGDLK,HLA-A1101,0.6973,0,8,0.3403,0.7072,0.406,HLA-A*11:01,"34270940,34270940",HIVRIGDLK,HIIRIGDLK,0,0,144.0,136.0,False,Conserved,3,HIVRIGDLK,3,HIVRIGDLK,2,1.0986122886681098,HIIRIGDLK,0.016001000000000043,HIVRIGDLK,HIVRIGDLK,HIIRIGDLK,Negative,9,9,9,9,9,9,"0,1,8",0.983999,2,1.0986122886681098,substitution,0.0,0.5822458052488169,"Negative,Negative",2,cedar,0.6973,HIIRIGDLK,0.406,HIIRIGDLK,True,0.17766592434154693
HLNHDSVWNFY,HLA-B3501,1.7129,0,8,0.1914,0.4766,4.0848,HLA-B*35:01,27198675,NHDSVWNFY,LNHDSVWNF,2,1,436.0,426.0,True,Conserved,2,HLDSVWNFY,-12,NHDSVWNFY,"0,1,2,3,4,5,6,7,8",1.791759469228055,LNHDSVWNF,0.10594899999999996,HLNHDSVWNFY,NHDSVWNFY,LNHDSVWNF,Negative,11,9,9,9,9,11,"1,8",0.894051,10,0.6931471805599453,substitution,0.0,2.384727654854341,Negative,1,cedar,5.8597,HLNHDSVWNFH,32.125,HLNHDSVFH,True,0.19783883237681485
HLNRAMLHK,HLA-A1101,0.1983,0,8,0.0409,0.7468,0.2013,HLA-A*11:01,24323902,HLNRAMLHK,HLNRATLHK,0,0,235.0,227.0,False,Conserved,-1,HLNRAMLHK,-1,HLNRAMLHK,5,0.0,HLNRATLHK,0.07172999999999996,HLNRAMLHK,HLNRAMLHK,HLNRATLHK,Negative,9,9,9,9,9,9,"0,1,8",0.92827,5,0.0,substitution,0.0,1.0151285930408471,Negative,1,cedar,0.1983,HLNRATLHK,0.2013,HLNRATLHK,True,0.18776873878124
HPRAVTGFLW,HLA-B0702,0.0109,0,8,0.1956,0.6257,0.256,HLA-B*07:02,33479501,HPRAVTGFL,HPRAVTGF,0,0,240.0,231.0,True,Conserved,-2,HPRAVTGFL,-11,HPRAVTGFL,"3,4,5,6,7,8",1.9459101490553132,HPR-AVTGF,0.049880000000000035,HPRAVTGFL,HPRAVTGFL,HPRAVTGF,Negative,10,9,8,9,8,10,"1,8",0.95012,8,0.6931471805599453,substitution,0.0,23.486238532110093,Negative,1,cedar,0.7047,HPRAVTGFSW,0.6854,HPRATGFSW,True,0.1366477168741456
HSDGAILPF,HLA-B3501,0.4854,0,8,0.0267,0.6392,0.4711,HLA-B*35:01,27198675,HSDGAILPF,HSDGAISPF,0,0,1470.0,1462.0,False,Conserved,-2,HSDGAILPF,-2,HSDGAILPF,6,0.6931471805599453,HSDGAISPF,0.068554,HSDGAILPF,HSDGAILPF,HSDGAISPF,Negative,9,9,9,9,9,9,"1,8",0.931446,6,0.6931471805599453,substitution,0.0,0.9705397610218377,Negative,1,cedar,0.4854,HSDGAISPF,0.4711,HSDGAISPF,True,0.12081451455209503
HVKITDFGR,HLA-A3101,0.2004,1,8,0.2209,0.5987,10.9105,HLA-A*31:01,"28123873,28123873,28123873,34244308,34244308,34244308,34244308",HVKITDFGR,HVKITDFGL,0,0,866.0,858.0,True,Improved,-2,HVKITDFGR,-2,HVKITDFGR,8,1.3862943611198906,HVKITDFGL,0.02849400000000002,HVKITDFGR,HVKITDFGR,HVKITDFGL,Positive,9,9,9,9,9,9,"0,1,8",0.971506,8,1.3862943611198906,substitution,0.4285714285714285,54.443612774451104,"Positive_all,Positive_all,Negative,Positive_all,Negative,Negative,Negative",7,cedar,0.2004,HVKITDFGL,10.9105,HVKITDFGL,True,0.19164010700640566
HVKITDFGRAK,HLA-A3101,0.2004,1,8,1.9523,0.4358,1.5983,HLA-A*31:01,28123873,HVKITDFGR,KITDFGLAK,0,2,860.0,850.0,True,Improved,-2,HVKDFGRAK,-3,HVKITDFGR,"0,1,2,3,4,5,6,7,8",2.9444389791664403,KITDFGLAK,0.178207,HVKITDFGRAK,HVKITDFGR,KITDFGLAK,Positive,11,9,9,9,9,11,"0,1,8",0.821793,8,1.3862943611198906,substitution,1.0,7.97554890219561,Positive_all,1,cedar,2.9418,HVKITDFGLAK,2.3571,HVKDFGLAK,True,0.14262902825655463
HVKITDFGRAK,HLA-A1101,0.2434,1,8,1.9523,0.4358,0.04,HLA-A*11:01,"34244308,34244308",KITDFGRAK,KITDFGLAK,2,2,860.0,850.0,False,Conserved,-2,HVKDFGRAK,-2,KITDFGRAK,6,1.3862943611198906,KITDFGLAK,0.07671099999999997,HVKITDFGRAK,KITDFGRAK,KITDFGLAK,Positive,11,9,9,9,9,11,"0,1,8",0.923289,8,1.3862943611198906,substitution,0.5,0.16433853738701726,"Positive_all,Negative",2,cedar,2.3121,HVKITDFGLAK,0.7265,HVTDFGLAK,True,0.12330699644442594
IAMDVTEGL,HLA-A0201,1.2802,0,8,0.0396,0.7847,1.7433,HLA-A*02:01,31511069,IAMDVTEGL,IAMDGTEGL,0,0,129.0,121.0,False,Conserved,-3,IAMDVTEGL,-3,IAMDVTEGL,4,1.3862943611198906,IAMDGTEGL,0.09922399999999998,IAMDVTEGL,IAMDVTEGL,IAMDGTEGL,Negative,9,9,9,9,9,9,"1,3,8",0.900776,4,1.3862943611198906,substitution,0.0,1.3617403530698329,Negative,1,cedar,1.2802,IAMDGTEGL,1.7433,IAMDGTEGL,True,0.18454817628035386
IFQLSSLNL,HLA-A2402,0.4734,0,8,0.073,0.7681,10.7328,HLA-A*24:02,27198675,IFQLSSLNL,IFQLSSLNP,0,0,1277.0,1269.0,True,Improved,-3,IFQLSSLNL,-3,IFQLSSLNL,8,1.3862943611198906,IFQLSSLNP,0.030501,IFQLSSLNL,IFQLSSLNL,IFQLSSLNP,Negative,9,9,9,9,9,9,"1,8",0.969499,8,1.3862943611198906,substitution,0.0,22.671736375158428,Negative,1,cedar,0.4734,IFQLSSLNP,10.7328,IFQLSSLNP,True,0.18533389032435166
IIQEYKKFTK,HLA-A1101,1.3155,0,8,0.5951,0.5147,2.188,HLA-A*11:01,"34270940,34270940",IIQEYKKFTK,IQEYKKFRK,0,1,361.0,352.0,True,Conserved,-1,IIQEKKFTK,-4,IIQEKKFTK,"1,2,3,7",1.3862943611198906,IQEYKKFRK,0.07045299999999999,IIQEYKKFTK,IIQEYKKFTK,IQEYKKFRK,Negative,10,10,9,10,9,10,"0,1,8",0.929547,8,0.6931471805599453,substitution,0.0,1.6632459141011025,"Negative,Negative",2,cedar,1.3155,IIQEYKKFRK,2.2603,IIQEYKFRK,True,0.16478130529406634
ILASWYRIYSK,HLA-A1101,0.032,0,8,0.475,0.5475,0.0274,HLA-A*11:01,"34270940,34270940",ASWYRIYSK,ASWYRIYTK,2,2,122.0,112.0,False,Conserved,1,ILASRIYSK,1,ASWYRIYSK,7,1.791759469228055,ASWYRIYTK,0.025182000000000038,ILASWYRIYSK,ASWYRIYSK,ASWYRIYTK,Negative,11,9,9,9,9,11,"0,1,8",0.974818,9,1.791759469228055,substitution,0.0,0.85625,"Negative,Negative",2,cedar,2.7024,ILASWYRIYTK,2.4573,ILASWIYTK,True,0.15771329444720592
ILCETCLIV,HLA-A0201,1.5931,1,8,0.6904,0.6327,2.8211,HLA-A*02:01,32571843,ILCETCLIV,ILCGTCLIV,0,0,571.0,563.0,True,Conserved,-2,ILCETCLIV,-2,ILCETCLIV,3,0.6931471805599453,ILCGTCLIV,0.09479199999999999,ILCETCLIV,ILCETCLIV,ILCGTCLIV,Positive,9,9,9,9,9,9,"1,3,8",0.905208,3,0.6931471805599453,substitution,1.0,1.7708241792731154,Positive_all,1,cedar,1.5931,ILCGTCLIV,2.8211,ILCGTCLIV,True,0.2504496546729897
ILHFQNPGY,HLA-B1501,0.2558,0,8,0.7319,0.5432,0.3813,HLA-B*15:01,27198675,ILHFQNPGY,LQFQNPGY,0,1,535.0,527.0,False,Conserved,0,ILHFQNPGY,-12,ILHFQNPGY,"0,1,2,3,4,5,6",1.0986122886681098,LQFQNP-GY,0.11319000000000001,ILHFQNPGY,ILHFQNPGY,LQFQNPGY,Negative,9,9,8,9,8,9,"1,8",0.88681,2,1.3862943611198906,substitution,0.0,1.49061767005473,Negative,1,cedar,0.2558,ILQFQNPGY,0.6169,ILQFQNPGY,True,0.21812474270833498
ILLRRLLSSA,HLA-A0201,3.6898,0,8,1.1062,0.6384,4.0228,HLA-A*02:01,31511069,ILLRRLLSS,VLLRRLLSS,0,0,73.0,64.0,False,Conserved,3,ILLRRLSSA,3,ILLRRLLSS,0,1.0986122886681098,VLLRRLLSS,0.004499000000000031,ILLRRLLSSA,ILLRRLLSS,VLLRRLLSS,Negative,10,9,9,9,9,10,"1,3,8",0.995501,0,1.0986122886681098,substitution,0.0,1.0902487939725731,Negative,1,cedar,4.3223,VLLRRLLSSA,4.435,VLLRRLLSA,True,0.18688690025562352
ILTPVLNPI,HLA-A0201,0.3887,0,8,0.1376,0.8827,0.7425,HLA-A*02:01,27198675,ILTPVLNPI,ILTPMLNPI,0,0,287.0,279.0,False,Conserved,1,ILTPVLNPI,1,ILTPVLNPI,4,0.0,ILTPMLNPI,0.053391999999999995,ILTPVLNPI,ILTPVLNPI,ILTPMLNPI,Negative,9,9,9,9,9,9,"1,3,8",0.946608,4,0.0,substitution,0.0,1.910213532287111,Negative,1,cedar,0.3887,ILTPMLNPI,0.7425,ILTPMLNPI,True,0.20618678872849386
IMDQVPFSV,HLA-A0201,0.0104,1,8,0.0242,0.8639,0.2118,HLA-A*02:01,"30418433,31685621,31685621,31921104,31921104,33665637,33665637",IMDQVPFSV,ITDQVPFSV,0,0,217.0,209.0,True,Conserved,-1,IMDQVPFSV,-1,IMDQVPFSV,1,0.0,ITDQVPFSV,0.048090999999999995,IMDQVPFSV,IMDQVPFSV,ITDQVPFSV,Positive,9,9,9,9,9,9,"1,3,8",0.951909,1,0.0,substitution,0.8571428571428571,20.365384615384617,"Positive_all,Positive_all,Positive_all,Positive_all,Negative,Positive_all,Positive_all",7,cedar,0.0104,ITDQVPFSV,0.2118,ITDQVPFSV,True,0.3322814569987628
IMSSSLFNL,HLA-A0201,0.2364,1,8,0.0472,0.9175,0.061,HLA-A*02:01,"31685621,31685621",IMSSSLFNL,IMSPSLFNL,0,0,624.0,616.0,True,Conserved,-1,IMSSSLFNL,-1,IMSSSLFNL,3,1.3862943611198906,IMSPSLFNL,0.07713899999999996,IMSSSLFNL,IMSSSLFNL,IMSPSLFNL,Positive,9,9,9,9,9,9,"1,3,8",0.922861,3,1.3862943611198906,substitution,1.0,0.2580372250423012,"Positive_all,Positive_all",2,cedar,0.2364,IMSPSLFNL,0.061,IMSPSLFNL,True,0.20559233064324572
IQANALPLM,HLA-B1501,0.4159,0,8,0.6536,0.2423,1.7066,HLA-B*15:01,27198675,IQANALPLM,IQENALPLM,0,0,126.0,118.0,False,Improved,-1,IQANALPLM,-1,IQANALPLM,2,0.6931471805599453,IQENALPLM,0.057296000000000014,IQANALPLM,IQANALPLM,IQENALPLM,Negative,9,9,9,9,9,9,"1,8",0.942704,2,0.6931471805599453,substitution,0.0,4.103390238037989,Negative,1,cedar,0.4159,IQENALPLM,1.7066,IQENALPLM,True,0.14232537490090746
IQANALPLM,HLA-A0201,1.9687,0,8,0.6536,0.2423,4.7187,HLA-A*02:01,27198675,IQANALPLM,IQENALPLM,0,0,126.0,118.0,False,Conserved,-1,IQANALPLM,-1,IQANALPLM,2,0.6931471805599453,IQENALPLM,0.057296000000000014,IQANALPLM,IQANALPLM,IQENALPLM,Negative,9,9,9,9,9,9,"1,3,8",0.942704,2,0.6931471805599453,substitution,0.0,2.3968608726570837,Negative,1,cedar,1.9687,IQENALPLM,4.7187,IQENALPLM,True,0.13123912759518153
ITDAHELGV,HLA-A0101,0.3941,0,8,0.027,0.6777,5.105,HLA-A*01:01,33479501,ITDAHELGV,ITAAHELGV,0,0,65.0,57.0,True,Improved,-2,ITDAHELGV,-2,ITDAHELGV,2,0.6931471805599453,ITAAHELGV,0.07134099999999999,ITDAHELGV,ITDAHELGV,ITAAHELGV,Negative,9,9,9,9,9,9,"1,2,8",0.928659,2,0.6931471805599453,substitution,0.0,12.953565085003808,Negative,1,cedar,0.3941,ITAAHELGV,5.105,ITAAHELGV,True,0.15789289121419928
ITDAHELGVA,HLA-A0101,0.3941,0,8,0.7784,0.2939,5.105,HLA-A*01:01,33479501,ITDAHELGV,ITAAHELGV,0,0,66.0,57.0,True,Improved,-2,ITDAHELVA,-2,ITDAHELGV,2,0.6931471805599453,ITAAHELGV,0.07134099999999999,ITDAHELGVA,ITDAHELGV,ITAAHELGV,Negative,10,9,9,9,9,10,"1,2,8",0.928659,2,0.6931471805599453,substitution,0.0,12.953565085003808,Negative,1,cedar,2.105,ITAAHELGVA,19.8642,ITAAHELVA,True,0.16552346514469618
ITRTVSANTV,HLA-A3001,1.6847,0,8,0.6137,0.5626,2.596,HLA-A*30:01,29895573,ITRTVSANT,ITRTVSGNTV,0,0,1669.0,1660.0,True,Conserved,0,ITRTVSNTV,-4,ITRTVSANT,"4,5,6,7,8",1.3862943611198906,ITRTSGNTV,0.06622099999999997,ITRTVSANTV,ITRTVSANT,ITRTVSGNTV,Negative,10,9,10,9,10,10,"0,1,2,8",0.933779,6,1.3862943611198906,substitution,0.0,1.5409271680417878,Negative,1,cedar,3.044,ITRTVSGNTV,2.596,ITRTSGNTV,True,0.17106624284214156
IVMTDAGRL,HLA-B0702,6.6889,0,8,1.0434,0.3953,41.0,HLA-B*07:02,27198675,IVMTDAGRL,IVMTDAGR,0,0,772.0,764.0,True,Conserved,-3,IVMTDAGRL,-12,IVMTDAGRL,"4,5,6,7,8",2.5649493574615367,IVMT-DAGR,0.04974400000000001,IVMTDAGRL,IVMTDAGRL,IVMTDAGR,Negative,9,9,8,9,8,9,"1,8",0.950256,8,1.3862943611198906,substitution,0.0,6.129557924322385,Negative,1,cedar,6.6889,IVMTDAGRP,50.0,IVMTDAGRP,True,0.15641767526313954
IYKAPCENW,HLA-A2402,0.0726,1,8,0.1771,0.5909,0.0213,HLA-A*24:02,"26048577,26048577",IYKAPCENW,IYKAPSENW,0,0,843.0,835.0,False,Conserved,-1,IYKAPCENW,-1,IYKAPCENW,5,1.3862943611198906,IYKAPSENW,0.10377899999999995,IYKAPCENW,IYKAPCENW,IYKAPSENW,Positive,9,9,9,9,9,9,"1,8",0.896221,5,1.3862943611198906,substitution,1.0,0.29338842975206614,"Positive_all,Positive_all",2,cedar,0.0726,IYKAPSENW,0.0213,IYKAPSENW,True,0.14766163475413036
KAIESFLEK,HLA-A3001,0.014,0,8,0.2001,0.667,0.0023,HLA-A*30:01,24323902,KAIESFLEK,KARESFLEK,0,0,363.0,355.0,True,Conserved,-3,KAIESFLEK,-3,KAIESFLEK,2,0.0,KARESFLEK,0.07799,KAIESFLEK,KAIESFLEK,KARESFLEK,Negative,9,9,9,9,9,9,"0,1,2,8",0.92201,2,0.0,substitution,0.0,0.16428571428571428,Negative,1,cedar,0.014,KARESFLEK,0.0023,KARESFLEK,True,0.20604275472417843
KALDPHSGHFV,HLA-A0201,0.0854,1,8,1.2159,0.3261,11.641,HLA-A*02:01,27198675,ALDPHSGHFV,ARDPHSGHFV,1,1,32.0,22.0,True,Improved,-2,KALDPGHFV,-2,ALDPHSHFV,1,1.3862943611198906,ARDPHSHFV,0.043591000000000046,KALDPHSGHFV,ALDPHSGHFV,ARDPHSGHFV,Negative,11,10,10,10,10,11,"1,3,8",0.956409,2,1.3862943611198906,substitution,0.0,136.31147540983605,Negative,1,cedar,1.7912,KARDPHSGHFV,13.8311,KAPHSGHFV,True,0.06925991834336456
KELLKHPFTL,HLA-A0201,0.1568,1,8,0.0463,0.7062,0.6821,HLA-A*02:01,"34244308,34244308",ELLKHPFTL,ELLKHPFIL,1,1,368.0,359.0,False,Improved,-1,KELKHPFTL,-1,ELLKHPFTL,7,1.0986122886681098,ELLKHPFIL,0.044564999999999966,KELLKHPFTL,ELLKHPFTL,ELLKHPFIL,Positive,10,9,9,9,9,10,"1,3,8",0.955435,8,1.0986122886681098,substitution,0.5,4.3501275510204085,"Positive_all,Negative",2,cedar,0.5089,KELLKHPFIL,1.7434,KLLKHPFIL,True,0.09163404556868276
KFRSSVYLLM,HLA-A2402,0.3216,0,8,0.067,0.6851,0.3589,HLA-A*24:02,"34270940,34270940",KFRSSVYLL,KFRSSLYLL,0,0,636.0,627.0,False,Conserved,1,KRSSVYLLM,1,KFRSSVYLL,5,1.791759469228055,KFRSSLYLL,0.03653899999999999,KFRSSVYLLM,KFRSSVYLL,KFRSSLYLL,Negative,10,9,9,9,9,10,"1,8",0.963461,5,1.791759469228055,substitution,0.0,1.1159825870646767,"Negative,Negative",2,cedar,1.9014,KFRSSLYLLM,2.4261,KFSSLYLLM,True,0.15871621929031587
KIFNFYPRK,HLA-A0301,0.0101,0,8,0.0098,0.8178,0.0131,HLA-A*03:01,34518289,KIFNFYPRK,KIFNLYPRK,0,0,398.0,390.0,False,Conserved,0,KIFNFYPRK,0,KIFNFYPRK,4,1.791759469228055,KIFNLYPRK,0.06793700000000003,KIFNFYPRK,KIFNFYPRK,KIFNLYPRK,Negative,9,9,9,9,9,9,"0,1,8",0.932063,4,1.791759469228055,substitution,0.0,1.297029702970297,Negative,1,cedar,0.0101,KIFNLYPRK,0.0131,KIFNLYPRK,True,0.3498087324199759
KIIQEYKKFTK,HLA-A1101,0.843,0,8,1.2415,0.4261,1.3619,HLA-A*11:01,"34270940,34270940",KIIQEYKKFTK,KIIQEYKKFRK,0,0,361.0,351.0,False,Conserved,-1,KIIQEKFTK,-1,KIIQEKFTK,7,0.6931471805599453,KIIQEKFRK,0.02578899999999995,KIIQEYKKFTK,KIIQEYKKFTK,KIIQEYKKFRK,Negative,11,11,11,11,11,11,"0,1,8",0.974211,9,0.6931471805599453,substitution,0.0,1.6155397390272836,"Negative,Negative",2,cedar,0.843,KIIQEYKKFRK,1.3619,KIIQEKFRK,True,0.16278463902377777
KIQANALPL,HLA-A0201,3.7362,0,8,0.7008,0.2692,1.1069,HLA-A*02:01,27198675,KIQANALPL,KIQENALPL,0,0,125.0,117.0,True,Conserved,-1,KIQANALPL,-1,KIQANALPL,3,0.6931471805599453,KIQENALPL,0.06631200000000004,KIQANALPL,KIQANALPL,KIQENALPL,Negative,9,9,9,9,9,9,"1,3,8",0.933688,3,0.6931471805599453,substitution,0.0,0.29626358331995073,Negative,1,cedar,3.7362,KIQENALPL,1.1069,KIQENALPL,True,0.08848042360841475
KIYAAGTFY,HLA-A0301,0.037,0,8,0.0094,0.7704,0.2866,HLA-A*03:01,34518289,KIYAAGTFY,KIHAAGTFY,0,0,680.0,672.0,False,Conserved,2,KIYAAGTFY,2,KIYAAGTFY,2,0.6931471805599453,KIHAAGTFY,0.05770799999999998,KIYAAGTFY,KIYAAGTFY,KIHAAGTFY,Negative,9,9,9,9,9,9,"0,1,8",0.942292,2,0.6931471805599453,substitution,0.0,7.745945945945947,Negative,1,cedar,0.037,KIHAAGTFY,0.2866,KIHAAGTFY,True,0.2414265334852686
KLASVTHSVDK,HLA-A1101,0.1831,0,8,0.2465,0.6075,0.3859,HLA-A*11:01,"34270940,34270940",ASVTHSVDK,ASVTRSVDK,2,2,68.0,58.0,False,Conserved,0,KLASVTHSK,0,ASVTHSVDK,4,0.6931471805599453,ASVTRSVDK,0.08108800000000005,KLASVTHSVDK,ASVTHSVDK,ASVTRSVDK,Negative,11,9,9,9,9,11,"0,1,8",0.918912,6,0.6931471805599453,substitution,0.0,2.1075914800655378,"Negative,Negative",2,cedar,0.6874,KLASVTRSVDK,1.3651,KLASVTRSK,True,0.10659201743626923
KLGNRINIIV,HLA-A0201,1.9108,0,8,1.5186,0.6636,0.94,HLA-A*02:01,35193931,KLGNRINII,KLGNGINIIV,0,0,306.0,297.0,True,Conserved,-2,KLGNINIIV,-2,KLGNRINII,"4,6,8",2.3978952727983707,KLGNGIIIV,0.10994099999999996,KLGNRINIIV,KLGNRINII,KLGNGINIIV,Negative,10,9,10,9,10,10,"1,3,8",0.890059,4,1.791759469228055,substitution,0.0,0.4919405484613774,Negative,1,cedar,2.2946,KLGNGINIIV,0.94,KLGNGIIIV,True,0.1629295547484989
KLINECSRPI,HLA-A0201,4.0287,0,8,0.482,0.7254,3.1779,HLA-A*02:01,31511069,KLINECSRPI,KLINEWSRPI,0,0,689.0,680.0,False,Conserved,-2,KLIECSRPI,-2,KLIECSRPI,4,0.6931471805599453,KLIEWSRPI,0.15262200000000004,KLINECSRPI,KLINECSRPI,KLINEWSRPI,Negative,10,10,10,10,10,10,"1,3,8",0.847378,5,0.6931471805599453,substitution,0.0,0.7888152505771093,Negative,1,cedar,4.0287,KLINEWSRPI,3.1779,KLIEWSRPI,True,0.0950661823691541
KLITKYNLREL,HLA-A0201,2.8456,0,8,5.0967,0.4335,5.4138,HLA-A*02:01,31511069,KLITKYNLREL,KLITKYNRREL,0,0,242.0,232.0,True,Conserved,-2,KLITNLREL,-1,KLITNLREL,"4,5,6",1.3862943611198906,KLITKYNEL,0.05855200000000005,KLITKYNLREL,KLITKYNLREL,KLITKYNRREL,Negative,11,11,11,11,11,11,"1,3,8",0.941448,7,1.3862943611198906,substitution,0.0,1.9025161653078437,Negative,1,cedar,2.8456,KLITKYNRREL,5.4138,KLITKYNEL,True,0.13866284104411153
KLPVGSQCLV,HLA-A0201,1.5261,0,8,1.1054,0.6385,1.7905,HLA-A*02:01,"27198675,27198675,27198675,27198675",KLPVGSQCL,KLPVGSQCSV,0,0,66.0,57.0,True,Conserved,-2,KLPVGSQLV,0,KLPVGSQCL,"7,8",2.302585092994046,KLPVGSQSV,0.057764999999999955,KLPVGSQCLV,KLPVGSQCL,KLPVGSQCSV,Negative,10,9,10,9,10,10,"1,3,8",0.942235,8,0.6931471805599453,substitution,0.0,1.1732520804665487,"Negative,Negative,Negative,Negative",4,cedar,2.4553,KLPVGSQCSV,1.7905,KLPVGSQSV,True,0.1241312316416986
KLSELHTYI,HLA-A0201,0.0321,1,8,0.0386,0.4348,0.0593,HLA-A*02:01,30418433,KLSELHTYI,KLSELHAYI,0,0,91.0,83.0,False,Conserved,0,KLSELHTYI,0,KLSELHTYI,6,1.3862943611198906,KLSELHAYI,0.04919300000000004,KLSELHTYI,KLSELHTYI,KLSELHAYI,Positive,9,9,9,9,9,9,"1,3,8",0.950807,6,1.3862943611198906,substitution,1.0,1.8473520249221185,Positive_all,1,cedar,0.0321,KLSELHAYI,0.0593,KLSELHAYI,True,0.24048374362847172
KLYTSEILSPI,HLA-A0201,0.697,1,8,0.3398,0.8309,1.1515,HLA-A*02:01,27198675,YTSEILSPI,KLYTSEISSPI,2,0,1789.0,1779.0,True,Conserved,-2,KLYEILSPI,-14,YTSEILSPI,"0,1,2,3,4,5,6,7",2.302585092994046,KLYTSEISI,0.103468,KLYTSEILSPI,YTSEILSPI,KLYTSEISSPI,Negative,11,9,11,9,11,11,"1,3,8",0.896532,7,0.6931471805599453,substitution,0.0,1.652080344332855,Negative,1,cedar,1.2666,KLYTSEISSPI,1.1515,KLYTSEISI,True,0.08366240793130081
KMIGNHLWV,HLA-A0201,0.3672,1,8,0.066,0.9066,3.4473,HLA-A*02:01,"25837513,25837513,25837513,25837513,25837513,25837513,25837513",KMIGNHLWV,EMIGNHLWV,0,0,161.0,153.0,False,Improved,1,KMIGNHLWV,1,KMIGNHLWV,0,0.6931471805599453,EMIGNHLWV,0.01763400000000004,KMIGNHLWV,KMIGNHLWV,EMIGNHLWV,Positive,9,9,9,9,9,9,"1,3,8",0.982366,0,0.6931471805599453,substitution,0.8571428571428571,9.388071895424835,"Negative,Positive_all,Positive_all,Positive_all,Positive_all,Positive_all,Positive_all",7,cedar,0.3672,EMIGNHLWV,3.4473,EMIGNHLWV,True,0.21963473245171447
KMPWNNQLL,HLA-A0201,1.4179,0,8,0.0114,0.6905,1.8523,HLA-A*02:01,31511069,KMPWNNQLL,KMPRNNQLL,0,0,98.0,90.0,True,Conserved,-3,KMPWNNQLL,-3,KMPWNNQLL,3,0.6931471805599453,KMPRNNQLL,0.13832500000000003,KMPWNNQLL,KMPWNNQLL,KMPRNNQLL,Negative,9,9,9,9,9,9,"1,3,8",0.861675,3,0.6931471805599453,substitution,0.0,1.3063685732421186,Negative,1,cedar,1.4179,KMPRNNQLL,1.8523,KMPRNNQLL,True,0.10677522024311241
KQASSAPFFML,HLA-A2402,0.6245,0,8,0.5604,0.2632,0.4581,HLA-A*24:02,27198675,KQASSAPFF,KQASSAPLF,0,0,82.0,72.0,False,Conserved,0,KQASSAPML,0,KQASSAPFF,7,1.791759469228055,KQASSAPLF,0.03287799999999996,KQASSAPFFML,KQASSAPFF,KQASSAPLF,Negative,11,9,9,9,9,11,"1,8",0.967122,7,1.791759469228055,substitution,0.0,0.733546837469976,Negative,1,cedar,4.8222,KQASSAPLFML,6.3822,KQASPLFML,True,0.0673545891123594
KQASSAPFFML,HLA-A0201,3.7627,0,8,0.5604,0.2632,2.8604,HLA-A*02:01,27198675,KQASSAPFFML,KQASSAPLFML,0,0,82.0,72.0,True,Conserved,0,KQASSAPML,-6,KQASSAPFL,"4,5,6,7",1.3862943611198906,KQASPLFML,0.03697499999999998,KQASSAPFFML,KQASSAPFFML,KQASSAPLFML,Negative,11,11,11,11,11,11,"1,3,8",0.963025,7,1.791759469228055,substitution,0.0,0.7601987934196188,Negative,1,cedar,3.7627,KQASSAPLFML,2.8604,KQASPLFML,True,0.07478887821680119
KSAVLASNSQF,HLA-B5701,0.3526,0,8,0.3433,0.5394,0.3503,HLA-B*57:01,"34244308,34244308",KSAVLASNSQF,KSAVLVSNSQF,0,0,401.0,391.0,False,Conserved,0,KSLASNSQF,0,KSLASNSQF,3,1.3862943611198906,KSLVSNSQF,0.03348200000000001,KSAVLASNSQF,KSAVLASNSQF,KSAVLVSNSQF,Negative,11,11,11,11,11,11,"1,8",0.966518,5,1.3862943611198906,substitution,0.0,0.9934770277935336,"Negative,Negative",2,cedar,0.3526,KSAVLVSNSQF,0.3503,KSLVSNSQF,True,0.09368654907455629
KSFTLNGTK,HLA-A0301,0.2233,0,8,0.0596,0.7437,0.1345,HLA-A*03:01,31511069,KSFTLNGTK,KSYTLNGTK,0,0,210.0,202.0,False,Conserved,3,KSFTLNGTK,3,KSFTLNGTK,2,0.6931471805599453,KSYTLNGTK,0.03859699999999999,KSFTLNGTK,KSFTLNGTK,KSYTLNGTK,Negative,9,9,9,9,9,9,"0,1,8",0.961403,2,0.6931471805599453,substitution,0.0,0.6023287057769817,Negative,1,cedar,0.2233,KSYTLNGTK,0.1345,KSYTLNGTK,True,0.13249129595671283
KTTLVYPATEK,HLA-A1101,0.1538,0,8,0.4408,0.5567,0.0388,HLA-A*11:01,"34270940,34270940",TTLVYPATEK,TVVYPATEK,1,2,45.0,35.0,True,Conserved,1,KLVYPATEK,1,TTLYPATEK,"1,2",1.791759469228055,TVVYPATEK,0.05174999999999996,KTTLVYPATEK,TTLVYPATEK,TVVYPATEK,Negative,11,10,9,10,9,11,"0,1,8",0.94825,3,1.791759469228055,substitution,0.0,0.2522756827048115,"Negative,Negative",2,cedar,0.2647,KTTVVYPATEK,0.2519,KTVYPATEK,True,0.15868667010383442
KTYPCKIFY,HLA-A0301,0.0985,0,8,0.011,0.7525,0.0636,HLA-A*03:01,34518289,KTYPCKIFY,KTYPCKISY,0,0,581.0,573.0,False,Conserved,-2,KTYPCKIFY,-2,KTYPCKIFY,7,0.6931471805599453,KTYPCKISY,0.06555,KTYPCKIFY,KTYPCKIFY,KTYPCKISY,Negative,9,9,9,9,9,9,"0,1,8",0.93445,7,0.6931471805599453,substitution,0.0,0.6456852791878173,Negative,1,cedar,0.0985,KTYPCKISY,0.0636,KTYPCKISY,True,0.2670206041624064
KVQDLTPAK,HLA-A0301,0.024,0,8,0.0662,0.7392,1.0889,HLA-A*03:01,31511069,KVQDLTPAK,KGQDLTPAK,0,0,801.0,793.0,True,Improved,-3,KVQDLTPAK,-3,KVQDLTPAK,1,1.3862943611198906,KGQDLTPAK,0.061424000000000034,KVQDLTPAK,KVQDLTPAK,KGQDLTPAK,Negative,9,9,9,9,9,9,"0,1,8",0.938576,1,1.3862943611198906,substitution,0.0,45.37083333333333,Negative,1,cedar,0.024,KGQDLTPAK,1.0889,KGQDLTPAK,True,0.255715467962193
KVYEGVWKK,HLA-A0301,0.0031,1,8,0.0182,0.7584,0.4183,HLA-A*03:01,"22912393,22912393,22912393,22912393,22912393,22912393,22912393,22912393,22912393,22912393,22912393,22912393,22912393,22912393,22912393,22912393,22912393",KVYEGVWKK,EVYEGVWKK,0,0,263.0,255.0,True,Conserved,1,KVYEGVWKK,1,KVYEGVWKK,0,0.6931471805599453,EVYEGVWKK,0.017388999999999988,KVYEGVWKK,KVYEGVWKK,EVYEGVWKK,Positive,9,9,9,9,9,9,"0,1,8",0.982611,0,0.6931471805599453,substitution,0.7058823529411765,134.93548387096774,"Positive_all,Negative,Positive_all,Positive_all,Positive_all,Negative,Positive_all,Positive_all,Positive_all,Positive_all,Positive_all,Negative,Negative,Negative,Positive_all,Positive_all,Positive_all",17,cedar,0.0031,EVYEGVWKK,0.4183,EVYEGVWKK,True,0.4106409134324995
KYSSGFCNI,HLA-A2402,0.2132,0,8,0.078,0.6727,0.0808,HLA-A*24:02,31511069,KYSSGFCNI,KYSSGFRNI,0,0,339.0,331.0,False,Conserved,-3,KYSSGFCNI,-3,KYSSGFCNI,6,0.6931471805599453,KYSSGFRNI,0.11302999999999996,KYSSGFCNI,KYSSGFCNI,KYSSGFRNI,Negative,9,9,9,9,9,9,"1,8",0.88697,6,0.6931471805599453,substitution,0.0,0.3789868667917448,Negative,1,cedar,0.2132,KYSSGFRNI,0.0808,KYSSGFRNI,True,0.12247011899013988
LASWYRIYSK,HLA-A1101,0.032,0,8,0.2364,0.6644,0.0274,HLA-A*11:01,"34270940,34270940",ASWYRIYSK,ASWYRIYTK,1,1,122.0,113.0,False,Conserved,1,LASWYRIYK,1,ASWYRIYSK,7,1.791759469228055,ASWYRIYTK,0.025182000000000038,LASWYRIYSK,ASWYRIYSK,ASWYRIYTK,Negative,10,9,9,9,9,10,"0,1,8",0.974818,8,1.791759469228055,substitution,0.0,0.85625,"Negative,Negative",2,cedar,2.3222,LASWYRIYTK,2.2407,LASWYRIYK,True,0.16789272324358126
LASYFFWGL,HLA-A0201,11.0656,1,8,0.5259,0.5245,6.6394,HLA-A*02:01,"31655052,31655052",LASYFFWGL,LASHFFWGL,0,0,412.0,404.0,True,Conserved,2,LASYFFWGL,2,LASYFFWGL,3,0.6931471805599453,LASHFFWGL,0.072384,LASYFFWGL,LASYFFWGL,LASHFFWGL,Positive,9,9,9,9,9,9,"1,3,8",0.927616,3,0.6931471805599453,substitution,0.5,0.6000036148062464,"Negative,Positive_all",2,cedar,11.0656,LASHFFWGL,6.6394,LASHFFWGL,True,0.3168895595534462
LAVRWFFAHF,HLA-B1501,1.2572,0,8,0.5833,0.4681,12.9351,HLA-B*15:01,27198675,AVRWFFAHF,AVRWFFAH,1,1,67.0,58.0,True,Improved,-2,LAVRWFFHF,-10,AVRWFFAHF,"3,4,6,7,8",,AVR-WFFAH,0.06024099999999999,LAVRWFFAHF,AVRWFFAHF,AVRWFFAH,Negative,10,9,8,9,8,10,"1,8",0.939759,9,0.6931471805599453,substitution,0.0,10.288816417435571,Negative,1,cedar,7.4813,LAVRWFFAHS,72.0,LVRWFFAHS,True,0.20415880265184586
LEEEINRKM,HLA-B4001,0.1938,0,8,0.4414,0.3872,0.2852,HLA-B*40:01,33208106,LEEEINRKM,LEEEINRRM,0,0,234.0,226.0,False,Conserved,2,LEEEINRKM,2,LEEEINRKM,7,0.6931471805599453,LEEEINRRM,0.02285499999999996,LEEEINRKM,LEEEINRKM,LEEEINRRM,Negative,9,9,9,9,9,9,"1,8",0.977145,7,0.6931471805599453,substitution,0.0,1.4716202270381837,Negative,1,cedar,0.1938,LEEEINRRM,0.2852,LEEEINRRM,True,0.23035148826946422
LEFENKQAL,HLA-B4001,0.0083,0,8,0.0644,0.6906,0.0032,HLA-B*40:01,"34244308,34244308",LEFENKQAL,SEFENKQAL,0,0,2416.0,2408.0,False,Conserved,-2,LEFENKQAL,-2,LEFENKQAL,0,0.6931471805599453,SEFENKQAL,0.023872000000000004,LEFENKQAL,LEFENKQAL,SEFENKQAL,Negative,9,9,9,9,9,9,"1,8",0.976128,0,0.6931471805599453,substitution,0.0,0.3855421686746988,"Negative,Negative",2,cedar,0.0083,SEFENKQAL,0.0032,SEFENKQAL,True,0.27889726714730695
LESLSAESY,HLA-B1501,1.548,0,8,0.0526,0.6152,8.4543,HLA-B*15:01,27198675,LESLSAESY,LESLSAESH,0,0,26.0,18.0,True,Improved,2,LESLSAESY,2,LESLSAESY,8,0.6931471805599453,LESLSAESH,0.01952200000000004,LESLSAESY,LESLSAESY,LESLSAESH,Negative,9,9,9,9,9,9,"1,8",0.980478,8,0.6931471805599453,substitution,0.0,5.461434108527132,Negative,1,cedar,1.548,LESLSAESH,8.4543,LESLSAESH,True,0.10023293197642749
LFLSASSNSF,HLA-A2402,0.5755,0,8,0.3439,0.5107,0.2938,HLA-A*24:02,27198675,LFLSASSNSF,LFPSASSNSF,0,0,305.0,296.0,True,Conserved,-3,LFLSSSNSF,-2,LFLSSSNSF,"2,4",2.0794415416798357,LFPSASNSF,0.05586100000000005,LFLSASSNSF,LFLSASSNSF,LFPSASSNSF,Negative,10,10,10,10,10,10,"1,8",0.944139,2,1.3862943611198906,substitution,0.0,0.5105125977410947,Negative,1,cedar,0.5755,LFPSASSNSF,0.2938,LFPSASNSF,True,0.10223058375519613
LFRIKFKEPL,HLA-B0801,0.5351,1,8,0.1771,0.5551,0.6323,HLA-B*08:01,33479501,RIKFKEPL,RIKFKESF,2,2,90.0,81.0,True,Conserved,2,LFRIKFKEL,-1,RIKFKE-PL,"7,8",2.302585092994046,RIKFKE-SF,0.08716999999999997,LFRIKFKEPL,RIKFKEPL,RIKFKESF,Positive,10,8,8,8,8,10,"1,4,8",0.91283,"1,8,9",2.4849066497880004,substitution,1.0,1.1816482900392449,Positive_all,1,cedar,1.7067,LYRIKFKESF,3.1994,LYRIKKESF,True,0.1367787461559909
LFSSSSFQK,HLA-A2402,7.5354,0,8,2.5813,0.4026,12.2083,HLA-A*24:02,27198675,LFSSSSFQK,LFSSSSSQK,0,0,361.0,353.0,False,Conserved,-2,LFSSSSFQK,-2,LFSSSSFQK,6,0.6931471805599453,LFSSSSSQK,0.05853600000000003,LFSSSSFQK,LFSSSSFQK,LFSSSSSQK,Negative,9,9,9,9,9,9,"1,8",0.941464,6,0.6931471805599453,substitution,0.0,1.6201263370225867,Negative,1,cedar,7.5354,LFSSSSSQK,12.2083,LFSSSSSQK,True,0.07136715585355684
LHEAQPWFEF,HLA-B3801,0.1874,0,8,0.0727,0.4817,0.214,HLA-B*38:01,29895573,LHEAQPWFEF,LHEAHPWFEF,0,0,1036.0,1027.0,False,Conserved,0,LHEAQPFEF,0,LHEAQPFEF,4,1.3862943611198906,LHEAHPFEF,0.08677000000000001,LHEAQPWFEF,LHEAQPWFEF,LHEAHPWFEF,Negative,10,10,10,10,10,10,"1,8",0.91323,4,1.3862943611198906,substitution,0.0,1.1419423692636073,Negative,1,cedar,0.1874,LHEAHPWFEF,0.214,LHEAHPFEF,True,0.14962559221342092
LHEAQPWFEFL,HLA-B3801,0.1874,0,8,0.2716,0.3621,0.214,HLA-B*38:01,29895573,LHEAQPWFEF,LHEAHPWFEF,0,0,1037.0,1027.0,False,Conserved,0,LHEAQPEFL,0,LHEAQPFEF,4,1.3862943611198906,LHEAHPFEF,0.08677000000000001,LHEAQPWFEFL,LHEAQPWFEF,LHEAHPWFEF,Negative,11,10,10,10,10,11,"1,8",0.91323,4,1.3862943611198906,substitution,0.0,1.1419423692636073,Negative,1,cedar,0.5185,LHEAHPWFEFL,0.5679,LHEAHPEFL,True,0.12447793890547598
LLAVRWFFAHF,HLA-B1501,1.2572,0,8,2.295,0.3824,8.186,HLA-B*15:01,27198675,AVRWFFAHF,LLAVRWFF,2,0,67.0,57.0,True,Improved,-2,LLAVRFAHF,-15,AVRWFFAHF,"0,1,2,3,4,5,6,7",1.6094379124341003,LLA-VRWFF,0.25612100000000004,LLAVRWFFAHF,AVRWFFAHF,LLAVRWFF,Negative,11,9,8,9,8,11,"1,8",0.743879,10,0.6931471805599453,substitution,0.0,6.511294941139038,Negative,1,cedar,6.9604,LLAVRWFFAHS,73.0,LLRWFFAHS,True,0.2041025351251716
LLDNSTTGTDV,HLA-A0201,1.8017,0,8,3.3245,0.3964,3.6962,HLA-A*02:01,24323902,LLDNSTTGTDV,LLDNSTRGTDV,0,0,329.0,319.0,False,Conserved,-1,LLDNSTTGV,-1,LLDNSTTGV,6,0.6931471805599453,LLDNSTRGV,0.05414300000000005,LLDNSTTGTDV,LLDNSTTGTDV,LLDNSTRGTDV,Negative,11,11,11,11,11,11,"1,3,8",0.945857,6,0.6931471805599453,substitution,0.0,2.051506910140423,Negative,1,cedar,1.8017,LLDNSTRGTDV,3.6962,LLDNSTRGV,True,0.0964570306151029
LLFAPEYGPK,HLA-A0301,0.7274,0,8,0.0543,0.7266,1.4407,HLA-A*03:01,33479501,LLFAPEYGPK,LLSAPEYGPK,0,0,49.0,40.0,True,Conserved,-2,LLFAPEYGK,-9,LLFAPEYGK,"2,5,6,7",0.6931471805599453,LLSAPYGPK,0.06312799999999996,LLFAPEYGPK,LLFAPEYGPK,LLSAPEYGPK,Negative,10,10,10,10,10,10,"0,1,8",0.936872,2,0.6931471805599453,substitution,0.0,1.9806158922188617,Negative,1,cedar,0.7274,LLSAPEYGPK,1.4407,LLSAPYGPK,True,0.11229779306825535
LLINRGFSK,HLA-A0301,0.1519,0,8,0.0704,0.7129,0.1306,HLA-A*03:01,34518289,LLINRGFSK,LLIDRGFSK,0,0,1203.0,1195.0,False,Conserved,1,LLINRGFSK,1,LLINRGFSK,3,0.6931471805599453,LLIDRGFSK,0.06022099999999997,LLINRGFSK,LLINRGFSK,LLIDRGFSK,Negative,9,9,9,9,9,9,"0,1,8",0.939779,3,0.6931471805599453,substitution,0.0,0.8597761685319288,Negative,1,cedar,0.1519,LLIDRGFSK,0.1306,LLIDRGFSK,True,0.1947230032609436
LLKHPFTLM,HLA-A3001,2.3767,1,8,0.5188,0.5815,1.966,HLA-A*30:01,"34244308,34244308",LLKHPFTLM,LLKHPFILM,0,0,369.0,361.0,False,Conserved,-1,LLKHPFTLM,-1,LLKHPFTLM,6,1.0986122886681098,LLKHPFILM,0.059984999999999955,LLKHPFTLM,LLKHPFTLM,LLKHPFILM,Positive,9,9,9,9,9,9,"0,1,2,8",0.940015,6,1.0986122886681098,substitution,0.5,0.8271973745108764,"Positive_all,Negative",2,cedar,2.3767,LLKHPFILM,1.966,LLKHPFILM,True,0.14851142829352057
LLKYKIKDY,HLA-B1501,0.8513,0,8,2.2437,0.3857,6.4457,HLA-B*15:01,27198675,LLKYKIKDY,LPKYKIKDY,0,0,70.0,62.0,True,Improved,-3,LLKYKIKDY,-3,LLKYKIKDY,1,1.3862943611198906,LPKYKIKDY,0.06262599999999996,LLKYKIKDY,LLKYKIKDY,LPKYKIKDY,Negative,9,9,9,9,9,9,"1,8",0.937374,1,1.3862943611198906,substitution,0.0,7.571596382003995,Negative,1,cedar,0.8513,LPKYKIKDY,6.4457,LPKYKIKDY,True,0.16719987949719828
LLLQLTTPA,HLA-A0201,1.2258,0,8,0.4921,0.7992,11.1574,HLA-A*02:01,31511069,LLLQLTTPA,SLQLTTPA,0,1,108.0,100.0,True,Improved,-2,LLLQLTTPA,-8,LLLQLTTPA,"0,2",,SL-QLTTPA,0.06870399999999999,LLLQLTTPA,LLLQLTTPA,SLQLTTPA,Negative,9,9,8,9,8,9,"1,3,8",0.931296,1,0.6931471805599453,substitution,0.0,9.10213737967042,Negative,1,cedar,1.2258,LSLQLTTPA,15.9067,LSLQLTTPA,True,0.20867510156382885
LLNYFQNSHSV,HLA-A0201,0.8827,0,8,0.8316,0.7442,0.6719,HLA-A*02:01,31511069,LLNYFQNSHSV,VLNYFQNSHSV,0,0,52.0,42.0,False,Conserved,1,LLFQNSHSV,1,LLFQNSHSV,0,1.791759469228055,VLFQNSHSV,0.006673999999999958,LLNYFQNSHSV,LLNYFQNSHSV,VLNYFQNSHSV,Negative,11,11,11,11,11,11,"1,3,8",0.993326,0,1.791759469228055,substitution,0.0,0.7611872663419056,Negative,1,cedar,0.8827,VLNYFQNSHSV,0.6719,VLFQNSHSV,True,0.13501569371543426
LLRKHQLIYL,HLA-B0801,0.5997,0,8,1.1339,0.635,0.5997,HLA-B*08:01,33479501,LLRKHQLI,LLRKHQLI,0,0,238.0,229.0,False,Conserved,2,LLKHQLIYL,4,LLR-KHQLI,-1,,LLR-KHQLI,0.0,LLRKHQLIYL,LLRKHQLI,LLRKHQLI,Negative,10,8,8,8,8,10,"1,4,8",1.0,8,0.6931471805599453,substitution,0.0,1.0,Negative,1,cedar,1.8084,LLRKHQLIHL,1.4638,LLRKHQLHL,True,0.2776473313543947
LLTQLRAEV,HLA-A0201,1.0625,0,8,0.568,0.7101,48.4,HLA-A*02:01,"35193931,35193931",LLTQLRAEV,LLTQLRAED,0,0,65.0,57.0,True,Improved,-3,LLTQLRAEV,-3,LLTQLRAEV,8,0.6931471805599453,LLTQLRAED,0.028120000000000034,LLTQLRAEV,LLTQLRAEV,LLTQLRAED,Negative,9,9,9,9,9,9,"1,3,8",0.97188,8,0.6931471805599453,substitution,0.0,45.55294117647059,"Negative,Negative",2,cedar,1.0625,LLTQLRAED,48.4,LLTQLRAED,True,0.1659821951701381
LNRSSSQGTQL,HLA-B0702,1.0052,0,8,7.9259,0.1232,1.2012,HLA-B*07:02,27198675,RSSSQGTQL,RSLSQGTQL,2,2,106.0,96.0,False,Conserved,-2,LSSSQGTQL,-2,RSSSQGTQL,2,0.6931471805599453,RSLSQGTQL,0.06124600000000002,LNRSSSQGTQL,RSSSQGTQL,RSLSQGTQL,Negative,11,9,9,9,9,11,"1,8",0.938754,4,0.6931471805599453,substitution,0.0,1.1949860724233983,Negative,1,cedar,10.369,LNRSLSQGTQL,11.9326,LNRSQGTQL,True,0.07492856931085387
LPVGSQCLV,HLA-B0702,1.0255,0,8,0.1063,0.4081,0.7118,HLA-B*07:02,27198675,LPVGSQCL,LPVGSQCSV,0,0,66.0,58.0,False,Conserved,-2,LPVGSQCLV,-9,LPV-GSQCL,"3,4,5,6,7,8",2.1972245773362196,LPVGSQCSV,0.08082199999999995,LPVGSQCLV,LPVGSQCL,LPVGSQCSV,Negative,9,8,9,8,9,9,"1,8",0.919178,7,0.6931471805599453,substitution,0.0,0.6941004388103363,Negative,1,cedar,1.5544,LPVGSQCSV,0.7118,LPVGSQCSV,True,0.16114589733347998
LPVGSQCLVDL,HLA-B0702,1.0255,0,8,0.4602,0.2648,0.7118,HLA-B*07:02,27198675,LPVGSQCL,LPVGSQCSV,0,0,68.0,58.0,True,Conserved,-2,LPVGSQVDL,-9,LPV-GSQCL,"3,4,5,6,7,8",2.1972245773362196,LPVGSQCSV,0.08082199999999995,LPVGSQCLVDL,LPVGSQCL,LPVGSQCSV,Negative,11,8,9,8,9,11,"1,8",0.919178,7,0.6931471805599453,substitution,0.0,0.6941004388103363,Negative,1,cedar,2.2739,LPVGSQCSVDL,1.1141,LPVGSQCSL,True,0.12662238581949592
LPVGSQCLVDL,HLA-B3501,1.2866,0,8,0.4602,0.2648,0.8484,HLA-B*35:01,27198675,LPVGSQCL,LPVGSQCSV,0,0,68.0,58.0,True,Conserved,-2,LPVGSQVDL,-9,LPV-GSQCL,"3,4,5,6,7,8",2.1972245773362196,LPVGSQCSV,0.08082199999999995,LPVGSQCLVDL,LPVGSQCL,LPVGSQCSV,Negative,11,8,9,8,9,11,"1,8",0.919178,7,0.6931471805599453,substitution,0.0,0.6594124047878129,Negative,1,cedar,3.4466,LPVGSQCSVDL,2.304,LPVGSQCSL,True,0.12557984848264794
LQHDKLVRV,HLA-A0201,0.1951,0,8,0.0956,0.3792,0.5206,HLA-A*02:01,"35193931,35193931",LQHDKLVRV,LQHDKLVRL,0,0,305.0,297.0,True,Conserved,1,LQHDKLVRV,1,LQHDKLVRV,8,1.791759469228055,LQHDKLVRL,0.012005999999999961,LQHDKLVRV,LQHDKLVRV,LQHDKLVRL,Negative,9,9,9,9,9,9,"1,3,8",0.987994,8,1.791759469228055,substitution,0.0,2.6683751922091234,"Negative,Negative",2,cedar,0.1951,LQHDKLVRL,0.5206,LQHDKLVRL,True,0.17573449272518857
LSEECYWSL,HLA-A0201,15.0356,0,8,0.3197,0.4051,54.0,HLA-A*02:01,27198675,LSEECYWSL,LSEECYWSP,0,0,303.0,295.0,True,Conserved,-3,LSEECYWSL,-3,LSEECYWSL,8,1.3862943611198906,LSEECYWSP,0.040856,LSEECYWSL,LSEECYWSL,LSEECYWSP,Negative,9,9,9,9,9,9,"1,3,8",0.959144,8,1.3862943611198906,substitution,0.0,3.5914762297480647,Negative,1,cedar,15.0356,LSEECYWSP,54.0,LSEECYWSP,True,0.16114557348418468
LSEECYWSL,HLA-A2402,8.9223,0,8,0.3197,0.4051,55.0,HLA-A*24:02,27198675,LSEECYWSL,LSEECYWSP,0,0,303.0,295.0,True,Conserved,-3,LSEECYWSL,-3,LSEECYWSL,8,1.3862943611198906,LSEECYWSP,0.040856,LSEECYWSL,LSEECYWSL,LSEECYWSP,Negative,9,9,9,9,9,9,"1,8",0.959144,8,1.3862943611198906,substitution,0.0,6.164329825269269,Negative,1,cedar,8.9223,LSEECYWSP,55.0,LSEECYWSP,True,0.17021827756086005
LSQCSQLTTFY,HLA-B3501,0.9103,0,8,0.1232,0.5291,2.0677,HLA-B*35:01,27198675,QCSQLTTFY,RCSQLTTFY,2,2,383.0,373.0,False,Conserved,1,LSSQLTTFY,1,QCSQLTTFY,0,0.6931471805599453,RCSQLTTFY,0.01822900000000005,LSQCSQLTTFY,QCSQLTTFY,RCSQLTTFY,Negative,11,9,9,9,9,11,"1,8",0.981771,2,0.6931471805599453,substitution,0.0,2.271448972866088,Negative,1,cedar,9.2426,LSRCSQLTTFY,9.2158,LSSQLTTFY,True,0.12110878486770682
LSSSSTLTL,HLA-B1501,3.6799,0,8,0.0285,0.659,8.6372,HLA-B*15:01,27198675,LSSSSTLTL,LSSSSTLTI,0,0,586.0,578.0,True,Conserved,2,LSSSSTLTL,2,LSSSSTLTL,8,1.3862943611198906,LSSSSTLTI,0.006977000000000011,LSSSSTLTL,LSSSSTLTL,LSSSSTLTI,Negative,9,9,9,9,9,9,"1,8",0.993023,8,1.3862943611198906,substitution,0.0,2.3471289980705996,Negative,1,cedar,3.6799,LSSSSTLTI,8.6372,LSSSSTLTI,True,0.16980402792927268
LTATTQAPM,HLA-B0702,4.5653,0,8,0.1793,0.6596,2.2682,HLA-B*07:02,27198675,LTATTQAPM,LTAPTQAPM,0,0,509.0,501.0,False,Conserved,-1,LTATTQAPM,-1,LTATTQAPM,3,1.3862943611198906,LTAPTQAPM,0.07790399999999997,LTATTQAPM,LTATTQAPM,LTAPTQAPM,Negative,9,9,9,9,9,9,"1,8",0.922096,3,1.3862943611198906,substitution,0.0,0.49683481917946254,Negative,1,cedar,4.5653,LTAPTQAPM,2.2682,LTAPTQAPM,True,0.1052654847211672
LTGNESFALPY,HLA-A0101,0.3863,0,8,0.0567,0.621,1.3158,HLA-A*01:01,32314731,LTGNESFALPY,GNESFALPY,0,2,244.0,234.0,True,Conserved,-1,LTESFALPY,-4,LTESFALPY,"0,1",0.6931471805599453,GNESFALPY,0.062244999999999995,LTGNESFALPY,LTGNESFALPY,GNESFALPY,Negative,11,11,9,11,9,11,"1,2,8",0.937755,1,1.0986122886681098,substitution,0.0,3.406161014755372,Negative,1,cedar,0.3863,LIGNESFALPY,2.1639,LIESFALPY,True,0.07403886780916541
LVRRTLLHV,HLA-C1502,1.3372,1,8,0.2524,0.6501,7.6695,HLA-C*15:02,"32582212,32582212",LVRRTLLHV,LVRRTLLHA,0,0,34.0,26.0,True,Improved,0,LVRRTLLHV,0,LVRRTLLHV,8,1.3862943611198906,LVRRTLLHA,0.01539299999999999,LVRRTLLHV,LVRRTLLHV,LVRRTLLHA,Positive,9,9,9,9,9,9,"1,8",0.984607,8,1.3862943611198906,substitution,0.5,5.735492072988334,"Negative,Positive_all",2,cedar,1.3372,LVRRTLLHA,7.6695,LVRRTLLHA,True,0.22596162950424065
LYCVLIESL,HLA-A2402,0.3978,0,8,0.6117,0.4266,10.7137,HLA-A*24:02,27198675,LYCVLIESL,LYCVLIESP,0,0,571.0,563.0,True,Improved,-3,LYCVLIESL,-3,LYCVLIESL,8,1.3862943611198906,LYCVLIESP,0.03050799999999998,LYCVLIESL,LYCVLIESL,LYCVLIESP,Negative,9,9,9,9,9,9,"1,8",0.969492,8,1.3862943611198906,substitution,0.0,26.9323780794369,Negative,1,cedar,0.3978,LYCVLIESP,10.7137,LYCVLIESP,True,0.30951514691400583
LYIWFKTACL,HLA-C0702,3.5331,1,8,0.3244,0.6207,1.6155,HLA-C*07:02,32226429,YIWFKTACL,YLWFKTACL,1,1,,,True,Conserved,2,LYIWFKTAL,2,YIWFKTACL,1,1.3862943611198906,YLWFKTACL,0.02398,LYIWFKTACL,YIWFKTACL,YLWFKTACL,Positive,10,9,9,9,9,10,"1,8",0.97602,2,1.3862943611198906,substitution,1.0,0.4572471767003481,Positive_all,1,cedar,4.9286,LYLWFKTACL,6.8704,LYLWFKTAL,True,0.2049853491334359
MAKTSTSLPY,HLA-B1501,0.7223,0,8,0.13,0.6373,0.8624,HLA-B*15:01,27198675,MAKTSTSLPY,TAKTSTSLPY,0,0,1920.0,1911.0,False,Conserved,-1,MAKTSTSLY,-1,MAKTSTSLY,0,0.0,TAKTSTSLY,0.012711000000000028,MAKTSTSLPY,MAKTSTSLPY,TAKTSTSLPY,Negative,10,10,10,10,10,10,"1,8",0.987289,0,0.0,substitution,0.0,1.193963726983248,Negative,1,cedar,0.7223,TAKTSTSLPY,0.8624,TAKTSTSLY,True,0.06669464268900173
MALTASTVPL,HLA-C0303,0.8282,0,8,0.0731,0.7359,0.9677,HLA-C*03:03,24323902,MALTASTVPL,LTASPVPL,0,2,483.0,474.0,True,Conserved,-1,MALTASTVL,-7,MALTASTVL,"0,1,2,3,4,5,6,7",2.5649493574615367,LTASP-VPL,0.141864,MALTASTVPL,MALTASTVPL,LTASPVPL,Negative,10,10,8,10,8,10,"1,8",0.858136,6,1.3862943611198906,substitution,0.0,1.1684375754648635,Negative,1,cedar,0.8282,MALTASPVPL,0.9994,MALTASPVL,True,0.17332537908644502
MASISSFLL,HLA-A0201,7.1579,0,8,0.0181,0.5924,12.3398,HLA-A*02:01,27198675,MASISSFLL,MASISSSLL,0,0,82.0,74.0,False,Conserved,-2,MASISSFLL,-2,MASISSFLL,6,0.6931471805599453,MASISSSLL,0.05782699999999996,MASISSFLL,MASISSFLL,MASISSSLL,Negative,9,9,9,9,9,9,"1,3,8",0.942173,6,0.6931471805599453,substitution,0.0,1.7239413794548681,Negative,1,cedar,7.1579,MASISSSLL,12.3398,MASISSSLL,True,0.1928115506275604
MASISSFLL,HLA-B3501,1.1775,0,8,0.0181,0.5924,0.9825,HLA-B*35:01,27198675,MASISSFLL,MASISSSLL,0,0,82.0,74.0,False,Conserved,-2,MASISSFLL,-2,MASISSFLL,6,0.6931471805599453,MASISSSLL,0.05782699999999996,MASISSFLL,MASISSFLL,MASISSSLL,Negative,9,9,9,9,9,9,"1,8",0.942173,6,0.6931471805599453,substitution,0.0,0.8343949044585988,Negative,1,cedar,1.1775,MASISSSLL,0.9825,MASISSSLL,True,0.21611229594702552
MLQQQPSPPV,HLA-A0201,1.2274,0,8,0.8703,0.739,2.4999,HLA-A*02:01,31511069,LQQQPSPPV,LQQQPSAPV,1,1,1005.0,996.0,False,Conserved,-1,MLQQPSPPV,-1,LQQQPSPPV,6,1.3862943611198906,LQQQPSAPV,0.06036399999999997,MLQQQPSPPV,LQQQPSPPV,LQQQPSAPV,Negative,10,9,9,9,9,10,"1,3,8",0.939636,7,1.3862943611198906,substitution,0.0,2.036744337624246,Negative,1,cedar,1.747,MLQQQPSAPV,2.8354,MLQQQPSAV,True,0.18059034314019645
MLQYKKKAAV,HLA-B0801,0.1412,0,8,0.0816,0.6364,0.4535,HLA-B*08:01,33479501,LQYKKKAAV,MLQYKKKAA,1,0,526.0,517.0,True,Conserved,0,MLYKKKAAV,-4,LQYKKKAAV,"0,1,2,3,6,8",2.0794415416798357,MLQYKKKAA,0.06628699999999998,MLQYKKKAAV,LQYKKKAAV,MLQYKKKAA,Negative,10,9,9,9,9,10,"1,4,8",0.933713,9,1.3862943611198906,substitution,0.0,3.2117563739376775,Negative,1,cedar,0.9874,MLQYKKKAAA,2.2092,MLYKKKAAA,True,0.13078699135480176
MTGPRGLDQLR,HLA-A1101,3.8111,0,8,1.2453,0.3852,5.4475,HLA-A*11:01,27198675,MTGPRGLDQLR,MTGPRELDQLR,0,0,,,False,Conserved,-2,MTRGLDQLR,-2,MTGPRGLLR,5,0.6931471805599453,MTGPRELLR,0.07841399999999998,MTGPRGLDQLR,MTGPRGLDQLR,MTGPRELDQLR,Negative,11,11,11,11,11,11,"0,1,8",0.921586,5,0.6931471805599453,substitution,0.0,1.429377345123455,Negative,1,cedar,3.8111,MTGPRELDQLR,5.4475,MTGPRELLR,True,0.07475408139125854
NFFKTSAQVVL,HLA-A2402,2.9204,0,8,2.226,0.2312,3.671,HLA-A*24:02,27198675,NFFKTSAQV,NFSKTSAQV,0,0,683.0,673.0,False,Conserved,-2,NKTSAQVVL,-2,NFFKTSAQV,2,0.6931471805599453,NFSKTSAQV,0.06900399999999995,NFFKTSAQVVL,NFFKTSAQV,NFSKTSAQV,Negative,11,9,9,9,9,11,"1,8",0.930996,2,0.6931471805599453,substitution,0.0,1.2570195863580331,Negative,1,cedar,3.8312,NFSKTSAQVVL,4.6234,NFSSAQVVL,True,0.1496220260040279
NGTSSLIIYK,HLA-A1101,0.0032,0,8,0.0825,0.8059,0.0034,HLA-A*11:01,"34270940,34270940",GTSSLIIYK,GTSSLFIYK,1,1,449.0,440.0,False,Conserved,0,NTSSLIIYK,0,GTSSLIIYK,5,0.6931471805599453,GTSSLFIYK,0.059527,NGTSSLIIYK,GTSSLIIYK,GTSSLFIYK,Negative,10,9,9,9,9,10,"0,1,8",0.940473,6,0.6931471805599453,substitution,0.0,1.0625,"Negative,Negative",2,cedar,0.2977,NGTSSLFIYK,0.3815,NTSSLFIYK,True,0.18914209231143272
NPDVNITNLEF,HLA-B0702,0.3673,0,8,0.939,0.1957,0.9436,HLA-B*07:02,27198675,NPDVNITNL,DPDVNITNL,0,0,71.0,61.0,False,Conserved,1,NPDVNITEF,1,NPDVNITNL,0,0.6931471805599453,DPDVNITNL,0.01955499999999999,NPDVNITNLEF,NPDVNITNL,DPDVNITNL,Negative,11,9,9,9,9,11,"1,8",0.980445,0,0.6931471805599453,substitution,0.0,2.5690171521916687,Negative,1,cedar,1.986,DPDVNITNLEF,4.5511,DPDVTNLEF,True,0.13108627843998963
NWPTRVCADV,HLA-A2402,12.9514,0,8,4.2311,0.1656,10.5992,HLA-A*24:02,27198675,NWPTRVCADV,NWPTRVRADV,0,0,539.0,530.0,False,Conserved,-3,NWPTRVCAV,-3,NWPTRVCAV,6,0.6931471805599453,NWPTRVRAV,0.11221499999999995,NWPTRVCADV,NWPTRVCADV,NWPTRVRADV,Negative,10,10,10,10,10,10,"1,8",0.887785,6,0.6931471805599453,substitution,0.0,0.8183825686798338,Negative,1,cedar,12.9514,NWPTRVRADV,10.5992,NWPTRVRAV,True,0.1271644669885917
NYQSFSSTSAL,HLA-A2402,0.9669,0,8,0.1575,0.696,1.0284,HLA-A*24:02,27198675,NYQSFSSTSAL,NYQSSSSTSAL,0,0,442.0,432.0,False,Conserved,-2,NYFSSTSAL,-2,NYQSFSSTL,4,0.6931471805599453,NYQSSSSTL,0.053185999999999956,NYQSFSSTSAL,NYQSFSSTSAL,NYQSSSSTSAL,Negative,11,11,11,11,11,11,"1,8",0.946814,4,0.6931471805599453,substitution,0.0,1.0636053366428793,Negative,1,cedar,0.9669,NYQSSSSTSAL,1.0284,NYQSSSSTL,True,0.06605516367358027
PFFSIFPKCF,HLA-A2402,0.3981,0,8,0.5382,0.4471,0.5517,HLA-A*24:02,27198675,FFSIFPKCF,PFSSIFPKCF,1,0,467.0,458.0,True,Conserved,-2,PFFSIFPKF,-14,FFSIFPKCF,"0,3,4,5,6,7",1.3862943611198906,PFSSIFPKF,0.082198,PFFSIFPKCF,FFSIFPKCF,PFSSIFPKCF,Negative,10,9,10,9,10,10,"1,8",0.917802,2,0.6931471805599453,substitution,0.0,1.3858327053504143,Negative,1,cedar,0.7466,PFSSIFPKCF,0.5517,PFSSIFPKF,True,0.16320415799790342
PLFSSSSGV,HLA-A0201,2.8113,0,8,1.3195,0.6139,37.8,HLA-A*02:01,27198675,PLFSSSSGV,PPFSSSSGV,0,0,85.0,77.0,True,Conserved,-3,PLFSSSSGV,-3,PLFSSSSGV,1,1.3862943611198906,PPFSSSSGV,0.05258099999999999,PLFSSSSGV,PLFSSSSGV,PPFSSSSGV,Negative,9,9,9,9,9,9,"1,3,8",0.947419,1,1.3862943611198906,substitution,0.0,13.445736847721692,Negative,1,cedar,2.8113,PPFSSSSGV,37.8,PPFSSSSGV,True,0.0531738362633161
PSDTRQMLFY,HLA-A0101,0.036,1,8,0.011,0.7768,0.4836,HLA-A*01:01,"26389673,26389673,26389673,26389673",PSDTRQMLFY,FDTRQMLFY,0,1,1552.0,1543.0,True,Conserved,-2,PSDTRQMLY,-3,PSDTRQMLY,"0,1,2,3,4,5,6,7",2.4849066497880004,FDTRQMLFY,0.06348200000000004,PSDTRQMLFY,PSDTRQMLFY,FDTRQMLFY,Positive,10,10,9,10,9,10,"1,2,8",0.936518,1,0.6931471805599453,substitution,1.0,13.433333333333334,"Positive_all,Positive_all,Positive_all,Positive_all",4,cedar,0.036,PFDTRQMLFY,0.9,PFDTRQMLY,True,0.18118400789020395
PYMFLSEWI,HLA-A2402,0.669,1,8,0.0679,0.6884,1.2762,HLA-A*24:02,"33665637,33665637",PYMFLSEWI,PYVFLSEWI,0,0,206.0,198.0,False,Conserved,1,PYMFLSEWI,1,PYMFLSEWI,2,0.0,PYVFLSEWI,0.047367999999999966,PYMFLSEWI,PYMFLSEWI,PYVFLSEWI,Positive,9,9,9,9,9,9,"1,8",0.952632,2,0.0,substitution,1.0,1.9076233183856501,"Positive_all,Positive_all",2,cedar,0.669,PYVFLSEWI,1.2762,PYVFLSEWI,True,0.20406501013490197
QIDEPVSPSEV,HLA-A0201,2.2441,0,8,1.7444,0.2047,1.4556,HLA-A*02:01,27198675,QIDEPVSPSEV,QIDEPVPPSEV,0,0,182.0,172.0,True,Conserved,-1,QIDEPPSEV,-3,QIDEPPSEV,"5,6",1.3862943611198906,QIDEPVPEV,0.058667000000000025,QIDEPVSPSEV,QIDEPVSPSEV,QIDEPVPPSEV,Negative,11,11,11,11,11,11,"1,3,8",0.941333,6,1.3862943611198906,substitution,0.0,0.6486341963370617,Negative,1,cedar,2.2441,QIDEPVPPSEV,1.4556,QIDEPVPEV,True,0.07649804881864108
QLQHILCSHV,HLA-A0201,2.6998,0,8,0.457,0.7301,10.6458,HLA-A*02:01,"35193931,35193931",QLQHILCSHV,QLQHILCSHM,0,0,17.0,8.0,True,Conserved,1,QLQHILSHV,1,QLQHILSHV,8,0.0,QLQHILSHM,0.013070000000000026,QLQHILCSHV,QLQHILCSHV,QLQHILCSHM,Negative,10,10,10,10,10,10,"1,3,8",0.98693,9,0.0,substitution,0.0,3.943180976368619,"Negative,Negative",2,cedar,2.6998,QLQHILCSHM,10.6458,QLQHILSHM,True,0.2097274003603223
QLWKNALQEI,HLA-A0201,1.0014,0,8,0.8108,0.747,1.5565,HLA-A*02:01,31511069,QLWKNALQEI,QLWKKALQEI,0,0,461.0,452.0,True,Conserved,0,QLWNALQEI,0,QLWNALQEI,3,1.3862943611198906,QLWKALQEI,0.06372999999999995,QLWKNALQEI,QLWKNALQEI,QLWKKALQEI,Negative,10,10,10,10,10,10,"1,3,8",0.93627,4,1.3862943611198906,substitution,0.0,1.554323946474935,Negative,1,cedar,1.0014,QLWKKALQEI,1.5565,QLWKALQEI,True,0.09652425545100088
QNGTSSLIIYK,HLA-A1101,0.0032,0,8,0.2023,0.6762,0.0034,HLA-A*11:01,"34270940,34270940",GTSSLIIYK,GTSSLFIYK,2,2,449.0,439.0,False,Conserved,0,QTSSLIIYK,0,GTSSLIIYK,5,0.6931471805599453,GTSSLFIYK,0.059527,QNGTSSLIIYK,GTSSLIIYK,GTSSLFIYK,Negative,11,9,9,9,9,11,"0,1,8",0.940473,7,0.6931471805599453,substitution,0.0,1.0625,"Negative,Negative",2,cedar,0.2966,QNGTSSLFIYK,0.4437,QTSSLFIYK,True,0.1557432677673005
QPHYITVSV,HLA-B0702,0.1322,0,8,0.0415,0.557,0.0902,HLA-B*07:02,27198675,QPHYITVSV,QPHHITVSV,0,0,173.0,165.0,False,Conserved,2,QPHYITVSV,2,QPHYITVSV,3,0.6931471805599453,QPHHITVSV,0.070299,QPHYITVSV,QPHYITVSV,QPHHITVSV,Negative,9,9,9,9,9,9,"1,8",0.929701,3,0.6931471805599453,substitution,0.0,0.6822995461422088,Negative,1,cedar,0.1322,QPHHITVSV,0.0902,QPHHITVSV,True,0.33782252882376684
QRLMLRKVAL,HLA-B2705,0.8472,0,8,0.0361,0.7024,1.0233,HLA-B*27:05,33479501,QRLMLRKVAL,QRLMLRRVAL,0,0,492.0,483.0,False,Conserved,2,QLMLRKVAL,2,QRLMLKVAL,5,0.6931471805599453,QRLMLRVAL,0.027156999999999987,QRLMLRKVAL,QRLMLRKVAL,QRLMLRRVAL,Negative,10,10,10,10,10,10,"1,8",0.972843,6,0.6931471805599453,substitution,0.0,1.2078611898017,Negative,1,cedar,0.8472,QRLMLRRVAL,1.0233,QRLMLRVAL,True,0.20622840657907032
QSFSSTSAL,HLA-B0702,1.1712,0,8,0.0487,0.7671,1.0989,HLA-B*07:02,27198675,QSFSSTSAL,QSSSSTSAL,0,0,442.0,434.0,False,Conserved,-2,QSFSSTSAL,-2,QSFSSTSAL,2,0.6931471805599453,QSSSSTSAL,0.05664400000000003,QSFSSTSAL,QSFSSTSAL,QSSSSTSAL,Negative,9,9,9,9,9,9,"1,8",0.943356,2,0.6931471805599453,substitution,0.0,0.9382684426229508,Negative,1,cedar,1.1712,QSSSSTSAL,1.0989,QSSSSTSAL,True,0.0578320489824343
QSLFWSIFV,HLA-A6901,0.4315,1,8,0.0626,0.7298,39.0,HLA-A*69:01,"31221207,31221207",QSLFWSIFV,QSLFWSIFG,0,0,577.0,569.0,True,Improved,-3,QSLFWSIFV,-3,QSLFWSIFV,8,1.3862943611198906,QSLFWSIFG,0.031497,QSLFWSIFV,QSLFWSIFV,QSLFWSIFG,Positive,9,9,9,9,9,9,"0,1,8",0.968503,8,1.3862943611198906,substitution,1.0,90.38238702201622,"Positive_all,Positive_all",2,cedar,0.4315,QSLFWSIFG,39.0,QSLFWSIFG,True,0.334997812311972
QSSASTESPAF,HLA-B3501,0.0735,0,8,3.4621,0.2284,7.904,HLA-B*35:01,27198675,SASTESPAF,SASTESPAS,2,2,191.0,181.0,True,Improved,-2,QSSASTESF,-2,SASTESPAF,8,0.6931471805599453,SASTESPAS,0.024534999999999973,QSSASTESPAF,SASTESPAF,SASTESPAS,Negative,11,9,9,9,9,11,"1,8",0.975465,10,0.6931471805599453,substitution,0.0,107.5374149659864,Negative,1,cedar,2.6491,QSSASTESPAS,59.0,QASTESPAS,True,0.05235754085173197
RFLEYLPLRF,HLA-A2402,0.1036,1,8,0.0656,0.6913,1.3542,HLA-A*24:02,"34290406,34290406,33479501",RFLEYLPLRF,SLEYLPLRF,0,1,207.0,198.0,True,Improved,-2,RFLELPLRF,-6,RFLELPLRF,"0,1,2,3",2.4849066497880004,SLEYLPLRF,0.05842999999999998,RFLEYLPLRF,RFLEYLPLRF,SLEYLPLRF,Positive,10,10,9,10,9,10,"1,8",0.94157,1,0.6931471805599453,substitution,1.0,13.071428571428573,"Positive_all,Positive_all,Positive_all",3,cedar,0.1036,RSLEYLPLRF,1.6104,RSLELPLRF,True,0.27692547287065117
RGLLDSAQRK,HLA-A0301,0.0728,0,8,0.2385,0.6226,0.1459,HLA-A*03:01,33479501,RGLLDSAQRK,GLLDSAQRK,0,1,31.0,22.0,True,Conserved,-2,RLLDSAQRK,-2,RLLDSAQRK,0,1.791759469228055,GLLDSAQRK,0.03429800000000005,RGLLDSAQRK,RGLLDSAQRK,GLLDSAQRK,Negative,10,10,9,10,9,10,"0,1,8",0.965702,0,1.3862943611198906,substitution,0.0,2.004120879120879,Negative,1,cedar,0.0728,LGLLDSAQRK,0.8721,LLLDSAQRK,True,0.11002153625598854
RIAGKALKK,HLA-A0301,0.0067,0,8,0.0474,0.7362,0.0124,HLA-A*03:01,34518289,RIAGKALKK,RIAGKAPKK,0,0,825.0,817.0,False,Conserved,-3,RIAGKALKK,-3,RIAGKALKK,6,1.3862943611198906,RIAGKAPKK,0.08080299999999996,RIAGKALKK,RIAGKALKK,RIAGKAPKK,Negative,9,9,9,9,9,9,"0,1,8",0.919197,6,1.3862943611198906,substitution,0.0,1.8507462686567162,Negative,1,cedar,0.0067,RIAGKAPKK,0.0124,RIAGKAPKK,True,0.19324442693437127
RIYVGGKINHI,HLA-C1203,0.6081,0,8,4.8725,0.4067,0.8609,HLA-C*12:03,24323902,YVGGKINHI,YVGGKINRI,2,2,952.0,942.0,False,Conserved,0,RIYGKINHI,0,YVGGKINHI,7,0.6931471805599453,YVGGKINRI,0.05595799999999995,RIYVGGKINHI,YVGGKINHI,YVGGKINRI,Negative,11,9,9,9,9,11,"1,8",0.944042,9,0.6931471805599453,substitution,0.0,1.4157210985035356,Negative,1,cedar,16.5362,RIYVGGKINRI,20.9697,RIYGKINRI,True,0.20642378946835518
RLESLSAESY,HLA-B1501,0.3635,0,8,0.341,0.449,4.7272,HLA-B*15:01,27198675,RLESLSAESY,RLESLSAESH,0,0,26.0,17.0,True,Improved,2,RESLSAESY,2,RLSLSAESY,8,0.6931471805599453,RLSLSAESH,0.014094000000000051,RLESLSAESY,RLESLSAESY,RLESLSAESH,Negative,10,10,10,10,10,10,"1,8",0.985906,9,0.6931471805599453,substitution,0.0,13.004676753782668,Negative,1,cedar,0.3635,RLESLSAESH,4.7272,RLSLSAESH,True,0.11877590811155818
RLHSSEKPYK,HLA-A0301,0.0517,0,8,0.046,0.7383,0.073,HLA-A*03:01,31511069,RLHSSEKPYK,RLHTSEKPYK,0,0,412.0,403.0,False,Conserved,1,RLHSSKPYK,1,RLHSSKPYK,3,1.791759469228055,RLHTSKPYK,0.03103100000000003,RLHSSEKPYK,RLHSSEKPYK,RLHTSEKPYK,Negative,10,10,10,10,10,10,"0,1,8",0.968969,3,1.791759469228055,substitution,0.0,1.4119922630560926,Negative,1,cedar,0.0517,RLHTSEKPYK,0.073,RLHTSKPYK,True,0.12574041331163333
RLMFFRPIK,HLA-A0301,0.0739,0,8,0.0113,0.8365,0.0231,HLA-A*03:01,34518289,RLMFFRPIK,RLMSFRPIK,0,0,143.0,135.0,False,Conserved,-2,RLMFFRPIK,-2,RLMFFRPIK,3,0.6931471805599453,RLMSFRPIK,0.09468100000000002,RLMFFRPIK,RLMFFRPIK,RLMSFRPIK,Negative,9,9,9,9,9,9,"0,1,8",0.905319,3,0.6931471805599453,substitution,0.0,0.31258457374830856,Negative,1,cedar,0.0739,RLMSFRPIK,0.0231,RLMSFRPIK,True,0.411349869072702
RLSSSSSSK,HLA-A1101,0.2186,0,8,0.0321,0.7615,13.0571,HLA-A*11:01,"34244308,34244308",RLSSSSSSK,RLSSSSSSE,0,0,709.0,701.0,True,Improved,1,RLSSSSSSK,1,RLSSSSSSK,8,0.6931471805599453,RLSSSSSSE,0.009619999999999962,RLSSSSSSK,RLSSSSSSK,RLSSSSSSE,Negative,9,9,9,9,9,9,"0,1,8",0.99038,8,0.6931471805599453,substitution,0.0,59.73055809698079,"Negative,Negative",2,cedar,0.2186,RLSSSSSSE,13.0571,RLSSSSSSE,True,0.0729750388988617
RLSTASFPT,HLA-A0201,4.6766,0,8,1.8908,0.4902,12.7677,HLA-A*02:01,31511069,RLSTASFPT,RLSTASCPT,0,0,286.0,278.0,False,Conserved,-2,RLSTASFPT,-2,RLSTASFPT,6,0.6931471805599453,RLSTASCPT,0.09518300000000002,RLSTASFPT,RLSTASFPT,RLSTASCPT,Negative,9,9,9,9,9,9,"1,3,8",0.904817,6,0.6931471805599453,substitution,0.0,2.7301244493863064,Negative,1,cedar,4.6766,RLSTASCPT,12.7677,RLSTASCPT,True,0.0562873410178863
RLWLEVPDSAV,HLA-A0201,0.5678,0,8,0.6536,0.6388,0.5678,HLA-A*02:01,31511069,RLWLEVPDSA,RLWLEVPDSA,0,0,797.0,787.0,False,Conserved,0,RLWLEVPAV,4,RLWEVPDSA,-1,,RLWEVPDSA,0.0,RLWLEVPDSAV,RLWLEVPDSA,RLWLEVPDSA,Negative,11,10,10,10,10,11,"1,3,8",1.0,10,1.3862943611198906,substitution,0.0,1.0,Negative,1,cedar,0.8124,RLWLEVPDSAA,1.9862,RLWLEVPAA,True,0.09969605603519618
RMWMTLTFF,HLA-A2402,1.119,0,8,0.1156,0.711,0.4757,HLA-A*24:02,"34270940,34270940",RMWMTLTFF,RMWKTLTFF,0,0,44.0,36.0,False,Conserved,-1,RMWMTLTFF,-1,RMWMTLTFF,3,0.0,RMWKTLTFF,0.08343699999999998,RMWMTLTFF,RMWMTLTFF,RMWKTLTFF,Negative,9,9,9,9,9,9,"1,8",0.916563,3,0.0,substitution,0.0,0.4251117068811439,"Negative,Negative",2,cedar,1.119,RMWKTLTFF,0.4757,RMWKTLTFF,True,0.29230287798476806
RMWMTLTFFV,HLA-A2402,1.119,0,8,0.0409,0.9212,0.4757,HLA-A*24:02,"34270940,34270940",RMWMTLTFF,RMWKTLTFF,0,0,22.0,13.0,False,Conserved,-1,RMMTLTFFV,-1,RMWMTLTFF,3,0.0,RMWKTLTFF,0.08343699999999998,RMWMTLTFFV,RMWMTLTFF,RMWKTLTFF,Negative,10,9,9,9,9,10,"1,8",0.916563,3,0.0,substitution,0.0,0.4251117068811439,"Negative,Negative",2,cedar,4.3604,RMWKTLTFFV,6.0599,RWKTLTFFV,True,0.29876032367435257
RQAEEIFENI,HLA-A0201,1.2821,0,8,0.01,0.5363,1.4261,HLA-A*02:01,31511069,RQAEEIFENI,RQAEEIYENI,0,0,44.0,35.0,False,Conserved,3,RQAEEIFEI,3,RQAEEIFEI,6,0.6931471805599453,RQAEEIYEI,0.03576500000000005,RQAEEIFENI,RQAEEIFENI,RQAEEIYENI,Negative,10,10,10,10,10,10,"1,3,8",0.964235,6,0.6931471805599453,substitution,0.0,1.112315732002184,Negative,1,cedar,1.2821,RQAEEIYENI,1.4261,RQAEEIYEI,True,0.1641113224877697
RRHVLEVEK,HLA-B2705,0.086,0,8,0.1447,0.639,0.2453,HLA-B*27:05,33479501,RRHVLEVEK,RRRVLEVEK,0,0,105.0,97.0,False,Conserved,0,RRHVLEVEK,0,RRHVLEVEK,2,0.6931471805599453,RRRVLEVEK,0.06944700000000004,RRHVLEVEK,RRHVLEVEK,RRRVLEVEK,Negative,9,9,9,9,9,9,"1,8",0.930553,2,0.6931471805599453,substitution,0.0,2.8523255813953488,Negative,1,cedar,0.086,RRRVLEVEK,0.2453,RRRVLEVEK,True,0.31271178103145314
RSLPGKPSK,HLA-A1101,0.0678,0,8,0.0504,0.7574,0.044,HLA-A*11:01,31511069,RSLPGKPSK,RSLPVKPSK,0,0,492.0,484.0,False,Conserved,-3,RSLPGKPSK,-3,RSLPGKPSK,4,1.3862943611198906,RSLPVKPSK,0.10044299999999995,RSLPGKPSK,RSLPGKPSK,RSLPVKPSK,Negative,9,9,9,9,9,9,"0,1,8",0.899557,4,1.3862943611198906,substitution,0.0,0.6489675516224188,Negative,1,cedar,0.0678,RSLPVKPSK,0.044,RSLPVKPSK,True,0.07568604260201932
RTAPRPGSQK,HLA-A0301,0.0077,0,8,0.0921,0.6997,2.866,HLA-A*03:01,33479501,RTAPRPGSQK,RTAPRPGSQ,0,0,302.0,293.0,True,Improved,1,RTAPPGSQK,-3,RTAPPGSQK,"4,5,6,7,8",2.0794415416798357,RTAPRPGSQ,0.03426300000000004,RTAPRPGSQK,RTAPRPGSQK,RTAPRPGSQ,Negative,10,10,9,10,9,10,"0,1,8",0.965737,9,0.6931471805599453,substitution,0.0,372.2077922077922,Negative,1,cedar,0.0077,RTAPRPGSQE,4.2283,RTAPPGSQE,True,0.12557424753521199
RTMAATTLK,HLA-A0301,0.0144,1,8,0.0089,0.8585,0.0207,HLA-A*03:01,31243155,RTMAATTLK,RTMAAATLK,0,0,301.0,293.0,False,Conserved,0,RTMAATTLK,0,RTMAATTLK,5,1.3862943611198906,RTMAAATLK,0.041557999999999984,RTMAATTLK,RTMAATTLK,RTMAAATLK,Positive,9,9,9,9,9,9,"0,1,8",0.958442,5,1.3862943611198906,substitution,1.0,1.4375,Positive_all,1,cedar,0.0144,RTMAAATLK,0.0207,RTMAAATLK,True,0.1783632071133443
RTSSTQQDNPK,HLA-A1101,0.2968,1,8,0.5904,0.5702,0.6715,HLA-A*11:01,"32582212,32582212",RTSSTQQDNPK,SSSTQQDNPK,0,1,835.0,825.0,True,Conserved,1,RTSSTQQPK,0,RTSSTQQPK,"0,1,3,4,6",2.8903717578961645,SSSTQQNPK,0.023611999999999966,RTSSTQQDNPK,RTSSTQQDNPK,SSSTQQDNPK,Positive,11,11,10,11,10,11,"0,1,8",0.976388,1,1.791759469228055,substitution,1.0,2.262466307277628,"Positive_all,Positive_all",2,cedar,0.2968,RSSSTQQDNPK,0.673,RSSSTQQPK,True,0.10601742720025811
RVCGPCSTY,HLA-A2902,0.3507,1,8,0.1326,0.636,0.4886,HLA-A*29:02,27312342,RVCGPCSTY,RVRGPCSTY,0,0,253.0,245.0,False,Conserved,-3,RVCGPCSTY,-3,RVCGPCSTY,2,0.6931471805599453,RVRGPCSTY,0.12129400000000001,RVCGPCSTY,RVCGPCSTY,RVRGPCSTY,Positive,9,9,9,9,9,9,"1,8",0.878706,2,0.6931471805599453,substitution,1.0,1.3932135728542914,Positive_all,1,cedar,0.3507,RVRGPCSTY,0.4886,RVRGPCSTY,True,0.13054053015926004
RVLHFKNSY,HLA-B1501,0.2029,0,8,0.1073,0.6516,0.3958,HLA-B*15:01,27198675,RVLHFKNSY,RVLHFKDSY,0,0,649.0,641.0,False,Conserved,1,RVLHFKNSY,1,RVLHFKNSY,6,0.6931471805599453,RVLHFKDSY,0.053298999999999985,RVLHFKNSY,RVLHFKNSY,RVLHFKDSY,Negative,9,9,9,9,9,9,"1,8",0.946701,6,0.6931471805599453,substitution,0.0,1.9507146377525875,Negative,1,cedar,0.2029,RVLHFKDSY,0.3958,RVLHFKDSY,True,0.18485676648148866
RYLYHRVDVI,HLA-A0201,0.1942,1,8,0.2237,0.5617,4.8562,HLA-A*02:01,30700903,YLYHRVDVI,DLYHRVDVI,1,1,797.0,788.0,False,Improved,-3,RYYHRVDVI,-3,YLYHRVDVI,0,0.6931471805599453,DLYHRVDVI,0.03857299999999997,RYLYHRVDVI,YLYHRVDVI,DLYHRVDVI,Positive,10,9,9,9,9,10,"1,3,8",0.961427,1,0.6931471805599453,substitution,1.0,25.00617919670443,Positive_all,1,cedar,7.2504,RDLYHRVDVI,7.3061,RLYHRVDVI,True,0.28833193370762594
RYVPLTPWF,HLA-A2402,0.0072,0,8,0.0094,0.7963,0.006,HLA-A*24:02,"34270940,34270940",RYVPLTPWF,RYVPSTPWF,0,0,173.0,165.0,False,Conserved,-2,RYVPLTPWF,-2,RYVPLTPWF,4,0.6931471805599453,RYVPSTPWF,0.094248,RYVPLTPWF,RYVPLTPWF,RYVPSTPWF,Negative,9,9,9,9,9,9,"1,8",0.905752,4,0.6931471805599453,substitution,0.0,0.8333333333333334,"Negative,Negative",2,cedar,0.0072,RYVPSTPWF,0.006,RYVPSTPWF,True,0.3999837889789532
RYVPLTPWFL,HLA-A2402,0.0072,0,8,0.0356,0.7327,0.006,HLA-A*24:02,"34270940,34270940",RYVPLTPWF,RYVPSTPWF,0,0,174.0,165.0,False,Conserved,-2,RYVPTPWFL,-2,RYVPLTPWF,4,0.6931471805599453,RYVPSTPWF,0.094248,RYVPLTPWFL,RYVPLTPWF,RYVPSTPWF,Negative,10,9,9,9,9,10,"1,8",0.905752,4,0.6931471805599453,substitution,0.0,0.8333333333333334,"Negative,Negative",2,cedar,0.0866,RYVPSTPWFL,0.0664,RYVPSPWFL,True,0.3426314453279516
RYVPLTPWFLM,HLA-A2402,0.0072,0,8,0.1131,0.6362,0.006,HLA-A*24:02,"34270940,34270940",RYVPLTPWF,RYVPSTPWF,0,0,175.0,165.0,False,Conserved,-2,RYVPPWFLM,-2,RYVPLTPWF,4,0.6931471805599453,RYVPSTPWF,0.094248,RYVPLTPWFLM,RYVPLTPWF,RYVPSTPWF,Negative,11,9,9,9,9,11,"1,8",0.905752,4,0.6931471805599453,substitution,0.0,0.8333333333333334,"Negative,Negative",2,cedar,0.3152,RYVPSTPWFLM,0.2202,RYVPSTFLM,True,0.26826232012014417
SAFIEPRYHV,HLA-A0201,1.8172,0,8,0.5947,0.5962,1.7004,HLA-A*02:01,27198675,AFIEPRYHV,AFMEPRYHV,1,1,135.0,126.0,False,Conserved,1,SAFEPRYHV,1,AFIEPRYHV,2,1.0986122886681098,AFMEPRYHV,0.045655,SAFIEPRYHV,AFIEPRYHV,AFMEPRYHV,Negative,10,9,9,9,9,10,"1,3,8",0.954345,3,1.0986122886681098,substitution,0.0,0.9357252916574951,Negative,1,cedar,4.8728,SAFMEPRYHV,4.5794,SAFEPRYHV,True,0.08091454333651156
SARMWMTLTF,HLA-A2402,1.1876,0,8,0.0333,0.727,0.8456,HLA-A*24:02,"34270940,34270940",ARMWMTLTF,ARMWKTLTF,1,1,20.0,11.0,False,Conserved,-1,SRMWMTLTF,-1,ARMWMTLTF,4,0.0,ARMWKTLTF,0.08880900000000003,SARMWMTLTF,ARMWMTLTF,ARMWKTLTF,Negative,10,9,9,9,9,10,"1,8",0.911191,5,0.0,substitution,0.0,0.7120242505894241,"Negative,Negative",2,cedar,3.4505,SARMWKTLTF,2.3715,SRMWKTLTF,True,0.13199995345686
SAWRNIAAR,HLA-A1101,0.9804,0,8,0.1413,0.7332,2.5727,HLA-A*11:01,27198675,SAWRNIAAR,SAGRNIAAR,0,0,638.0,630.0,False,Conserved,-2,SAWRNIAAR,-2,SAWRNIAAR,2,0.0,SAGRNIAAR,0.11138300000000001,SAWRNIAAR,SAWRNIAAR,SAGRNIAAR,Negative,9,9,9,9,9,9,"0,1,8",0.888617,2,0.0,substitution,0.0,2.6241330069359448,Negative,1,cedar,0.9804,SAGRNIAAR,2.5727,SAGRNIAAR,True,0.0870781841423588
SAWRNIAARLL,HLA-B0702,3.3492,0,8,2.4377,0.3241,2.3012,HLA-B*07:02,27198675,SAWRNIAARL,AGRNIAARL,0,1,640.0,630.0,True,Conserved,-2,SRNIAARLL,1,SARNIAARL,"0,1",2.0794415416798357,AGRNIAARL,0.10429699999999997,SAWRNIAARLL,SAWRNIAARL,AGRNIAARL,Negative,11,10,9,10,9,11,"1,8",0.895703,2,0.0,substitution,0.0,0.6870894541980175,Negative,1,cedar,13.1226,SAGRNIAARLL,18.6623,SAGRNIAAL,True,0.12533081009519365
SCTCPTGIDL,HLA-B0702,19.4265,0,8,5.6447,0.1689,11.6393,HLA-B*07:02,27198675,SCTCPTGIDL,SCTCPTGINL,0,0,1036.0,1027.0,True,Conserved,1,STCPTGIDL,-1,SCTPTGIDL,"1,2,7",0.6931471805599453,STCPTGINL,0.027282999999999946,SCTCPTGIDL,SCTCPTGIDL,SCTCPTGINL,Negative,10,10,10,10,10,10,"1,8",0.972717,8,0.6931471805599453,substitution,0.0,0.5991454971302087,Negative,1,cedar,19.4265,SCTCPTGINL,11.6393,STCPTGINL,True,0.1658350789272557
SEITKQEKDF,HLA-B4403,0.0785,0,8,0.1831,0.5182,0.054,HLA-B*44:03,"34244308,34244308",SEITKQEKDF,SEITEQEKDF,0,0,550.0,541.0,False,Conserved,1,SEITKQEKF,1,SEITKQEKF,4,0.6931471805599453,SEITEQEKF,0.03996299999999997,SEITKQEKDF,SEITKQEKDF,SEITEQEKDF,Negative,10,10,10,10,10,10,"1,8",0.960037,4,0.6931471805599453,substitution,0.0,0.6878980891719745,"Negative,Negative",2,cedar,0.0785,SEITEQEKDF,0.054,SEITEQEKF,True,0.11541133469390817
SFSISSILEW,HLA-A2402,0.4664,0,8,0.064,0.7093,0.257,HLA-A*24:02,27198675,SFSISSILEW,SFPISSILEW,0,0,344.0,335.0,False,Conserved,-1,SSISSILEW,-3,SFISSILEW,2,-1.0,SFPSSILEW,0.050960000000000005,SFSISSILEW,SFSISSILEW,SFPISSILEW,Negative,10,10,10,10,10,10,"1,8",0.94904,2,1.3862943611198906,substitution,0.0,0.5510291595197256,Negative,1,cedar,0.4664,SFPISSILEW,0.257,SFPSSILEW,True,0.1454335077886804
SGLYVFRNER,HLA-A3101,0.2527,1,8,0.2664,0.6848,0.2509,HLA-A*31:01,"34244308,34244308",GLYVFRNER,GLYIFRNER,1,1,2845.0,2836.0,False,Conserved,3,SLYVFRNER,3,GLYVFRNER,3,1.0986122886681098,GLYIFRNER,0.018996000000000013,SGLYVFRNER,GLYVFRNER,GLYIFRNER,Negative,10,9,9,9,9,10,"0,1,8",0.981004,4,1.0986122886681098,substitution,0.0,0.9928769291650179,"Negative,Negative",2,cedar,0.796,SGLYIFRNER,0.7919,SLYIFRNER,True,0.16571111434025687
SIAPEIALEL,HLA-A0202,0.3313,1,8,0.0979,0.4895,1.2701,HLA-A*02:02,"34290406,34290406",SIAPEIALEL,IAPEIALEL,0,1,103.0,94.0,True,Improved,-1,SAPEIALEL,-10,SIAPEIAEL,"0,1,2,3,4,5,6",1.791759469228055,IAPEIALEL,0.030410000000000048,SIAPEIALEL,SIAPEIALEL,IAPEIALEL,Positive,10,10,9,10,9,10,"1,3,8",0.96959,0,1.3862943611198906,substitution,1.0,3.8336854814367647,"Positive_all,Positive_all",2,cedar,0.3313,PIAPEIALEL,4.7916,PIAPEIAEL,True,0.10361211581197469
SISSFLLVR,HLA-A1101,0.1737,0,8,0.3649,0.659,0.2496,HLA-A*11:01,27198675,SISSFLLVR,SISSSLLVR,0,0,84.0,76.0,False,Conserved,-2,SISSFLLVR,-2,SISSFLLVR,4,0.6931471805599453,SISSSLLVR,0.07150199999999995,SISSFLLVR,SISSFLLVR,SISSSLLVR,Negative,9,9,9,9,9,9,"0,1,8",0.928498,4,0.6931471805599453,substitution,0.0,1.4369602763385148,Negative,1,cedar,0.1737,SISSSLLVR,0.2496,SISSSLLVR,True,0.31597354473606265
SLAHHIQLIF,HLA-B1501,0.8283,0,8,0.3353,0.6216,0.8283,HLA-B*15:01,27198675,LAHHIQLIF,LAHHIQLIF,1,1,834.0,825.0,False,Conserved,-1,SLAHHIQIF,6,LAHHIQLIF,-1,,LAHHIQLIF,0.0,SLAHHIQLIF,LAHHIQLIF,LAHHIQLIF,Negative,10,9,9,9,9,10,"1,8",1.0,0,1.3862943611198906,substitution,0.0,1.0,Negative,1,cedar,0.8369,PLAHHIQLIF,10.5233,PLAHHIQLF,True,0.20468535535987606
SLDLTTSPV,HLA-A0201,0.6443,1,8,0.0831,0.5244,0.0647,HLA-A*02:01,"30418433,27198675,27198675,27198675,27198675",SLDLTTSPV,SLDPTTSPV,0,0,89.0,81.0,True,Conserved,-3,SLDLTTSPV,-3,SLDLTTSPV,3,1.3862943611198906,SLDPTTSPV,0.09448500000000004,SLDLTTSPV,SLDLTTSPV,SLDPTTSPV,Positive,9,9,9,9,9,9,"1,3,8",0.905515,3,1.3862943611198906,substitution,0.2,0.10041905944435821,"Positive_all,Negative,Negative,Negative,Negative",5,cedar,0.6443,SLDPTTSPV,0.0647,SLDPTTSPV,True,0.10841759211960407
SLDLTTSPV,HLA-B0702,6.7947,0,8,0.0831,0.5244,2.7962,HLA-B*07:02,27198675,SLDLTTSPV,SLDPTTSPV,0,0,89.0,81.0,False,Conserved,-3,SLDLTTSPV,-3,SLDLTTSPV,3,1.3862943611198906,SLDPTTSPV,0.09448500000000004,SLDLTTSPV,SLDLTTSPV,SLDPTTSPV,Negative,9,9,9,9,9,9,"1,8",0.905515,3,1.3862943611198906,substitution,0.0,0.41152663105067183,Negative,1,cedar,6.7947,SLDPTTSPV,2.7962,SLDPTTSPV,True,0.12431290416092347
SLGKAQTAQV,HLA-A0201,1.7219,0,8,0.6959,0.69,2.0217,HLA-A*02:01,31511069,SLGKAQTAQV,SLGKARTAQV,0,0,172.0,163.0,False,Conserved,1,SLKAQTAQV,4,SLGKATAQV,-1,,SLGKATAQV,0.04558300000000004,SLGKAQTAQV,SLGKAQTAQV,SLGKARTAQV,Negative,10,10,10,10,10,10,"1,3,8",0.954417,5,0.6931471805599453,substitution,0.0,1.1741099947732156,Negative,1,cedar,1.7219,SLGKARTAQV,2.0217,SLGKATAQV,True,0.05999191046570149
SLLQTKNYSEI,HLA-A0201,4.2402,0,8,5.168,0.4304,1.74,HLA-A*02:01,31511069,SLLQTKNYSEI,SLLQTKNYSEV,0,0,15.0,5.0,True,Conserved,3,SLLQTKNYI,3,SLLQTKNYI,8,1.0986122886681098,SLLQTKNYV,0.0030280000000000307,SLLQTKNYSEI,SLLQTKNYSEI,SLLQTKNYSEV,Negative,11,11,11,11,11,11,"1,3,8",0.996972,10,1.0986122886681098,substitution,0.0,0.41035800198103867,Negative,1,cedar,4.2402,SLLQTKNYSEV,1.74,SLLQTKNYV,True,0.0919675016772028
SLLTPPSTK,HLA-A0301,0.0067,0,8,0.0579,0.7223,0.0082,HLA-A*03:01,34518289,SLLTPPSTK,SLLTPPPTK,0,0,538.0,530.0,False,Conserved,-1,SLLTPPSTK,-1,SLLTPPSTK,6,1.3862943611198906,SLLTPPPTK,0.06043299999999996,SLLTPPSTK,SLLTPPSTK,SLLTPPPTK,Negative,9,9,9,9,9,9,"0,1,8",0.939567,6,1.3862943611198906,substitution,0.0,1.2238805970149254,Negative,1,cedar,0.0067,SLLTPPPTK,0.0082,SLLTPPPTK,True,0.212060979736502
SLLTTDDAVV,HLA-A0201,0.9276,0,8,1.7525,0.5028,1.4222,HLA-A*02:01,31511069,SLLTTDDAV,LLTTDDAMV,0,1,61.0,52.0,True,Conserved,1,SLLTDDAVV,-7,SLLTTDDAV,"0,2,4,6,7",1.3862943611198906,LLTTDDAMV,0.07671399999999995,SLLTTDDAVV,SLLTTDDAV,LLTTDDAMV,Negative,10,9,9,9,9,10,"1,3,8",0.923286,8,0.0,substitution,0.0,1.533203967227253,Negative,1,cedar,2.6595,SLLTTDDAMV,1.686,SLLTDDAMV,True,0.15696670431462548
SLMTPNTITM,HLA-A0201,0.53,0,8,1.144,0.7048,0.5386,HLA-A*02:01,27198675,SLMTPNTITM,LMTPNTITM,0,1,781.0,772.0,True,Conserved,-1,SLMPNTITM,-1,SLMPNTITM,"0,1,2",1.6094379124341003,LMTPNTITM,0.03122899999999995,SLMTPNTITM,SLMTPNTITM,LMTPNTITM,Negative,10,10,9,10,9,10,"1,3,8",0.968771,0,1.3862943611198906,substitution,0.0,1.0162264150943394,Negative,1,cedar,0.53,PLMTPNTITM,6.47,PLMPNTITM,True,0.1739754051916546
SLPFQFAHRL,HLA-A0201,1.0489,0,8,0.1596,0.4351,0.6886,HLA-A*02:01,31511069,SLPFQFAHRL,SLPFQFAHHL,0,0,1087.0,1078.0,False,Conserved,0,SLPQFAHRL,0,SLFQFAHRL,7,0.6931471805599453,SLFQFAHHL,0.04408699999999999,SLPFQFAHRL,SLPFQFAHRL,SLPFQFAHHL,Negative,10,10,10,10,10,10,"1,3,8",0.955913,8,0.6931471805599453,substitution,0.0,0.6564972828677662,Negative,1,cedar,1.0489,SLPFQFAHHL,0.6886,SLFQFAHHL,True,0.08610221959058399
SLSEECYWSL,HLA-A0201,0.6974,0,8,0.1497,0.807,5.0132,HLA-A*02:01,27198675,SLSEECYWSL,SLSEECYWS,0,0,303.0,294.0,True,Improved,-3,SLSEEYWSL,-5,SLSEEYWSL,"5,6,7,8",1.6094379124341003,SLSEECYWS,0.046402000000000054,SLSEECYWSL,SLSEECYWSL,SLSEECYWS,Negative,10,10,9,10,9,10,"1,3,8",0.953598,9,1.3862943611198906,substitution,0.0,7.188414109549757,Negative,1,cedar,0.6974,SLSEECYWSP,7.7489,SLSEEYWSP,True,0.11392671729039616
SLSEECYWSLL,HLA-A0201,0.6974,0,8,0.975,0.6574,3.1013,HLA-A*02:01,27198675,SLSEECYWSL,SLSEECYWSPL,0,0,304.0,294.0,True,Improved,-3,SLSEECSLL,-1,SLSEEYWSL,"5,6,7",1.791759469228055,SLSEECYPL,0.05882200000000004,SLSEECYWSLL,SLSEECYWSL,SLSEECYWSPL,Negative,11,10,11,10,11,11,"1,3,8",0.941178,9,1.3862943611198906,substitution,0.0,4.446945798680814,Negative,1,cedar,1.6671,SLSEECYWSPL,3.1013,SLSEECYPL,True,0.12229255871346144
SLSSLTATT,HLA-A0201,1.5817,0,8,1.1692,0.6338,3.3596,HLA-A*02:01,27198675,SLSSLTATT,SLSSLTAPT,0,0,505.0,497.0,False,Conserved,-1,SLSSLTATT,-1,SLSSLTATT,7,1.3862943611198906,SLSSLTAPT,0.04436200000000001,SLSSLTATT,SLSSLTATT,SLSSLTAPT,Negative,9,9,9,9,9,9,"1,3,8",0.955638,7,1.3862943611198906,substitution,0.0,2.124043750395144,Negative,1,cedar,1.5817,SLSSLTAPT,3.3596,SLSSLTAPT,True,0.09668155768110509
SLSSLTATTQA,HLA-A0201,1.5817,0,8,2.4504,0.5251,1.5426,HLA-A*02:01,27198675,SLSSLTATT,SLSSLTAPTQA,0,0,507.0,497.0,True,Conserved,-1,SLSSLTTQA,-4,SLSSLTATT,"2,3,4,5,6,7,8",2.995732273553991,SLLTAPTQA,0.07713000000000003,SLSSLTATTQA,SLSSLTATT,SLSSLTAPTQA,Negative,11,9,11,9,11,11,"1,3,8",0.92287,7,1.3862943611198906,substitution,0.0,0.9752797622810899,Negative,1,cedar,2.263,SLSSLTAPTQA,1.5426,SLLTAPTQA,True,0.07782654160687992
SLTATTQAPM,HLA-B0702,4.5653,0,8,0.9073,0.5159,2.2682,HLA-B*07:02,27198675,LTATTQAPM,LTAPTQAPM,1,1,509.0,500.0,False,Conserved,-1,SLTATTQAM,-1,LTATTQAPM,3,1.3862943611198906,LTAPTQAPM,0.07790399999999997,SLTATTQAPM,LTATTQAPM,LTAPTQAPM,Negative,10,9,9,9,9,10,"1,8",0.922096,4,1.3862943611198906,substitution,0.0,0.49683481917946254,Negative,1,cedar,9.2444,SLTAPTQAPM,4.1365,SLTAPTQAM,True,0.0805598375744209
SLTTAATGTV,HLA-A0201,3.5713,0,8,0.8391,0.6694,11.9541,HLA-A*02:01,31511069,SLTTAATGTV,SLTTAATGT,0,0,804.0,795.0,True,Conserved,-3,SLTTAATTV,-2,SLTTAATTV,"7,8",-1.0,SLTTAATGT,0.023174000000000028,SLTTAATGTV,SLTTAATGTV,SLTTAATGT,Negative,10,10,9,10,9,10,"1,3,8",0.976826,9,1.3862943611198906,substitution,0.0,3.3472685016660604,Negative,1,cedar,3.5713,SLTTAATGTG,49.75,SLTTAATTG,True,0.10331044152243665
SLYLRPVLI,HLA-A0201,0.2725,0,8,0.2304,0.2956,0.2618,HLA-A*02:01,31511069,SLYLRPVLI,SLYVRPVLI,0,0,174.0,166.0,True,Conserved,1,SLYLRPVLI,1,SLYLRPVLI,3,1.791759469228055,SLYVRPVLI,0.040417000000000036,SLYLRPVLI,SLYLRPVLI,SLYVRPVLI,Negative,9,9,9,9,9,9,"1,3,8",0.959583,3,1.791759469228055,substitution,0.0,0.9607339449541283,Negative,1,cedar,0.2725,SLYVRPVLI,0.2618,SLYVRPVLI,True,0.2350053046456756
SMAKTSTSL,HLA-A0201,0.3781,0,8,0.2971,0.7666,3.4432,HLA-A*02:01,27198675,SMAKTSTSL,STAKTSTSL,0,0,1749.0,1741.0,True,Improved,-1,SMAKTSTSL,-1,SMAKTSTSL,1,0.0,STAKTSTSL,0.034240999999999966,SMAKTSTSL,SMAKTSTSL,STAKTSTSL,Negative,9,9,9,9,9,9,"1,3,8",0.965759,1,0.0,substitution,0.0,9.106585559375826,Negative,1,cedar,0.3781,STAKTSTSL,3.4432,STAKTSTSL,True,0.0795846474631963
SMAKTSTSL,HLA-B1501,0.2788,0,8,0.2971,0.7666,1.4524,HLA-B*15:01,27198675,SMAKTSTSL,STAKTSTSL,0,0,1749.0,1741.0,True,Improved,-1,SMAKTSTSL,-1,SMAKTSTSL,1,0.0,STAKTSTSL,0.034240999999999966,SMAKTSTSL,SMAKTSTSL,STAKTSTSL,Negative,9,9,9,9,9,9,"1,8",0.965759,1,0.0,substitution,0.0,5.209469153515064,Negative,1,cedar,0.2788,STAKTSTSL,1.4524,STAKTSTSL,True,0.09047662845455266
SMHIDNNTLL,HLA-A0201,0.9591,0,8,0.0543,0.5016,0.4849,HLA-A*02:01,31511069,SMHIDNNTLL,SMHIDNNILL,0,0,442.0,433.0,False,Conserved,-1,SHIDNNTLL,-1,SMIDNNTLL,6,1.0986122886681098,SMIDNNILL,0.041259000000000046,SMHIDNNTLL,SMHIDNNTLL,SMHIDNNILL,Negative,10,10,10,10,10,10,"1,3,8",0.958741,7,1.0986122886681098,substitution,0.0,0.5055781461787092,Negative,1,cedar,0.9591,SMHIDNNILL,0.4849,SMIDNNILL,True,0.1412357436885434
SMIPKAIESFL,HLA-A0201,1.059,0,8,1.4319,0.3412,2.8498,HLA-A*02:01,24323902,SMIPKAIESFL,SMIPKARESFL,0,0,361.0,351.0,True,Conserved,-3,SPKAIESFL,-6,SMIPKAIEL,"5,6,7",1.3862943611198906,SMIPKESFL,0.07201100000000005,SMIPKAIESFL,SMIPKAIESFL,SMIPKARESFL,Negative,11,11,11,11,11,11,"1,3,8",0.927989,6,0.0,substitution,0.0,2.6910292728989615,Negative,1,cedar,1.059,SMIPKARESFL,2.8498,SMIPKESFL,True,0.07995895907146093
SPFLSQRVA,HLA-B0702,0.5079,0,8,0.0294,0.5887,0.3145,HLA-B*07:02,27198675,SPFLSQRVA,SPFLRQRVA,0,0,30.0,22.0,False,Conserved,-1,SPFLSQRVA,-1,SPFLSQRVA,4,1.791759469228055,SPFLRQRVA,0.07247499999999996,SPFLSQRVA,SPFLSQRVA,SPFLRQRVA,Negative,9,9,9,9,9,9,"1,8",0.927525,4,1.791759469228055,substitution,0.0,0.6192163811773971,Negative,1,cedar,0.5079,SPFLRQRVA,0.3145,SPFLRQRVA,True,0.09284360384699936
SPLQEKQGL,HLA-B0702,0.0758,0,8,0.4738,0.5155,0.1086,HLA-B*07:02,27198675,SPLQEKQGL,SPLEEKQGL,0,0,755.0,747.0,False,Conserved,2,SPLQEKQGL,2,SPLQEKQGL,3,0.6931471805599453,SPLEEKQGL,0.04081999999999997,SPLQEKQGL,SPLQEKQGL,SPLEEKQGL,Negative,9,9,9,9,9,9,"1,8",0.95918,3,0.6931471805599453,substitution,0.0,1.4327176781002637,Negative,1,cedar,0.0758,SPLEEKQGL,0.1086,SPLEEKQGL,True,0.08870930036735579
SPLYSVKSL,HLA-B0702,0.0248,0,8,0.0553,0.741,0.0968,HLA-B*07:02,33479501,SPLYSVKSL,SPLYSVKSF,0,0,94.0,86.0,True,Conserved,0,SPLYSVKSL,0,SPLYSVKSL,8,1.791759469228055,SPLYSVKSF,0.017406000000000033,SPLYSVKSL,SPLYSVKSL,SPLYSVKSF,Negative,9,9,9,9,9,9,"1,8",0.982594,8,1.791759469228055,substitution,0.0,3.903225806451613,Negative,1,cedar,0.0248,SPLYSVKSF,0.0968,SPLYSVKSF,True,0.18463137669139948
SSAAAPFPL,HLA-C0304,0.4104,1,8,0.0906,0.7187,11.378,HLA-C*03:04,"30556813,30556813",SSAAAPFPL,SSAAAPFPH,0,0,135.0,127.0,True,Improved,-3,SSAAAPFPL,-3,SSAAAPFPL,8,0.6931471805599453,SSAAAPFPH,0.03190499999999996,SSAAAPFPL,SSAAAPFPL,SSAAAPFPH,Positive,9,9,9,9,9,9,"1,8",0.968095,8,0.6931471805599453,substitution,0.5,27.724171539961016,"Positive_all,Negative",2,cedar,0.4104,SSAAAPFPH,11.378,SSAAAPFPH,True,0.0688432090885188
SSEDDGFFLGK,HLA-A1101,0.7154,1,8,0.6193,0.5648,9.842,HLA-A*11:01,"32582212,32582212",SSEDDGFFLGK,SSEDDGFFL,0,0,566.0,556.0,True,Improved,1,SSDGFFLGK,-10,SSDGFFLGK,"2,3,4,5,6,7,8",2.4849066497880004,SSEDDGFFL,0.07145699999999999,SSEDDGFFLGK,SSEDDGFFLGK,SSEDDGFFL,Positive,11,11,9,11,9,11,"0,1,8",0.928543,10,0.6931471805599453,substitution,0.5,13.7573385518591,"Negative,Positive_all",2,cedar,0.7154,SSEDDGFFLGE,27.0,SSDGFFLGE,True,0.10890232410139017
SSLDLTTSPV,HLA-A0201,0.6443,1,8,0.3503,0.5613,0.0647,HLA-A*02:01,27198675,SLDLTTSPV,SLDPTTSPV,1,1,89.0,80.0,True,Conserved,-3,SSLDLTTSV,-3,SLDLTTSPV,3,1.3862943611198906,SLDPTTSPV,0.09448500000000004,SSLDLTTSPV,SLDLTTSPV,SLDPTTSPV,Negative,10,9,9,9,9,10,"1,3,8",0.905515,4,1.3862943611198906,substitution,0.0,0.10041905944435821,Negative,1,cedar,3.7262,SSLDPTTSPV,0.9415,SLDPTTSPV,True,0.1073601233127372
SSLDLTTSPV,HLA-B0702,6.7947,0,8,0.3503,0.5613,2.7962,HLA-B*07:02,27198675,SLDLTTSPV,SLDPTTSPV,1,1,89.0,80.0,False,Conserved,-3,SSLDLTTSV,-3,SLDLTTSPV,3,1.3862943611198906,SLDPTTSPV,0.09448500000000004,SSLDLTTSPV,SLDLTTSPV,SLDPTTSPV,Negative,10,9,9,9,9,10,"1,8",0.905515,4,1.3862943611198906,substitution,0.0,0.41152663105067183,Negative,1,cedar,19.3235,SSLDPTTSPV,8.8992,SSLDPTTSV,True,0.11939451391384377
SSNLFSSSSF,HLA-A2402,3.9379,0,8,0.3827,0.6103,65.0,HLA-A*24:02,27198675,SNLFSSSSF,SSNLFSSSS,1,0,359.0,350.0,True,Conserved,-2,SSNLSSSSF,-6,SNLFSSSSF,"1,2,3,4,8",2.4849066497880004,SSNLFSSSS,0.05535500000000004,SSNLFSSSSF,SNLFSSSSF,SSNLFSSSS,Negative,10,9,9,9,9,10,"1,8",0.944645,9,0.6931471805599453,substitution,0.0,16.50625968155616,Negative,1,cedar,8.3057,SSNLFSSSSS,90.0,SSLFSSSSS,True,0.07662717224459965
SVFTLTADRY,HLA-A1101,0.6712,0,8,0.2157,0.4191,8.3855,HLA-A*11:01,27198675,SVFTLTADR,SVFTLTALS,0,0,136.0,127.0,True,Improved,-7,SVFTLTARY,-5,SVFTLTADR,"7,8",1.791759469228055,SVFTLTALS,0.06784400000000002,SVFTLTADRY,SVFTLTADR,SVFTLTALS,Negative,10,9,9,9,9,10,"0,1,8",0.932156,"7,8,9",1.791759469228055,substitution,0.0,12.493295589988081,Negative,1,cedar,1.6946,SVFTLTALSA,10.2169,SVFTLTLSA,True,0.12734392039360654
SVIVRTSSGK,HLA-A0301,0.3405,0,8,0.2461,0.6195,0.1831,HLA-A*03:01,33479501,VIVRTSSGK,VIVRTPSGK,1,1,566.0,557.0,False,Conserved,-1,SVIRTSSGK,-1,VIVRTSSGK,5,1.3862943611198906,VIVRTPSGK,0.07466099999999998,SVIVRTSSGK,VIVRTSSGK,VIVRTPSGK,Negative,10,9,9,9,9,10,"0,1,8",0.925339,6,1.3862943611198906,substitution,0.0,0.5377386196769457,Negative,1,cedar,0.3883,SVIVRTPSGK,0.2348,SVIRTPSGK,True,0.15525197120950457
SVLDVGVAV,HLA-A0201,0.1761,0,8,0.0515,0.7459,1.9551,HLA-A*02:01,31511069,SVLDVGVAV,SVLDVGGAV,0,0,723.0,715.0,False,Improved,-3,SVLDVGVAV,-3,SVLDVGVAV,6,1.3862943611198906,SVLDVGGAV,0.07866399999999996,SVLDVGVAV,SVLDVGVAV,SVLDVGGAV,Negative,9,9,9,9,9,9,"1,3,8",0.921336,6,1.3862943611198906,substitution,0.0,11.10221465076661,Negative,1,cedar,0.1761,SVLDVGGAV,1.9551,SVLDVGGAV,True,0.1831573266022952
SVTGYYGNWFV,HLA-A0201,2.7555,0,8,0.3078,0.5746,0.239,HLA-A*02:01,31511069,SVTGYYGNWFV,SVTGYDGNWFV,0,0,259.0,249.0,True,Conserved,-3,SVYYGNWFV,-3,SVYYGNWFV,3,0.6931471805599453,SVYDGNWFV,0.101823,SVTGYYGNWFV,SVTGYYGNWFV,SVTGYDGNWFV,Negative,11,11,11,11,11,11,"1,3,8",0.898177,5,0.6931471805599453,substitution,0.0,0.08673561966975141,Negative,1,cedar,2.7555,SVTGYDGNWFV,0.239,SVYDGNWFV,True,0.2242264749478634
SWYRIYSKI,HLA-A2402,0.4113,0,8,0.2007,0.5753,0.326,HLA-A*24:02,"34270940,34270940",SWYRIYSKI,SWYRIYTKI,0,0,123.0,115.0,False,Conserved,1,SWYRIYSKI,1,SWYRIYSKI,6,1.791759469228055,SWYRIYTKI,0.033657999999999966,SWYRIYSKI,SWYRIYSKI,SWYRIYTKI,Negative,9,9,9,9,9,9,"1,8",0.966342,6,1.791759469228055,substitution,0.0,0.7926088013615367,"Negative,Negative",2,cedar,0.4113,SWYRIYTKI,0.326,SWYRIYTKI,True,0.18284298191965961
SYEKIYLDF,HLA-A2402,0.0684,0,8,0.1236,0.6277,0.0717,HLA-A*24:02,30880120,SYEKIYLDF,SYEKIHLDF,0,0,969.0,961.0,False,Conserved,2,SYEKIYLDF,2,SYEKIYLDF,5,0.6931471805599453,SYEKIHLDF,0.07231299999999996,SYEKIYLDF,SYEKIYLDF,SYEKIHLDF,Negative,9,9,9,9,9,9,"1,8",0.927687,5,0.6931471805599453,substitution,0.0,1.0482456140350878,Negative,1,cedar,0.0684,SYEKIHLDF,0.0717,SYEKIHLDF,True,0.3042290337565039
TIVEHKYPSV,HLA-A0201,1.332,0,8,0.4382,0.5373,1.2555,HLA-A*02:01,31511069,IVEHKYPSV,IVENKYPSV,1,1,871.0,862.0,True,Conserved,1,TIVEHYPSV,1,IVEHKYPSV,3,0.6931471805599453,IVENKYPSV,0.08104699999999998,TIVEHKYPSV,IVEHKYPSV,IVENKYPSV,Negative,10,9,9,9,9,10,"1,3,8",0.918953,4,0.6931471805599453,substitution,0.0,0.9425675675675675,Negative,1,cedar,2.6411,TIVENKYPSV,2.8386,TIVEKYPSV,True,0.08985068449922998
TLNLRLSAV,HLA-A0201,0.6053,0,8,0.0488,0.8595,17.6387,HLA-A*02:01,33257508,TLNLRLSAV,TPNLRLSAV,0,0,87.0,79.0,True,Improved,-3,TLNLRLSAV,-3,TLNLRLSAV,1,1.3862943611198906,TPNLRLSAV,0.06251399999999996,TLNLRLSAV,TLNLRLSAV,TPNLRLSAV,Negative,9,9,9,9,9,9,"1,3,8",0.937486,1,1.3862943611198906,substitution,0.0,29.140426234924835,Negative,1,cedar,0.6053,TPNLRLSAV,17.6387,TPNLRLSAV,True,0.14248920532746767
TLVYPATEK,HLA-A1101,0.2221,0,8,0.3709,0.5699,0.0388,HLA-A*11:01,"34270940,34270940",TLVYPATEK,TVVYPATEK,0,0,45.0,37.0,True,Conserved,1,TLVYPATEK,1,TLVYPATEK,1,1.791759469228055,TVVYPATEK,0.024607000000000046,TLVYPATEK,TLVYPATEK,TVVYPATEK,Negative,9,9,9,9,9,9,"0,1,8",0.975393,1,1.791759469228055,substitution,0.0,0.17469608284556506,"Negative,Negative",2,cedar,0.2221,TVVYPATEK,0.0388,TVVYPATEK,True,0.16326790962055623
TLYSPRGEK,HLA-A0301,0.0211,0,8,0.0282,0.7691,6.4385,HLA-A*03:01,34518289,TLYSPRGEK,TLYSPRGEE,0,0,113.0,105.0,True,Improved,1,TLYSPRGEK,1,TLYSPRGEK,8,0.6931471805599453,TLYSPRGEE,0.017481999999999998,TLYSPRGEK,TLYSPRGEK,TLYSPRGEE,Negative,9,9,9,9,9,9,"0,1,8",0.982518,8,0.6931471805599453,substitution,0.0,305.14218009478674,Negative,1,cedar,0.0211,TLYSPRGEE,6.4385,TLYSPRGEE,True,0.14488551099463842
TMFGLPFAT,HLA-A0201,0.7966,0,8,0.318,0.7151,3.0545,HLA-A*02:01,31511069,TMFGLPFAT,TMFGLRFAT,0,0,660.0,652.0,False,Improved,-2,TMFGLPFAT,-2,TMFGLPFAT,5,1.3862943611198906,TMFGLRFAT,0.10820200000000002,TMFGLPFAT,TMFGLPFAT,TMFGLRFAT,Negative,9,9,9,9,9,9,"1,3,8",0.891798,5,1.3862943611198906,substitution,0.0,3.8344212904845594,Negative,1,cedar,0.7966,TMFGLRFAT,3.0545,TMFGLRFAT,True,0.22590999613059137
TMIEEYDSG,HLA-A0201,23.7455,1,8,6.3719,0.3201,37.9,HLA-A*02:01,31511069,TMIEEYDSG,TMIEEDDSG,0,0,63.0,55.0,False,Conserved,-3,TMIEEYDSG,-3,TMIEEYDSG,5,0.6931471805599453,TMIEEDDSG,0.10619900000000004,TMIEEYDSG,TMIEEYDSG,TMIEEDDSG,Positive,9,9,9,9,9,9,"1,3,8",0.893801,5,0.6931471805599453,substitution,1.0,1.596091891095155,Positive_all,1,cedar,23.7455,TMIEEDDSG,37.9,TMIEEDDSG,True,0.13239943214783642
TMIEEYDSGL,HLA-A0201,2.2537,1,8,0.6806,0.6962,2.4307,HLA-A*02:01,31511069,TMIEEYDSGL,TMIEEDDSGL,0,0,64.0,55.0,False,Conserved,-3,TMIEEDSGL,4,TMIEEDSGL,-1,,TMIEEDSGL,0.09826999999999997,TMIEEYDSGL,TMIEEYDSGL,TMIEEDDSGL,Positive,10,10,10,10,10,10,"1,3,8",0.90173,5,0.6931471805599453,substitution,1.0,1.0785375160846609,Positive_all,1,cedar,2.2537,TMIEEDDSGL,2.4307,TMIEEDSGL,True,0.09573726017791889
TPLVIKIDKPY,HLA-B3501,0.3855,0,8,1.1085,0.3648,0.5011,HLA-B*35:01,24323902,LVIKIDKPY,LVVKIDKPY,2,2,390.0,380.0,False,Conserved,3,TPIKIDKPY,3,LVIKIDKPY,2,1.0986122886681098,LVVKIDKPY,0.014560000000000017,TPLVIKIDKPY,LVIKIDKPY,LVVKIDKPY,Negative,11,9,9,9,9,11,"1,8",0.98544,4,1.0986122886681098,substitution,0.0,1.2998702983138781,Negative,1,cedar,0.6521,TPLVVKIDKPY,0.7551,TPVKIDKPY,True,0.12585144137699303
TPTDVTARHL,HLA-B3501,0.4459,1,8,0.6614,0.228,0.3091,HLA-B*35:01,26631611,TPTDVTARH,TPTDVTAIH,0,0,292.0,283.0,False,Conserved,-3,TPTDVTAHL,-3,TPTDVTARH,7,0.0,TPTDVTAIH,0.05675600000000003,TPTDVTARHL,TPTDVTARH,TPTDVTAIH,Positive,10,9,9,9,9,10,"1,8",0.943244,7,0.0,substitution,1.0,0.6932047544292441,Positive_all,1,cedar,1.4958,TPTDVTAIHL,0.9559,TPTDVTIHL,True,0.11754994896168044
TTLVYPATEK,HLA-A1101,0.1538,0,8,0.1344,0.7124,0.0388,HLA-A*11:01,"34270940,34270940",TTLVYPATEK,TVVYPATEK,0,1,45.0,36.0,True,Conserved,1,TTLYPATEK,1,TTLYPATEK,"1,2",1.791759469228055,TVVYPATEK,0.05174999999999996,TTLVYPATEK,TTLVYPATEK,TVVYPATEK,Negative,10,10,9,10,9,10,"0,1,8",0.94825,2,1.791759469228055,substitution,0.0,0.2522756827048115,"Negative,Negative",2,cedar,0.1538,TTVVYPATEK,0.2595,TTVYPATEK,True,0.17664225745998777
TTYSPIGEK,HLA-A0301,0.0087,0,8,0.0222,0.7993,0.0093,HLA-A*03:01,34518289,TTYSPIGEK,TTYSPIGGK,0,0,381.0,373.0,False,Conserved,-2,TTYSPIGEK,-2,TTYSPIGEK,7,0.6931471805599453,TTYSPIGGK,0.059114,TTYSPIGEK,TTYSPIGEK,TTYSPIGGK,Negative,9,9,9,9,9,9,"0,1,8",0.940886,7,0.6931471805599453,substitution,0.0,1.0689655172413792,Negative,1,cedar,0.0087,TTYSPIGGK,0.0093,TTYSPIGGK,True,0.18483583308496193
VARGGSMGV,HLA-B0702,1.6713,0,8,0.2567,0.6088,1.6104,HLA-B*07:02,27198675,VARGGSMGV,VARGGPMGV,0,0,389.0,381.0,False,Conserved,-1,VARGGSMGV,-1,VARGGSMGV,5,1.3862943611198906,VARGGPMGV,0.08104999999999996,VARGGSMGV,VARGGSMGV,VARGGPMGV,Negative,9,9,9,9,9,9,"1,8",0.91895,5,1.3862943611198906,substitution,0.0,0.9635612995871478,Negative,1,cedar,1.6713,VARGGPMGV,1.6104,VARGGPMGV,True,0.16324599863850342
VAVMKFKNPL,HLA-B0702,0.6024,0,8,0.7704,0.445,11.654,HLA-B*07:02,27198675,AVMKFKNPL,AVMKFKNPP,1,1,66.0,57.0,True,Improved,-3,VAMKFKNPL,-3,AVMKFKNPL,8,1.3862943611198906,AVMKFKNPP,0.036102999999999996,VAVMKFKNPL,AVMKFKNPL,AVMKFKNPP,Negative,10,9,9,9,9,10,"1,8",0.963897,9,1.3862943611198906,substitution,0.0,19.345949535192563,Negative,1,cedar,5.8202,VAVMKFKNPP,49.0,VAMKFKNPP,True,0.10485043652872143
VIDAAFNGGV,HLA-A0201,5.6394,0,8,3.161,0.5344,4.8305,HLA-A*02:01,31511069,VIDAAFNGGV,VIDAAVNGGV,0,0,1562.0,1553.0,False,Conserved,-1,VIDAAFNGV,-1,VIDAAFNGV,5,0.6931471805599453,VIDAAVNGV,0.06238200000000005,VIDAAFNGGV,VIDAAFNGGV,VIDAAVNGGV,Negative,10,10,10,10,10,10,"1,3,8",0.937618,5,0.6931471805599453,substitution,0.0,0.8565627549030038,Negative,1,cedar,5.6394,VIDAAVNGGV,4.8305,VIDAAVNGV,True,0.1533145231602967
VISKKDFHK,HLA-A0301,0.5254,0,8,0.3938,0.5634,0.5843,HLA-A*03:01,31511069,VISKKDFHK,VISKRDFHK,0,0,4050.0,4042.0,False,Conserved,2,VISKKDFHK,2,VISKKDFHK,4,0.6931471805599453,VISKRDFHK,0.040920999999999985,VISKKDFHK,VISKKDFHK,VISKRDFHK,Negative,9,9,9,9,9,9,"0,1,8",0.959079,4,0.6931471805599453,substitution,0.0,1.1121050628092883,Negative,1,cedar,0.5254,VISKRDFHK,0.5843,VISKRDFHK,True,0.12540408224380437
VIVRTLSGK,HLA-A0301,0.2347,0,8,0.1725,0.6521,0.1831,HLA-A*03:01,33479501,VIVRTLSGK,VIVRTPSGK,0,0,566.0,558.0,False,Conserved,-3,VIVRTLSGK,-3,VIVRTLSGK,5,1.3862943611198906,VIVRTPSGK,0.09644699999999995,VIVRTLSGK,VIVRTLSGK,VIVRTPSGK,Negative,9,9,9,9,9,9,"0,1,8",0.903553,5,1.3862943611198906,substitution,0.0,0.78014486578611,Negative,1,cedar,0.2347,VIVRTPSGK,0.1831,VIVRTPSGK,True,0.19947767952348044
VKITDFGRAK,HLA-A1101,0.2434,1,8,1.6997,0.3631,0.04,HLA-A*11:01,"34244308,34244308,34244308,34244308",KITDFGRAK,KITDFGLAK,1,1,860.0,851.0,False,Conserved,-2,VITDFGRAK,-2,KITDFGRAK,6,1.3862943611198906,KITDFGLAK,0.07671099999999997,VKITDFGRAK,KITDFGRAK,KITDFGLAK,Positive,10,9,9,9,9,10,"0,1,8",0.923289,7,1.3862943611198906,substitution,0.25,0.16433853738701726,"Positive_all,Negative,Negative,Negative",4,cedar,2.3045,VKITDFGLAK,0.8683,VITDFGLAK,True,0.15922407814684664
VLFHRAFLV,HLA-A0201,0.1043,1,8,0.0146,0.9436,0.2088,HLA-A*02:01,30418433,VLFHRAFLV,VLLHRAFLV,0,0,2165.0,2157.0,False,Conserved,0,VLFHRAFLV,0,VLFHRAFLV,2,1.791759469228055,VLLHRAFLV,0.051166000000000045,VLFHRAFLV,VLFHRAFLV,VLLHRAFLV,Positive,9,9,9,9,9,9,"1,3,8",0.948834,2,1.791759469228055,substitution,1.0,2.0019175455417066,Positive_all,1,cedar,0.1043,VLLHRAFLV,0.2088,VLLHRAFLV,True,0.38305594484434796
VLHFKNSYHNL,HLA-A0201,6.5309,0,8,4.9005,0.151,2.2503,HLA-A*02:01,27198675,VLHFKNSYHNL,VLHFKDSYHNL,0,0,652.0,642.0,True,Conserved,1,VFKNSYHNL,1,VLHNSYHNL,3,0.6931471805599453,VLHDSYHNL,0.04932000000000003,VLHFKNSYHNL,VLHFKNSYHNL,VLHFKDSYHNL,Negative,11,11,11,11,11,11,"1,3,8",0.95068,5,0.6931471805599453,substitution,0.0,0.3445620052366443,Negative,1,cedar,6.5309,VLHFKDSYHNL,2.2503,VLHDSYHNL,True,0.14825872569940388
VLLPKATSLPI,HLA-A0201,0.0486,0,8,0.5175,0.502,0.0739,HLA-A*02:01,31511069,VLLPKATSL,VLLPTATSL,0,0,2695.0,2685.0,False,Conserved,-1,VPKATSLPI,-1,VLLPKATSL,4,0.6931471805599453,VLLPTATSL,0.06312499999999999,VLLPKATSLPI,VLLPKATSL,VLLPTATSL,Negative,11,9,9,9,9,11,"1,3,8",0.936875,4,0.6931471805599453,substitution,0.0,1.5205761316872428,Negative,1,cedar,1.9681,VLLPTATSLPI,1.9613,VLLPTATSI,True,0.10090180361032505
VLLRALPVL,HLA-A0201,0.2283,0,8,0.4061,0.694,3.524,HLA-A*02:01,"25837513,25837513",VLLRALPVL,VLLRALPV,0,0,167.0,159.0,True,Improved,-3,VLLRALPVL,-5,VLLRALPVL,"7,8",1.0986122886681098,VLLRALP-V,0.04315000000000002,VLLRALPVL,VLLRALPVL,VLLRALPV,Negative,9,9,8,9,8,9,"1,3,8",0.95685,8,1.3862943611198906,substitution,0.0,15.435830048182217,"Negative,Negative",2,cedar,0.2283,VLLRALPVP,5.4334,VLLRALPVP,True,0.331344955388717
VLPPCIISGGI,HLA-A0201,2.7861,0,8,3.2634,0.2814,8.363,HLA-A*02:01,31511069,VLPPCIISGGI,VLPPCIISG,0,0,707.0,697.0,True,Conserved,-3,VLPPCIISI,-4,VLPPCIISI,8,-1.0,VLPPCIISG,0.06921500000000003,VLPPCIISGGI,VLPPCIISGGI,VLPPCIISG,Negative,11,11,9,11,9,11,"1,3,8",0.930785,10,0.6931471805599453,substitution,0.0,3.0016869459100537,Negative,1,cedar,2.7861,VLPPCIISGGN,57.2727,VLPPCIISN,True,0.24767739253715707
VLTADGTSL,HLA-A0201,1.1221,0,8,1.8374,0.5734,2.0597,HLA-A*02:01,27198675,VLTADGTSL,VLTADGTPL,0,0,879.0,871.0,False,Conserved,-1,VLTADGTSL,-1,VLTADGTSL,7,1.3862943611198906,VLTADGTPL,0.04954700000000001,VLTADGTSL,VLTADGTSL,VLTADGTPL,Negative,9,9,9,9,9,9,"1,3,8",0.950453,7,1.3862943611198906,substitution,0.0,1.8355761518581228,Negative,1,cedar,1.1221,VLTADGTPL,2.0597,VLTADGTPL,True,0.13424708354724949
VLYSAQDQA,HLA-A0201,0.8592,0,8,1.8849,0.5646,0.8244,HLA-A*02:01,31511069,VLYSAQDQA,MLYSAQDQA,0,0,36.0,28.0,False,Conserved,1,VLYSAQDQA,1,VLYSAQDQA,0,0.0,MLYSAQDQA,0.014778999999999987,VLYSAQDQA,VLYSAQDQA,MLYSAQDQA,Negative,9,9,9,9,9,9,"1,3,8",0.985221,0,0.0,substitution,0.0,0.9594972067039107,Negative,1,cedar,0.8592,MLYSAQDQA,0.8244,MLYSAQDQA,True,0.11769385923765813
VMALTASTVPL,HLA-C0303,0.8282,0,8,1.3171,0.6181,0.9677,HLA-C*03:03,24323902,MALTASTVPL,LTASPVPL,1,3,483.0,473.0,True,Conserved,-1,VMAASTVPL,-7,MALTASTVL,"0,1,2,3,4,5,6,7",2.5649493574615367,LTASP-VPL,0.141864,VMALTASTVPL,MALTASTVPL,LTASPVPL,Negative,11,10,8,10,8,11,"1,8",0.858136,7,1.3862943611198906,substitution,0.0,1.1684375754648635,Negative,1,cedar,11.4882,VMALTASPVPL,11.7638,VMAASPVPL,True,0.1591448828552851
VMDSIDVKI,HLA-A0201,0.2236,0,8,0.0683,0.5974,0.0586,HLA-A*02:01,"27198675,27198675,27198675,27198675",VMDSIDVKI,VMDPIDVKI,0,0,319.0,311.0,True,Conserved,-1,VMDSIDVKI,-1,VMDSIDVKI,3,1.3862943611198906,VMDPIDVKI,0.08020300000000002,VMDSIDVKI,VMDSIDVKI,VMDPIDVKI,Negative,9,9,9,9,9,9,"1,3,8",0.919797,3,1.3862943611198906,substitution,0.0,0.2620751341681574,"Negative,Negative,Negative,Negative",4,cedar,0.2236,VMDPIDVKI,0.0586,VMDPIDVKI,True,0.2369307012787919
VMKFKNPLV,HLA-A0201,2.2008,0,8,0.421,0.4685,2.5149,HLA-A*02:01,"27198675,27198675,27198675,27198675",VMKFKNPLV,VMKFKNPPV,0,0,67.0,59.0,False,Conserved,-3,VMKFKNPLV,-3,VMKFKNPLV,7,1.3862943611198906,VMKFKNPPV,0.06851200000000002,VMKFKNPLV,VMKFKNPLV,VMKFKNPPV,Negative,9,9,9,9,9,9,"1,3,8",0.931488,7,1.3862943611198906,substitution,0.0,1.142720828789531,"Negative,Negative,Negative,Negative",4,cedar,2.2008,VMKFKNPPV,2.5149,VMKFKNPPV,True,0.12180086523154277
VPGASSATAVL,HLA-B0702,0.297,0,8,0.3876,0.5433,0.1928,HLA-B*07:02,27198675,VPGASSATAVL,VPGASSATAAL,0,0,432.0,422.0,False,Conserved,0,VPSSATAVL,0,VPSSATAVL,7,1.3862943611198906,VPSSATAAL,0.01180800000000004,VPGASSATAVL,VPGASSATAVL,VPGASSATAAL,Negative,11,11,11,11,11,11,"1,8",0.988192,9,1.3862943611198906,substitution,0.0,0.6491582491582492,Negative,1,cedar,0.297,VPGASSATAAL,0.1928,VPSSATAAL,True,0.13604562923017138
VQVGGVTYI,HLA-A0201,0.594,0,8,0.0504,0.4178,0.9359,HLA-A*02:01,31511069,VQVGGVTYI,VQVGGVTHI,0,0,392.0,384.0,False,Conserved,2,VQVGGVTYI,2,VQVGGVTYI,7,0.6931471805599453,VQVGGVTHI,0.04345100000000002,VQVGGVTYI,VQVGGVTYI,VQVGGVTHI,Negative,9,9,9,9,9,9,"1,3,8",0.956549,7,0.6931471805599453,substitution,0.0,1.5755892255892257,Negative,1,cedar,0.594,VQVGGVTHI,0.9359,VQVGGVTHI,True,0.2568634414237603
VTLDVILER,HLA-B5701,4.5105,0,8,0.2912,0.6434,4.6071,HLA-B*57:01,30556813,VTLDVILER,VTLEVILER,0,0,151.0,143.0,False,Conserved,2,VTLDVILER,2,VTLDVILER,3,1.3862943611198906,VTLEVILER,0.04369999999999996,VTLDVILER,VTLDVILER,VTLEVILER,Negative,9,9,9,9,9,9,"1,8",0.9563,3,1.3862943611198906,substitution,0.0,1.0214166943797804,Negative,1,cedar,4.5105,VTLEVILER,4.6071,VTLEVILER,True,0.2631332714167061
VVNMNEIVRTK,HLA-A1101,0.6078,0,8,1.2009,0.421,0.6078,HLA-A*11:01,31511069,NMNEIVRTK,NMNEIVRTK,2,2,156.0,146.0,False,Conserved,3,VVNEIVRTK,5,NMNEIVRTK,-1,,NMNEIVRTK,0.0,VVNMNEIVRTK,NMNEIVRTK,NMNEIVRTK,Negative,11,9,9,9,9,11,"0,1,8",1.0,1,1.0986122886681098,substitution,0.0,1.0,Negative,1,cedar,0.9703,VINMNEIVRTK,1.6392,VINEIVRTK,True,0.19115737901572938
VYVAKLHDI,HLA-A2402,0.0939,0,8,0.0787,0.6714,20.1481,HLA-A*24:02,33537174,VYVAKLHDI,VCVAKLHDI,0,0,151.0,143.0,True,Improved,-2,VYVAKLHDI,-2,VYVAKLHDI,1,0.6931471805599453,VCVAKLHDI,0.07791499999999996,VYVAKLHDI,VYVAKLHDI,VCVAKLHDI,Negative,9,9,9,9,9,9,"1,8",0.922085,1,0.6931471805599453,substitution,0.0,214.56975505857295,Negative,1,cedar,0.0939,VCVAKLHDI,20.1481,VCVAKLHDI,True,0.34823544840257553
WEDSQLVSHL,HLA-B4002,0.6898,0,8,0.0875,0.6939,1.597,HLA-B*40:02,33479501,WEDSQLVSHL,EDSQLVSHL,0,1,1576.0,1567.0,True,Conserved,-2,WEDSQLVSL,-5,WEDSQLVSL,"0,1,2,3,4,5,6,7",2.4849066497880004,EDSQLVSHL,0.042557999999999985,WEDSQLVSHL,WEDSQLVSHL,EDSQLVSHL,Negative,10,10,9,10,9,10,"1,8",0.957442,0,0.6931471805599453,substitution,0.0,2.315163815598724,Negative,1,cedar,0.6898,CEDSQLVSHL,1.9318,CEDSQLVSL,True,0.1137752307650583
WLRDHRMTGL,HLA-B0702,1.428,0,8,0.0342,0.7054,1.1898,HLA-B*07:02,27198675,WLRDHRMTGL,WLRDHRMAGL,0,0,26.0,17.0,False,Conserved,0,WLRDHRMTL,0,WLRDHRMTL,7,1.3862943611198906,WLRDHRMAL,0.04117099999999996,WLRDHRMTGL,WLRDHRMTGL,WLRDHRMAGL,Negative,10,10,10,10,10,10,"1,8",0.958829,7,1.3862943611198906,substitution,0.0,0.8331932773109244,Negative,1,cedar,1.428,WLRDHRMAGL,1.1898,WLRDHRMAL,True,0.1152953743558964
WPTRVCADV,HLA-B0702,5.9025,0,8,0.3686,0.4893,0.7765,HLA-B*07:02,27198675,WPTRVCADV,WPTRVRADV,0,0,539.0,531.0,False,Conserved,-3,WPTRVCADV,-3,WPTRVCADV,5,0.6931471805599453,WPTRVRADV,0.13029900000000005,WPTRVCADV,WPTRVCADV,WPTRVRADV,Negative,9,9,9,9,9,9,"1,8",0.869701,5,0.6931471805599453,substitution,0.0,0.13155442609063955,Negative,1,cedar,5.9025,WPTRVRADV,0.7765,WPTRVRADV,True,0.17508306103954252
WPTRVCADVTI,HLA-B0702,5.9025,0,8,0.3669,0.2874,0.7765,HLA-B*07:02,27198675,WPTRVCADV,WPTRVRADV,0,0,541.0,531.0,False,Conserved,-3,WPTRADVTI,-3,WPTRVCADV,5,0.6931471805599453,WPTRVRADV,0.13029900000000005,WPTRVCADVTI,WPTRVCADV,WPTRVRADV,Negative,11,9,9,9,9,11,"1,8",0.869701,5,0.6931471805599453,substitution,0.0,0.13155442609063955,Negative,1,cedar,8.3235,WPTRVRADVTI,2.803,WPTRVRVTI,True,0.1770432075247726
WTGATITVTIK,HLA-A1101,0.5743,1,8,3.4029,0.2912,0.9153,HLA-A*11:01,32226429,ATITVTIK,WTGATITVK,3,0,69.0,59.0,True,Conserved,-1,WTGATITVK,-15,ATITVTI-K,"0,2,3,4,5,6,7",1.9459101490553132,WTGATITVK,0.13946899999999995,WTGATITVTIK,ATITVTIK,WTGATITVK,Positive,11,8,9,8,9,11,"0,1,8",0.860531,8,0.6931471805599453,substitution,1.0,1.5937663242207905,Positive_all,1,cedar,4.7885,WTGATITVKIK,4.837,WTGATITVK,True,0.21109109783630464
WVMPVIPAL,HLA-A0206,0.0337,1,8,0.0116,0.8003,0.0206,HLA-A*02:06,"33262196,33262196",WVMPVIPAL,WVMPEIPAL,0,0,770.0,762.0,False,Conserved,-2,WVMPVIPAL,-2,WVMPVIPAL,4,0.6931471805599453,WVMPEIPAL,0.08916199999999996,WVMPVIPAL,WVMPVIPAL,WVMPEIPAL,Positive,9,9,9,9,9,9,"1,3,8",0.910838,4,0.6931471805599453,substitution,1.0,0.6112759643916914,"Positive_all,Positive_all",2,cedar,0.0337,WVMPEIPAL,0.0206,WVMPEIPAL,True,0.5337661083306516
WYLKVINLF,HLA-A2402,0.0519,0,8,0.0475,0.7164,0.009,HLA-A*24:02,30880120,WYLKVINLF,WYPKVINLF,0,0,271.0,263.0,False,Conserved,-3,WYLKVINLF,-3,WYLKVINLF,2,1.3862943611198906,WYPKVINLF,0.09506700000000001,WYLKVINLF,WYLKVINLF,WYPKVINLF,Negative,9,9,9,9,9,9,"1,8",0.904933,2,1.3862943611198906,substitution,0.0,0.17341040462427743,Negative,1,cedar,0.0519,WYPKVINLF,0.009,WYPKVINLF,True,0.47790277695790884
YASSYIILA,HLA-A0201,1.7433,0,8,0.1851,0.5822,3.5404,HLA-A*02:01,27198675,YASSYIILA,YASSYMILA,0,0,132.0,124.0,False,Conserved,1,YASSYIILA,1,YASSYIILA,5,1.0986122886681098,YASSYMILA,0.040744,YASSYIILA,YASSYIILA,YASSYMILA,Negative,9,9,9,9,9,9,"1,3,8",0.959256,5,1.0986122886681098,substitution,0.0,2.0308610107267824,Negative,1,cedar,1.7433,YASSYMILA,3.5404,YASSYMILA,True,0.22056443985975563
YASSYIILAM,HLA-B1501,2.5161,0,8,0.0663,0.7445,3.5889,HLA-B*15:01,27198675,ASSYIILAM,ASSYMILAM,1,1,133.0,124.0,False,Conserved,1,YASSYILAM,1,ASSYIILAM,4,1.0986122886681098,ASSYMILAM,0.042134000000000005,YASSYIILAM,ASSYIILAM,ASSYMILAM,Negative,10,9,9,9,9,10,"1,8",0.957866,5,1.0986122886681098,substitution,0.0,1.4263741504709673,Negative,1,cedar,8.3026,YASSYMILAM,10.7057,YASSMILAM,True,0.18293449464714037
YASSYIILAM,HLA-A0201,1.7433,0,8,0.0663,0.7445,3.5404,HLA-A*02:01,27198675,YASSYIILA,YASSYMILA,0,0,133.0,124.0,False,Conserved,1,YASSYILAM,1,YASSYIILA,5,1.0986122886681098,YASSYMILA,0.040744,YASSYIILAM,YASSYIILA,YASSYMILA,Negative,10,9,9,9,9,10,"1,3,8",0.959256,5,1.0986122886681098,substitution,0.0,2.0308610107267824,Negative,1,cedar,14.9452,YASSYMILAM,21.1053,YASSYILAM,True,0.2110570213634784
YIFQLSSLNL,HLA-A0201,2.5824,0,8,0.4823,0.5759,3.7965,HLA-A*02:01,27198675,YIFQLSSLNL,YIFQLSSL,0,0,1277.0,1268.0,True,Conserved,-3,YFQLSSLNL,-9,YIFQSSLNL,"3,4,5,6,7",1.0986122886681098,YIF-QLSSL,0.06473300000000004,YIFQLSSLNL,YIFQLSSLNL,YIFQLSSL,Negative,10,10,8,10,8,10,"1,3,8",0.935267,9,1.3862943611198906,substitution,0.0,1.4701440520446099,Negative,1,cedar,2.5824,YIFQLSSLNP,16.05,YIFQSSLNP,True,0.12500699074969368
YISKCWDYA,HLA-A0201,6.9659,0,8,0.3647,0.6522,9.5458,HLA-A*02:01,"25837513,25837513",YISKCWDYA,YISKCWDHA,0,0,111.0,103.0,False,Conserved,2,YISKCWDYA,2,YISKCWDYA,7,0.6931471805599453,YISKCWDHA,0.05797600000000003,YISKCWDYA,YISKCWDYA,YISKCWDHA,Negative,9,9,9,9,9,9,"1,3,8",0.942024,7,0.6931471805599453,substitution,0.0,1.3703613316297965,"Negative,Negative",2,cedar,6.9659,YISKCWDHA,9.5458,YISKCWDHA,True,0.14082489283416824
YLSNTTVTSL,HLA-A0201,0.3934,0,8,0.0946,0.8284,0.0643,HLA-A*02:01,31511069,YLSNTTVTSL,YLSNTTVTI,0,0,182.0,173.0,True,Conserved,-2,YLSNTTVTL,2,YLSNTTVTL,8,1.3862943611198906,YLSNTTVTI,0.033591999999999955,YLSNTTVTSL,YLSNTTVTSL,YLSNTTVTI,Negative,10,10,9,10,9,10,"1,3,8",0.966408,8,0.6931471805599453,substitution,0.0,0.1634468734112862,Negative,1,cedar,0.3934,YLSNTTVTIL,0.4222,YLSNTTVTL,True,0.15772813267897956
YLYHRVDVI,HLA-A0201,0.1942,1,8,0.0516,0.8573,4.8562,HLA-A*02:01,"30700903,30700903",YLYHRVDVI,DLYHRVDVI,0,0,797.0,789.0,False,Improved,-3,YLYHRVDVI,-3,YLYHRVDVI,0,0.6931471805599453,DLYHRVDVI,0.03857299999999997,YLYHRVDVI,YLYHRVDVI,DLYHRVDVI,Positive,9,9,9,9,9,9,"1,3,8",0.961427,0,0.6931471805599453,substitution,1.0,25.00617919670443,"Positive_all,Positive_all",2,cedar,0.1942,DLYHRVDVI,4.8562,DLYHRVDVI,True,0.44885671783932346
YLYHRVDVIFC,HLA-A0201,0.1942,1,8,3.4253,0.5172,4.8562,HLA-A*02:01,30700903,YLYHRVDVI,DLYHRVDVI,0,0,799.0,789.0,False,Improved,-3,YLYHDVIFC,-3,YLYHRVDVI,0,0.6931471805599453,DLYHRVDVI,0.03857299999999997,YLYHRVDVIFC,YLYHRVDVI,DLYHRVDVI,Positive,11,9,9,9,9,11,"1,3,8",0.961427,0,0.6931471805599453,substitution,1.0,25.00617919670443,Positive_all,1,cedar,3.1064,DLYHRVDVIFC,20.5172,DLYHDVIFC,True,0.3845215124569997
YMLTLHTKL,HLA-A0201,0.1206,1,8,0.1999,0.7514,0.3483,HLA-A*02:01,30418433,YMLTLHTKL,YMLTLRTKL,0,0,310.0,302.0,False,Conserved,0,YMLTLHTKL,0,YMLTLHTKL,5,0.6931471805599453,YMLTLRTKL,0.07803700000000002,YMLTLHTKL,YMLTLHTKL,YMLTLRTKL,Positive,9,9,9,9,9,9,"1,3,8",0.921963,5,0.6931471805599453,substitution,1.0,2.8880597014925375,Positive_all,1,cedar,0.1206,YMLTLRTKL,0.3483,YMLTLRTKL,True,0.345698826426091
YQSLKQFNV,HLA-A0201,0.4064,0,8,0.0311,0.4512,10.9077,HLA-A*02:01,27198675,YQSLKQFNV,YRSLKQFNV,0,0,631.0,623.0,True,Improved,1,YQSLKQFNV,1,YQSLKQFNV,1,0.6931471805599453,YRSLKQFNV,0.03560799999999997,YQSLKQFNV,YQSLKQFNV,YRSLKQFNV,Negative,9,9,9,9,9,9,"1,3,8",0.964392,1,0.6931471805599453,substitution,0.0,26.839812992125985,Negative,1,cedar,0.4064,YRSLKQFNV,10.9077,YRSLKQFNV,True,0.14833503969893402
YQVSCCDWLL,HLA-A0201,6.307,0,8,0.2892,0.7144,10.4662,HLA-A*02:01,33257508,YQVSCCDWL,QVSCCDWLL,0,1,182.0,173.0,True,Conserved,2,YQVSCDWLL,-15,YQVSCCDWL,"0,1,2,3,5,6,7",1.6094379124341003,QVSCCDWLL,0.10899899999999996,YQVSCCDWLL,YQVSCCDWL,QVSCCDWLL,Negative,10,9,9,9,9,10,"1,3,8",0.891001,0,0.6931471805599453,substitution,0.0,1.6594577453622958,Negative,1,cedar,6.5063,HQVSCCDWLL,11.8705,HQVSCDWLL,True,0.28969518119311366
YTASTSDAV,HLA-A0201,2.3908,0,8,0.0266,0.843,14.3014,HLA-A*02:01,31511069,YTASTSDAV,DTASTSDAV,0,0,1167.0,1159.0,False,Conserved,-3,YTASTSDAV,-3,YTASTSDAV,0,0.6931471805599453,DTASTSDAV,0.028217000000000048,YTASTSDAV,YTASTSDAV,DTASTSDAV,Negative,9,9,9,9,9,9,"1,3,8",0.971783,0,0.6931471805599453,substitution,0.0,5.981847080475155,Negative,1,cedar,2.3908,DTASTSDAV,14.3014,DTASTSDAV,True,0.0833960442605675
YTAVHYAASY,HLA-A0101,0.207,0,8,0.011,0.7171,0.2593,HLA-A*01:01,30556813,YTAVHYAASY,YTAVHYAAAY,0,0,560.0,551.0,False,Conserved,1,YTAHYAASY,1,YTAVHAASY,7,1.3862943611198906,YTAVHAAAY,0.014939000000000036,YTAVHYAASY,YTAVHYAASY,YTAVHYAAAY,Negative,10,10,10,10,10,10,"1,2,8",0.985061,8,1.3862943611198906,substitution,0.0,1.2526570048309178,Negative,1,cedar,0.207,YTAVHYAAAY,0.2593,YTAVHAAAY,True,0.19337494962932042
YTFEIQGVNGV,HLA-A6802,0.048,0,8,0.0503,0.8023,0.0765,HLA-A*68:02,30556813,YTFEIQGVNGV,YTFEIQAVNGV,0,0,414.0,404.0,True,Conserved,0,YTFEGVNGV,-6,YTFEGVNGV,"4,5",-1.0,YTFEIQNGV,0.04505999999999999,YTFEIQGVNGV,YTFEIQGVNGV,YTFEIQAVNGV,Negative,11,11,11,11,11,11,"0,1,8",0.95494,6,1.3862943611198906,substitution,0.0,1.59375,Negative,1,cedar,0.048,YTFEIQAVNGV,0.0765,YTFEIQNGV,True,0.3282212414918029
YTSEILSPI,HLA-A2402,8.2245,0,8,0.0063,0.9253,9.5029,HLA-A*24:02,27198675,YTSEILSPI,YTSEISSPI,0,0,1789.0,1781.0,False,Conserved,-2,YTSEILSPI,-2,YTSEILSPI,5,0.6931471805599453,YTSEISSPI,0.06861799999999996,YTSEILSPI,YTSEILSPI,YTSEISSPI,Negative,9,9,9,9,9,9,"1,8",0.931382,5,0.6931471805599453,substitution,0.0,1.1554380205483614,Negative,1,cedar,8.2245,YTSEISSPI,9.5029,YTSEISSPI,True,0.1094261113885269
YTSEILSPI,HLA-A0201,0.697,1,8,0.0063,0.9253,1.4669,HLA-A*02:01,"30418433,27198675",YTSEILSPI,YTSEISSPI,0,0,1789.0,1781.0,False,Conserved,-2,YTSEILSPI,-2,YTSEILSPI,5,0.6931471805599453,YTSEISSPI,0.06861799999999996,YTSEILSPI,YTSEILSPI,YTSEISSPI,Positive,9,9,9,9,9,9,"1,3,8",0.931382,5,0.6931471805599453,substitution,0.5,2.104591104734577,"Positive_all,Negative",2,cedar,0.697,YTSEISSPI,1.4669,YTSEISSPI,True,0.11086213039696938
YTWPSGNIY,HLA-A0101,0.0552,0,8,0.0352,0.7883,0.0374,HLA-A*01:01,33479501,YTWPSGNIY,YTWPSGNTY,0,0,60.0,52.0,False,Conserved,-1,YTWPSGNIY,-1,YTWPSGNIY,7,1.0986122886681098,YTWPSGNTY,0.04536200000000001,YTWPSGNIY,YTWPSGNIY,YTWPSGNTY,Negative,9,9,9,9,9,9,"1,2,8",0.954638,7,1.0986122886681098,substitution,0.0,0.677536231884058,Negative,1,cedar,0.0552,YTWPSGNTY,0.0374,YTWPSGNTY,True,0.25448521569640703
YVARGGSMGV,HLA-A0201,1.6634,0,8,0.169,0.7203,0.948,HLA-A*02:01,27198675,YVARGGSMGV,YVARGGPMGV,0,0,389.0,380.0,False,Conserved,-1,YVAGGSMGV,-1,YVAGGSMGV,5,1.3862943611198906,YVAGGPMGV,0.06865900000000003,YVARGGSMGV,YVARGGSMGV,YVARGGPMGV,Negative,10,10,10,10,10,10,"1,3,8",0.931341,6,1.3862943611198906,substitution,0.0,0.5699170373932908,Negative,1,cedar,1.6634,YVARGGPMGV,0.948,YVAGGPMGV,True,0.1288447708472747
YVEYYSWLSYL,HLA-A0201,3.2837,0,8,0.6491,0.4189,7.1482,HLA-A*02:01,31511069,YVEYYSWLSYL,YVEYYRWLSYL,0,0,217.0,207.0,True,Conserved,-1,YYYSWLSYL,-1,YVYSWLSYL,3,1.791759469228055,YVYRWLSYL,0.05961700000000003,YVEYYSWLSYL,YVEYYSWLSYL,YVEYYRWLSYL,Negative,11,11,11,11,11,11,"1,3,8",0.940383,5,1.791759469228055,substitution,0.0,2.176873648628072,Negative,1,cedar,3.2837,YVEYYRWLSYL,7.1482,YVYRWLSYL,True,0.24927293531329
YVYSVAKTDSF,HLA-B0702,5.572,0,8,0.8894,0.1932,5.572,HLA-B*07:02,27198675,YSVAKTDSF,YSVAKTDSF,2,2,479.0,469.0,False,Conserved,2,YVYSKTDSF,6,YSVAKTDSF,-1,,YSVAKTDSF,0.0,YVYSVAKTDSF,YSVAKTDSF,YSVAKTDSF,Negative,11,9,9,9,9,11,"1,8",1.0,0,0.6931471805599453,substitution,0.0,1.0,Negative,1,cedar,8.6524,HVYSVAKTDSF,6.9362,HVYSKTDSF,True,0.15558946504697055
AAHFTVLLY,HLA-A1101,0.4196,0,9,0.1083,0.6509,0.5881,HLA-A*11:01,31511069,AAHFTVLLY,AAHFTALLY,0,0,1957.0,1949.0,False,Conserved,0,AAHFTVLLY,0,AAHFTVLLY,5,1.3862943611198906,AAHFTALLY,0.048965999999999954,AAHFTVLLY,AAHFTVLLY,AAHFTALLY,Negative,9,9,9,9,9,9,"0,1,8",0.951034,5,1.3862943611198906,substitution,0.0,1.4015729265967587,Negative,1,cedar,0.4196,AAHFTALLY,0.5881,AAHFTALLY,True,0.3881766638997065
AEWRNGSTSSL,HLA-A6801,24.2609,0,9,0.1638,0.6288,24.2609,HLA-A*68:01,30556813,EWRNGSTSSL,EWRNGSTSSL,1,1,448.0,438.0,False,Conserved,-1,AEWGSTSSL,4,EWNGSTSSL,-1,,EWNGSTSSL,0.0,AEWRNGSTSSL,EWRNGSTSSL,EWRNGSTSSL,Negative,11,10,10,10,10,11,"0,1,8",1.0,0,1.3862943611198906,substitution,0.0,1.0,Negative,1,cedar,27.1034,PEWRNGSTSSL,64.1667,PEWGSTSSL,True,0.06040002267895211
AFWLFWGLTYI,HLA-A2402,2.665,0,9,0.5794,0.7841,1.3108,HLA-A*24:02,27198675,FWLFWGLTY,FWLSWGLTY,1,1,185.0,175.0,False,Conserved,-2,ALFWGLTYI,-2,FWLFWGLTY,3,0.6931471805599453,FWLSWGLTY,0.10518000000000005,AFWLFWGLTYI,FWLFWGLTY,FWLSWGLTY,Negative,11,9,9,9,9,11,"1,8",0.89482,4,0.6931471805599453,substitution,0.0,0.4918574108818011,Negative,1,cedar,8.4283,AFWLSWGLTYI,8.4475,AFWWGLTYI,True,0.45246780782078666
AGFHVTRNGK,HLA-A1101,1.4038,0,9,0.9233,0.5187,2.1895,HLA-A*11:01,"34270940,34270940",AGFHVTRNGK,AGFHVTRDGK,0,0,568.0,559.0,False,Conserved,1,AGFHVTRNK,0,AGFHVTNGK,6,-1.0,AGFHVTRGK,0.04354999999999998,AGFHVTRNGK,AGFHVTRNGK,AGFHVTRDGK,Negative,10,10,10,10,10,10,"0,1,8",0.95645,7,0.6931471805599453,substitution,0.0,1.5596951132639976,"Negative,Negative",2,cedar,1.4038,AGFHVTRDGK,2.1895,AGFHVTRGK,True,0.10038935160124586
AIYHTLNLFNI,HLA-A0201,4.7939,0,9,3.3228,0.5239,3.4539,HLA-A*02:01,31511069,AIYHTLNL,AIYHTLNLC,0,0,312.0,302.0,True,Conserved,-2,AIYHNLFNI,-16,AIY-HTLNL,"3,4,5,6,7,8",,AIYHTLNLC,0.05849800000000005,AIYHTLNLFNI,AIYHTLNL,AIYHTLNLC,Negative,11,8,9,8,9,11,"1,3,8",0.941502,8,0.6931471805599453,substitution,0.0,0.7204781075950688,Negative,1,cedar,5.8573,AIYHTLNLCNI,7.555,AIYHTLNNI,True,0.2179376681557205
ALAAGSCLV,HLA-A0201,0.4673,0,9,0.0546,0.8553,0.8862,HLA-A*02:01,31511069,ALAAGSCLV,ALAAGSCVV,0,0,55.0,47.0,False,Conserved,1,ALAAGSCLV,1,ALAAGSCLV,7,1.791759469228055,ALAAGSCVV,0.023097999999999952,ALAAGSCLV,ALAAGSCLV,ALAAGSCVV,Negative,9,9,9,9,9,9,"1,3,8",0.976902,7,1.791759469228055,substitution,0.0,1.8964262786218704,Negative,1,cedar,0.4673,ALAAGSCVV,0.8862,ALAAGSCVV,True,0.14080552509863917
ALAQERWRCLV,HLA-A0201,2.3931,0,9,2.5405,0.5759,8.1905,HLA-A*02:01,27198675,ALAQERWRC,AQERWRCLV,0,2,56.0,46.0,True,Conserved,0,ALAQERWLV,-10,ALAQERWRC,"1,2,3,4,6,7,8",2.4849066497880004,AQERWRCLV,0.19913599999999998,ALAQERWRCLV,ALAQERWRC,AQERWRCLV,Negative,11,9,9,9,9,11,"1,3,8",0.800864,1,1.791759469228055,substitution,0.0,3.4225481592912956,Negative,1,cedar,2.5237,AFAQERWRCLV,33.0,AFAQERWLV,True,0.10325037091092099
ALSPVIPHI,HLA-A0201,0.0077,1,9,0.0829,0.8412,0.0158,HLA-A*02:01,"30418433,27198675,27198675,27198675,27198675,27198675,27198675,27198675",ALSPVIPHI,ALSPVIPLI,0,0,4744.0,4736.0,False,Conserved,-3,ALSPVIPHI,-3,ALSPVIPHI,7,0.6931471805599453,ALSPVIPLI,0.064415,ALSPVIPHI,ALSPVIPHI,ALSPVIPLI,Positive,9,9,9,9,9,9,"1,3,8",0.935585,7,0.6931471805599453,substitution,0.625,2.051948051948052,"Positive_all,Positive_all,Positive_all,Positive_all,Positive_all,Negative,Negative,Negative",8,cedar,0.0077,ALSPVIPLI,0.0158,ALSPVIPLI,True,0.33728495792285496
AMQKRRLHLSV,HLA-A0201,3.4937,0,9,0.5203,0.4459,15.4711,HLA-A*02:01,31511069,AMQKRRLHL,AMQKRRLHRSV,0,0,374.0,364.0,True,Conserved,-2,AMQKRHLSV,-4,AMQKRRLHL,"4,5,6,7,8",2.772588722239781,AMQKLHRSV,0.06800799999999996,AMQKRRLHLSV,AMQKRRLHL,AMQKRRLHRSV,Negative,11,9,11,9,11,11,"1,3,8",0.931992,8,1.3862943611198906,substitution,0.0,4.428285199072616,Negative,1,cedar,7.6554,AMQKRRLHRSV,15.4711,AMQKLHRSV,True,0.09705206107152527
AMYLNYFRGL,HLA-A0201,5.4228,0,9,1.6241,0.2883,9.5592,HLA-A*02:01,31511069,YLNYFRGL,AMYLNYCRGL,2,0,266.0,257.0,True,Conserved,-2,AYLNYFRGL,-10,YLN-YFRGL,"0,1,2,3,5",1.0986122886681098,AMYNYCRGL,0.18748699999999996,AMYLNYFRGL,YLNYFRGL,AMYLNYCRGL,Negative,10,8,10,8,10,10,"1,3,8",0.812513,6,0.6931471805599453,substitution,0.0,1.7627793759681347,Negative,1,cedar,6.1562,AMYLNYCRGL,9.5592,AMYNYCRGL,True,0.17329685246376023
APAPPAPAF,HLA-B0702,0.0072,0,9,0.0648,0.7382,0.3308,HLA-B*07:02,31511069,APAPPAPAF,PPAPPAPAF,0,0,71.0,63.0,False,Conserved,-1,APAPPAPAF,-1,APAPPAPAF,0,1.3862943611198906,PPAPPAPAF,0.021658999999999984,APAPPAPAF,APAPPAPAF,PPAPPAPAF,Negative,9,9,9,9,9,9,"1,8",0.978341,0,1.3862943611198906,substitution,0.0,45.94444444444444,Negative,1,cedar,0.0072,PPAPPAPAF,0.3308,PPAPPAPAF,True,0.20714380604084423
APKKKSIKL,HLA-B0702,0.0112,0,9,0.1829,0.5514,0.834,HLA-B*07:02,30556813,APKKKSIKL,APKKKSIKS,0,0,765.0,757.0,True,Improved,-2,APKKKSIKL,-2,APKKKSIKL,8,0.6931471805599453,APKKKSIKS,0.019210999999999978,APKKKSIKL,APKKKSIKL,APKKKSIKS,Negative,9,9,9,9,9,9,"1,8",0.980789,8,0.6931471805599453,substitution,0.0,74.46428571428571,Negative,1,cedar,0.0112,APKKKSIKS,0.834,APKKKSIKS,True,0.13637154284395386
APLPQQFHLKI,HLA-B0702,0.0915,0,9,2.694,0.2479,0.0915,HLA-B*07:02,27198675,APLPQQFHL,APLPQQFHL,0,0,,,False,Conserved,-1,APLPQHLKI,4,APLPQQFHL,-1,,APLPQQFHL,0.0,APLPQQFHLKI,APLPQQFHL,APLPQQFHL,Negative,11,9,9,9,9,11,"1,8",1.0,10,1.0986122886681098,substitution,0.0,1.0,Negative,1,cedar,1.0763,APLPQQFHLKT,3.959,APLPQHLKT,True,0.10353651078775317
APPSAEYESL,HLA-B0702,0.6472,0,9,1.5192,0.1567,9.2796,HLA-B*07:02,27198675,APPSAEYESL,APPSAEYES,0,0,3324.0,3315.0,True,Improved,-2,APSAEYESL,-7,APSAEYESL,"2,3,4,5,6,7,8",2.4849066497880004,APPSAEYES,0.02941400000000005,APPSAEYESL,APPSAEYESL,APPSAEYES,Negative,10,10,9,10,9,10,"1,8",0.970586,9,0.6931471805599453,substitution,0.0,14.338071693448702,Negative,1,cedar,0.6472,APPSAEYESS,14.1446,APPSAYESS,True,0.09242313925598494
APPSAEYESLV,HLA-B0702,0.6472,0,9,5.6078,0.0945,1.5711,HLA-B*07:02,27198675,APPSAEYESL,APPSAEYESSV,0,0,3325.0,3315.0,True,Conserved,-2,APPEYESLV,-3,APSAEYESL,"2,3,4,5,6,8",2.4849066497880004,APAEYESSV,0.029363999999999946,APPSAEYESLV,APPSAEYESL,APPSAEYESSV,Negative,11,10,11,10,11,11,"1,8",0.970636,9,0.6931471805599453,substitution,0.0,2.4275339925834363,Negative,1,cedar,4.2047,APPSAEYESSV,1.5711,APAEYESSV,True,0.07183623099534599
AQGTGVLGSK,HLA-A1101,0.838,0,9,1.3973,0.3974,1.292,HLA-A*11:01,"34270940,34270940",AQGTGVLGSK,AQGTEVLGSK,0,0,305.0,296.0,False,Conserved,-2,AQGTGVLSK,-2,AQGTGVLSK,4,0.6931471805599453,AQGTEVLSK,0.07623899999999995,AQGTGVLGSK,AQGTGVLGSK,AQGTEVLGSK,Negative,10,10,10,10,10,10,"0,1,8",0.923761,4,0.6931471805599453,substitution,0.0,1.541766109785203,"Negative,Negative",2,cedar,0.838,AQGTEVLGSK,1.292,AQGTEVLSK,True,0.11948822775393511
ARLQFSCYSSL,HLA-C0702,2.1649,1,9,0.3049,0.5836,4.3553,HLA-C*07:02,32226429,ARLQFSCY,LQFSCYSSL,0,2,199.0,189.0,True,Conserved,-2,ARLQFSSSL,-8,ARL-QFSCY,"0,1,2,3,4,5,7,8",2.3978952727983707,LQFSCYSSL,0.21927600000000003,ARLQFSCYSSL,ARLQFSCY,LQFSCYSSL,Positive,11,8,9,8,9,11,"1,8",0.780724,1,1.791759469228055,substitution,1.0,2.011778835050118,Positive_all,1,cedar,4.9394,AGLQFSCYSSL,34.6667,AQFSCYSSL,True,0.08162469688463468
ATKNNKVIMA,HLA-A3001,0.4641,0,9,0.7094,0.5466,0.186,HLA-A*30:01,29895573,ATKNNKVIM,ATKNIKVIM,0,0,294.0,285.0,False,Conserved,-3,ATKNKVIMA,-3,ATKNNKVIM,4,0.6931471805599453,ATKNIKVIM,0.091136,ATKNNKVIMA,ATKNNKVIM,ATKNIKVIM,Negative,10,9,9,9,9,10,"0,1,2,8",0.908864,4,0.6931471805599453,substitution,0.0,0.4007756948933419,Negative,1,cedar,0.8688,ATKNIKVIMA,0.693,ATKNKVIMA,True,0.1561972251698086
ATKPAQNALEK,HLA-A1101,0.0919,0,9,0.5057,0.5819,0.1319,HLA-A*11:01,31511069,ATKPAQNALEK,ATKPARNALEK,0,0,1256.0,1246.0,False,Conserved,1,ATKPAQLEK,-1,ATKPAQLEK,5,-1.0,ATKPAALEK,0.043543,ATKPAQNALEK,ATKPAQNALEK,ATKPARNALEK,Negative,11,11,11,11,11,11,"0,1,8",0.956457,5,0.6931471805599453,substitution,0.0,1.4352557127312295,Negative,1,cedar,0.0919,ATKPARNALEK,0.1319,ATKPAALEK,True,0.08411546170012087
ATPSLHTSV,HLA-A6802,0.3541,0,9,0.0615,0.5487,30.0345,HLA-A*68:02,30556813,ATPSLHTSV,ATPSLHTS,0,0,1985.0,1977.0,True,Improved,-3,ATPSLHTSV,-15,ATPSLHTSV,"2,3,4,5,6,7,8",2.3978952727983707,AT-PSLHTS,0.045236000000000054,ATPSLHTSV,ATPSLHTSV,ATPSLHTS,Negative,9,9,8,9,8,9,"0,1,8",0.954764,8,0.6931471805599453,substitution,0.0,84.81926009601807,Negative,1,cedar,0.3541,ATPSLHTSD,40.6364,ATPSLHTSD,True,0.10899236539064927
AVMGAGSSGTA,HLA-B0702,6.9897,0,9,8.915,0.295,10.1965,HLA-B*07:02,27198675,AVMGAGSSGTA,AVMGAGGSG,0,0,80.0,70.0,True,Conserved,0,AVMGAGSTA,0,AVMGAGSSA,"6,8",1.791759469228055,AVMGAGGSG,0.07592600000000005,AVMGAGSSGTA,AVMGAGSSGTA,AVMGAGGSG,Negative,11,11,9,11,9,11,"1,8",0.924074,6,0.6931471805599453,substitution,0.0,1.4587893614890481,Negative,1,cedar,6.9897,AVMGAGGSGTA,12.1544,AVMGAGGSA,True,0.08689126285490952
AYNVTRMVSM,HLA-C1203,0.501,0,9,0.2453,0.6527,2.0715,HLA-C*12:03,"31351799,31351799",YNVTRMVSM,AYDVTRMV,1,0,644.0,635.0,True,Improved,1,AYNVTRVSM,-17,YNVTRMVSM,"0,1,2,3,4,5,6,7,8",,-AYDVTRMV,0.16464299999999998,AYNVTRMVSM,YNVTRMVSM,AYDVTRMV,Negative,10,9,8,9,8,10,"1,8",0.835357,2,0.6931471805599453,substitution,0.0,4.134730538922155,"Negative,Negative",2,cedar,15.4762,AYDVTRMVSM,14.74,AYDVTRMVM,True,0.12375536890028489
CLLSYELSNI,HLA-A0201,1.0588,0,9,0.86,0.6666,0.1072,HLA-A*02:01,31511069,LLSYELSNI,LLSDELSNI,1,1,80.0,71.0,True,Conserved,-3,CLLSELSNI,-3,LLSYELSNI,3,0.6931471805599453,LLSDELSNI,0.10369499999999998,CLLSYELSNI,LLSYELSNI,LLSDELSNI,Negative,10,9,9,9,9,10,"1,3,8",0.896305,4,0.6931471805599453,substitution,0.0,0.10124669437098603,Negative,1,cedar,4.9813,CLLSDELSNI,1.886,CLLDELSNI,True,0.11322891757167107
CLTGQRFTV,HLA-A0201,2.074,0,9,0.9359,0.73,0.289,HLA-A*02:01,31511069,CLTGQRFTV,SLTGQRFTV,0,0,189.0,181.0,False,Conserved,-1,CLTGQRFTV,-1,CLTGQRFTV,0,1.3862943611198906,SLTGQRFTV,0.030247000000000024,CLTGQRFTV,CLTGQRFTV,SLTGQRFTV,Negative,9,9,9,9,9,9,"1,3,8",0.969753,0,1.3862943611198906,substitution,0.0,0.13934426229508196,Negative,1,cedar,2.074,SLTGQRFTV,0.289,SLTGQRFTV,True,0.09315450254605305
CLYGDVTLENL,HLA-A0201,2.0268,0,9,2.6779,0.5666,5.0916,HLA-A*02:01,31511069,CLYGDVTLENL,CLYRDVTL,0,0,48.0,38.0,True,Conserved,-2,CLYGDVTNL,-12,CLYGDVTLL,"3,4,5,6,7",,CLY-RDVTL,0.17275399999999996,CLYGDVTLENL,CLYGDVTLENL,CLYRDVTL,Negative,11,11,8,11,8,11,"1,3,8",0.827246,3,1.791759469228055,substitution,0.0,2.512137359384251,Negative,1,cedar,2.0268,CLYRDVTLENL,6.8451,CLYRDVTLL,True,0.15543084074992744
CTDELLGAA,HLA-A0101,1.9141,0,9,0.4844,0.3557,2.0795,HLA-A*01:01,32314731,CTDELLGAA,CTDQLFGAA,0,0,265.0,257.0,False,Conserved,2,CTDELLGAA,2,CTDELLGAA,"3,5",2.0794415416798357,CTDQLFGAA,0.09505600000000003,CTDELLGAA,CTDELLGAA,CTDQLFGAA,Negative,9,9,9,9,9,9,"1,2,8",0.904944,"3,5",2.0794415416798357,substitution,0.0,1.0864113682670706,Negative,1,cedar,1.9141,CTDQLFGAA,2.0795,CTDQLFGAA,True,0.11215362435327944
CVRVSGQGL,HLA-B0702,1.384,1,9,0.7508,0.4434,0.1385,HLA-B*07:02,"26901407,26901407",CVRVSGQGL,RVRVSGQGL,0,0,2030.0,2022.0,False,Conserved,-3,CVRVSGQGL,-3,CVRVSGQGL,0,0.6931471805599453,RVRVSGQGL,0.03832599999999997,CVRVSGQGL,CVRVSGQGL,RVRVSGQGL,Positive,9,9,9,9,9,9,"1,8",0.961674,0,0.6931471805599453,substitution,1.0,0.10007225433526014,"Positive_all,Positive_all",2,cedar,1.384,RVRVSGQGL,0.1385,RVRVSGQGL,True,0.09781421352856659
CYMEAVALV,HLA-C1403,0.3103,0,9,0.0881,0.6598,0.3381,HLA-C*14:03,24323902,CYMEAVAL,CYMEALAL,0,0,28.0,20.0,False,Conserved,1,CYMEAVALV,1,CYMEA-VAL,6,1.791759469228055,CYMEA-LAL,0.039258000000000015,CYMEAVALV,CYMEAVAL,CYMEALAL,Negative,9,8,8,8,8,9,"1,8",0.960742,5,1.791759469228055,substitution,0.0,1.0895907186593619,Negative,1,cedar,1.1634,CYMEALALV,1.4706,CYMEALALV,True,0.17106874149370174
DFATPSLHTSV,HLA-A6802,0.3541,0,9,3.9208,0.3156,2.4632,HLA-A*68:02,30556813,ATPSLHTSV,FATPSLHTS,2,1,1985.0,1975.0,True,Improved,-3,DTPSLHTSV,-12,ATPSLHTSV,"0,1,2,3,4,5,6,7,8",3.091042453358316,FATPSLHTS,0.07947000000000004,DFATPSLHTSV,ATPSLHTSV,FATPSLHTS,Negative,11,9,9,9,9,11,"0,1,8",0.92053,10,0.6931471805599453,substitution,0.0,6.956227054504377,Negative,1,cedar,1.3312,DFATPSLHTSD,59.6429,DTPSLHTSD,True,0.06171733581169178
DLSYTWNIPV,HLA-A0201,3.9378,0,9,0.1759,0.6282,7.8006,HLA-A*02:01,27198675,LSYTWNIPV,LGYTWNIPV,1,1,583.0,574.0,True,Conserved,0,DSYTWNIPV,0,LSYTWNIPV,1,0.6931471805599453,LGYTWNIPV,0.04766899999999996,DLSYTWNIPV,LSYTWNIPV,LGYTWNIPV,Negative,10,9,9,9,9,10,"1,3,8",0.952331,2,0.6931471805599453,substitution,0.0,1.9809538320889837,Negative,1,cedar,9.6861,DLGYTWNIPV,9.7844,DLYTWNIPV,True,0.15521074953041347
DPEEVLVTV,HLA-B5101,0.0772,0,9,0.346,0.3009,0.1553,HLA-B*51:01,30556813,DPEEVLVTV,DPEEVSVTV,0,0,992.0,984.0,False,Conserved,-2,DPEEVLVTV,-2,DPEEVLVTV,5,0.6931471805599453,DPEEVSVTV,0.06884800000000002,DPEEVLVTV,DPEEVLVTV,DPEEVSVTV,Negative,9,9,9,9,9,9,"1,8",0.931152,5,0.6931471805599453,substitution,0.0,2.0116580310880825,Negative,1,cedar,0.0772,DPEEVSVTV,0.1553,DPEEVSVTV,True,0.3303063572212808
DVIQQDELDSY,HLA-A2501,0.1241,0,9,0.1766,0.4481,0.6425,HLA-A*25:01,29895573,DVIQQDELDSY,DVLQQDELDSY,0,0,254.0,244.0,False,Improved,2,DVIDELDSY,2,DVIDELDSY,2,1.3862943611198906,DVLDELDSY,0.01518699999999995,DVIQQDELDSY,DVIQQDELDSY,DVLQQDELDSY,Negative,11,11,11,11,11,11,"0,1,8",0.984813,2,1.3862943611198906,substitution,0.0,5.177276390008058,Negative,1,cedar,0.1241,DVLQQDELDSY,0.6425,DVLDELDSY,True,0.24861708625497445
EEADFLLAY,HLA-B1801,0.0015,0,9,0.007,0.8463,0.0015,HLA-B*18:01,30556813,EEADFLLAY,EEADFPLAY,0,0,97.0,89.0,False,Conserved,-3,EEADFLLAY,-3,EEADFLLAY,5,1.3862943611198906,EEADFPLAY,0.10694000000000004,EEADFLLAY,EEADFLLAY,EEADFPLAY,Negative,9,9,9,9,9,9,"1,8",0.89306,5,1.3862943611198906,substitution,0.0,1.0,Negative,1,cedar,0.0015,EEADFPLAY,0.0015,EEADFPLAY,True,0.44468821131400904
EHLSCPDNFL,HLA-B3801,0.0486,0,9,0.067,0.488,0.0149,HLA-B*38:01,29895573,EHLSCPDNF,EHLSYPDNF,0,0,187.0,178.0,False,Conserved,-2,EHLSPDNFL,-2,EHLSCPDNF,4,0.6931471805599453,EHLSYPDNF,0.14862399999999998,EHLSCPDNFL,EHLSCPDNF,EHLSYPDNF,Negative,10,9,9,9,9,10,"1,8",0.851376,4,0.6931471805599453,substitution,0.0,0.3065843621399177,Negative,1,cedar,0.0979,EHLSYPDNFL,0.0645,EHLSPDNFL,True,0.18961116266237268
EPKPLFPKL,HLA-B0702,0.2561,0,9,1.5629,0.325,3.2314,HLA-B*07:02,27198675,EPKPLFPKL,EPKPLFPKP,0,0,196.0,188.0,True,Improved,-3,EPKPLFPKL,-3,EPKPLFPKL,8,1.3862943611198906,EPKPLFPKP,0.03452900000000003,EPKPLFPKL,EPKPLFPKL,EPKPLFPKP,Negative,9,9,9,9,9,9,"1,8",0.965471,8,1.3862943611198906,substitution,0.0,12.61772745021476,Negative,1,cedar,0.2561,EPKPLFPKP,3.2314,EPKPLFPKP,True,0.18581234752077183
EPKPLFPKLAF,HLA-B0702,0.0235,0,9,2.665,0.2494,0.0211,HLA-B*07:02,27198675,KPLFPKLAF,KPLFPKPAF,2,2,198.0,188.0,False,Conserved,-3,EPKPPKLAF,-3,KPLFPKLAF,6,1.3862943611198906,KPLFPKPAF,0.09174099999999996,EPKPLFPKLAF,KPLFPKLAF,KPLFPKPAF,Negative,11,9,9,9,9,11,"1,8",0.908259,8,1.3862943611198906,substitution,0.0,0.897872340425532,Negative,1,cedar,0.5336,EPKPLFPKPAF,0.6246,EPKPPKPAF,True,0.09703230088054646
EPKPLFPKLAF,HLA-B3501,0.1853,0,9,2.665,0.2494,0.1887,HLA-B*35:01,27198675,KPLFPKLAF,KPLFPKPAF,2,2,198.0,188.0,False,Conserved,-3,EPKPPKLAF,-3,KPLFPKLAF,6,1.3862943611198906,KPLFPKPAF,0.09174099999999996,EPKPLFPKLAF,KPLFPKLAF,KPLFPKPAF,Negative,11,9,9,9,9,11,"1,8",0.908259,8,1.3862943611198906,substitution,0.0,1.0183486238532111,Negative,1,cedar,0.6786,EPKPLFPKPAF,0.9286,EPKPLFPAF,True,0.0926994498274946
FATPSLHTSV,HLA-A6802,0.3541,0,9,0.1685,0.4281,2.4632,HLA-A*68:02,30556813,ATPSLHTSV,FATPSLHTS,1,0,1985.0,1976.0,True,Improved,-3,FAPSLHTSV,-12,ATPSLHTSV,"0,1,2,3,4,5,6,7,8",3.091042453358316,FATPSLHTS,0.07947000000000004,FATPSLHTSV,ATPSLHTSV,FATPSLHTS,Negative,10,9,9,9,9,10,"0,1,8",0.92053,9,0.6931471805599453,substitution,0.0,6.956227054504377,Negative,1,cedar,0.5588,FATPSLHTSD,38.9286,FTPSLHTSD,True,0.08290165728030673
FEAEFTQVA,HLA-B1801,0.1704,0,9,0.1989,0.4264,11.2544,HLA-B*18:01,33479501,FEAEFTQVA,FGAEFTQVA,0,0,677.0,669.0,True,Improved,-2,FEAEFTQVA,-2,FEAEFTQVA,1,0.6931471805599453,FGAEFTQVA,0.05705899999999997,FEAEFTQVA,FEAEFTQVA,FGAEFTQVA,Negative,9,9,9,9,9,9,"1,8",0.942941,1,0.6931471805599453,substitution,0.0,66.04694835680752,Negative,1,cedar,0.1704,FGAEFTQVA,11.2544,FGAEFTQVA,True,0.198938650009564
FHLKGHEDL,HLA-B3901,0.0257,0,9,0.0249,0.6594,3.007,HLA-B*39:01,"34244308,34244308",FHLKGHEDL,FLLKGHEDL,0,0,2192.0,2184.0,True,Improved,-3,FHLKGHEDL,-3,FHLKGHEDL,1,0.6931471805599453,FLLKGHEDL,0.06886899999999996,FHLKGHEDL,FHLKGHEDL,FLLKGHEDL,Negative,9,9,9,9,9,9,"1,8",0.931131,1,0.6931471805599453,substitution,0.0,117.00389105058366,"Negative,Negative",2,cedar,0.0257,FLLKGHEDL,3.007,FLLKGHEDL,True,0.3863913682087416
FLDREQRESY,HLA-A0101,0.0538,0,9,0.0837,0.5776,0.0796,HLA-A*01:01,33479501,FLDREQRESY,SLDREQRESY,0,0,578.0,569.0,False,Conserved,-2,FLDREQESY,-2,FLDREQESY,0,0.6931471805599453,SLDREQESY,0.018322999999999978,FLDREQRESY,FLDREQRESY,SLDREQRESY,Negative,10,10,10,10,10,10,"1,2,8",0.981677,0,0.6931471805599453,substitution,0.0,1.479553903345725,Negative,1,cedar,0.0538,SLDREQRESY,0.0796,SLDREQESY,True,0.27400717910246253
FLEIYTVTV,HLA-A0201,0.1075,1,9,0.1018,0.8941,0.0823,HLA-A*02:01,30418433,FLEIYTVTV,FLGIYTVTV,0,0,39.0,31.0,False,Conserved,-2,FLEIYTVTV,-2,FLEIYTVTV,2,0.6931471805599453,FLGIYTVTV,0.07281899999999997,FLEIYTVTV,FLEIYTVTV,FLGIYTVTV,Positive,9,9,9,9,9,9,"1,3,8",0.927181,2,0.6931471805599453,substitution,1.0,0.7655813953488372,Positive_all,1,cedar,0.1075,FLGIYTVTV,0.0823,FLGIYTVTV,True,0.4767912286560244
FLFYPLDFT,HLA-A0201,1.0885,1,9,0.2156,0.7867,13.8445,HLA-A*02:01,"33329543,33329543",FLFYPLDFT,FFFYPLDFT,0,0,121.0,113.0,True,Improved,0,FLFYPLDFT,0,FLFYPLDFT,1,1.791759469228055,FFFYPLDFT,0.04161899999999996,FLFYPLDFT,FLFYPLDFT,FFFYPLDFT,Positive,9,9,9,9,9,9,"1,3,8",0.958381,1,1.791759469228055,substitution,0.5,12.718879191548002,"Positive_all,Negative",2,cedar,1.0885,FFFYPLDFT,13.8445,FFFYPLDFT,True,0.4817046546686391
FLGYIPKAWII,HLA-A0201,0.7531,0,9,0.4714,0.4679,0.7531,HLA-A*02:01,31511069,FLGYIPKA,FLGYIPKA,0,0,243.0,233.0,False,Conserved,-2,FYIPKAWII,4,FL-GYIPKA,-1,,FL-GYIPKA,0.0,FLGYIPKAWII,FLGYIPKA,FLGYIPKA,Negative,11,8,8,8,8,11,"1,3,8",1.0,10,0.6931471805599453,substitution,0.0,1.0,Negative,1,cedar,2.4715,FLGYIPKAWIS,7.5568,FLIPKAWIS,True,0.16387630372825226
FLHKGLSKPV,HLA-A0201,0.579,0,9,0.0084,0.9186,0.085,HLA-A*02:01,31511069,FLHKGLSKPV,FLHEGLSKPV,0,0,105.0,96.0,True,Conserved,1,FLHKGLSKV,1,FLHKGLSKV,3,0.6931471805599453,FLHEGLSKV,0.04546799999999995,FLHKGLSKPV,FLHKGLSKPV,FLHEGLSKPV,Negative,10,10,10,10,10,10,"1,3,8",0.954532,3,0.6931471805599453,substitution,0.0,0.14680483592400692,Negative,1,cedar,0.579,FLHEGLSKPV,0.085,FLHEGLSKV,True,0.08873544363194671
FLSGGGPFSNL,HLA-A0201,0.4215,0,9,0.3711,0.7509,1.0848,HLA-A*02:01,31511069,FLSGGGPFSNL,SLSGGGPFSNL,0,0,229.0,219.0,False,Conserved,-2,FLSGGGPFL,-2,FLSGGGPFL,0,0.6931471805599453,SLSGGGPFL,0.014724999999999988,FLSGGGPFSNL,FLSGGGPFSNL,SLSGGGPFSNL,Negative,11,11,11,11,11,11,"1,3,8",0.985275,0,0.6931471805599453,substitution,0.0,2.5736654804270462,Negative,1,cedar,0.4215,SLSGGGPFSNL,1.0848,SLSGGGPFL,True,0.16622035830733325
FLVYGVRPGM,HLA-B1501,2.5933,0,9,1.0841,0.7119,2.9133,HLA-B*15:01,"27198675,27198675",LVYGVRPGM,LVHGVRPGM,1,1,30.0,21.0,False,Conserved,2,FLYGVRPGM,2,LVYGVRPGM,2,0.6931471805599453,LVHGVRPGM,0.065917,FLVYGVRPGM,LVYGVRPGM,LVHGVRPGM,Negative,10,9,9,9,9,10,"1,8",0.934083,3,0.6931471805599453,substitution,0.0,1.123394902248101,"Negative,Negative",2,cedar,7.0109,FLVHGVRPGM,6.48,FLVHGVRPM,True,0.2066901251824102
FLVYGVRPGM,HLA-A0201,2.3343,0,9,1.0841,0.7119,1.3465,HLA-A*02:01,"27198675,27198675,27198675,27198675",FLVYGVRPGM,FLVHGVRPGM,0,0,30.0,21.0,True,Conserved,2,FLYGVRPGM,2,FLVYGVPGM,3,0.6931471805599453,FLVHGVPGM,0.06317499999999998,FLVYGVRPGM,FLVYGVRPGM,FLVHGVRPGM,Negative,10,10,10,10,10,10,"1,3,8",0.936825,3,0.6931471805599453,substitution,0.0,0.5768324551257337,"Negative,Negative,Negative,Negative",4,cedar,2.3343,FLVHGVRPGM,1.3465,FLVHGVPGM,True,0.14512515754358934
FLWRKTSKYM,HLA-A0201,2.1418,0,9,0.515,0.7951,17.6194,HLA-A*02:01,33479501,FLWRKTSKYM,FSWRKTSKY,0,0,246.0,237.0,True,Conserved,-2,FLWRKTSYM,-5,FLWRKTSYM,"1,7,8",0.6931471805599453,FSWRKTSKY,0.07747599999999999,FLWRKTSKYM,FLWRKTSKYM,FSWRKTSKY,Negative,10,10,9,10,9,10,"1,3,8",0.922524,1,0.6931471805599453,substitution,0.0,8.226445046222803,Negative,1,cedar,2.1418,FSWRKTSKYM,23.2909,FSWRKTSYM,True,0.0980958526123696
FLYFRDRLGDI,HLA-A0201,3.4436,0,9,0.973,0.6531,3.4436,HLA-A*02:01,27198675,FLYFRDRL,FLYFRDRL,0,0,554.0,544.0,False,Conserved,-1,FLYDRLGDI,4,FLY-FRDRL,-1,,FLY-FRDRL,0.0,FLYFRDRLGDI,FLYFRDRL,FLYFRDRL,Negative,11,8,8,8,8,11,"1,3,8",1.0,10,1.0986122886681098,substitution,0.0,1.0,Negative,1,cedar,6.4171,FLYFRDRLGDT,12.3269,FLYDRLGDT,True,0.17551451665205942
FMQQGCDIL,HLA-A0201,1.5012,0,9,0.4597,0.733,15.3067,HLA-A*02:01,27198675,FMQQGCDIL,FMQQGCDIS,0,0,606.0,598.0,True,Improved,-2,FMQQGCDIL,-2,FMQQGCDIL,8,0.6931471805599453,FMQQGCDIS,0.026548000000000016,FMQQGCDIL,FMQQGCDIL,FMQQGCDIS,Negative,9,9,9,9,9,9,"1,3,8",0.973452,8,0.6931471805599453,substitution,0.0,10.196309618971489,Negative,1,cedar,1.5012,FMQQGCDIS,15.3067,FMQQGCDIS,True,0.15371800967421378
FPQGLPNEY,HLA-B3501,0.0029,1,9,0.012,0.862,0.0034,HLA-B*35:01,33479501,FPQGLPNEY,FPQGLPDEY,0,0,293.0,285.0,False,Conserved,1,FPQGLPNEY,1,FPQGLPNEY,6,0.6931471805599453,FPQGLPDEY,0.057644999999999946,FPQGLPNEY,FPQGLPNEY,FPQGLPDEY,Positive,9,9,9,9,9,9,"1,8",0.942355,6,0.6931471805599453,substitution,1.0,1.1724137931034484,Positive_all,1,cedar,0.0029,FPQGLPDEY,0.0034,FPQGLPDEY,True,0.33222014359416935
FPRKSAFSL,HLA-B0702,0.0064,0,9,0.0073,0.882,0.0037,HLA-B*07:02,31511069,FPRKSAFSL,FPRKSTFSL,0,0,1033.0,1025.0,False,Conserved,0,FPRKSAFSL,0,FPRKSAFSL,5,1.3862943611198906,FPRKSTFSL,0.05328699999999997,FPRKSAFSL,FPRKSAFSL,FPRKSTFSL,Negative,9,9,9,9,9,9,"1,8",0.946713,5,1.3862943611198906,substitution,0.0,0.578125,Negative,1,cedar,0.0064,FPRKSTFSL,0.0037,FPRKSTFSL,True,0.191974766668236
FPYPGMTNQ,HLA-B5101,1.2614,0,9,0.7894,0.3702,4.7476,HLA-B*51:01,30556813,FPYPGMTN,CPYPGMTNQ,0,0,718.0,710.0,False,Improved,-2,FPYPGMTNQ,-8,FPYPGMTN-,"0,8",,CPYPGMTNQ,0.111869,FPYPGMTNQ,FPYPGMTN,CPYPGMTNQ,Negative,9,8,9,8,9,9,"1,8",0.888131,0,0.6931471805599453,substitution,0.0,3.7637545584271446,Negative,1,cedar,1.6201,CPYPGMTNQ,4.7476,CPYPGMTNQ,True,0.19226166366573683
FQDDDQTRL,HLA-B3901,0.0834,0,9,0.0366,0.6061,0.4109,HLA-B*39:01,24323902,FQDDDQTRL,FQDDDQTRV,0,0,232.0,224.0,True,Conserved,1,FQDDDQTRL,1,FQDDDQTRL,8,1.791759469228055,FQDDDQTRV,0.010734000000000021,FQDDDQTRL,FQDDDQTRL,FQDDDQTRV,Negative,9,9,9,9,9,9,"1,8",0.989266,8,1.791759469228055,substitution,0.0,4.9268585131894485,Negative,1,cedar,0.0834,FQDDDQTRV,0.4109,FQDDDQTRV,True,0.25694566065475044
FRFFTRKSL,HLA-B2705,0.227,0,9,0.0106,0.6763,0.1539,HLA-B*27:05,34518289,FRFFTRKSL,FRFFTRESL,0,0,22.0,14.0,False,Conserved,1,FRFFTRKSL,1,FRFFTRKSL,6,0.6931471805599453,FRFFTRESL,0.04233100000000001,FRFFTRKSL,FRFFTRKSL,FRFFTRESL,Negative,9,9,9,9,9,9,"1,8",0.957669,6,0.6931471805599453,substitution,0.0,0.6779735682819383,Negative,1,cedar,0.227,FRFFTRESL,0.1539,FRFFTRESL,True,0.17638029416280876
FRYYRVSILL,HLA-C0702,0.0586,1,9,0.0156,0.6465,0.0343,HLA-C*07:02,32226429,FRYYRVSIL,FRIYAVSTL,0,0,28.0,19.0,True,Conserved,-3,FRYYRVILL,-3,FRYYRVSIL,"2,4,7",1.0986122886681098,FRIYAVSTL,0.15579500000000002,FRYYRVSILL,FRYYRVSIL,FRIYAVSTL,Positive,10,9,9,9,9,10,"1,8",0.844205,"2,4,7",1.0986122886681098,substitution,1.0,0.5853242320819112,Positive_all,1,cedar,1.1733,FRIYAVSTLL,0.9361,FRYAVSTLL,True,0.2244532557951392
FVIGYDPPSA,HLA-A0201,1.4373,0,9,0.4511,0.6743,4.416,HLA-A*02:01,31511069,FVIGYDPPSA,VIGYDPPSA,0,1,129.0,120.0,True,Improved,0,FVIGDPPSA,-8,FVIGYPPSA,"0,1,2,3,4",1.9459101490553132,VIGYDPPSA,0.04003800000000002,FVIGYDPPSA,FVIGYDPPSA,VIGYDPPSA,Negative,10,10,9,10,9,10,"1,3,8",0.959962,0,1.791759469228055,substitution,0.0,3.0724274681694848,Negative,1,cedar,1.4373,LVIGYDPPSA,4.6509,LVIGYPPSA,True,0.1949817526442969
FWLFWGLTY,HLA-A2402,2.665,0,9,0.0265,0.7998,1.3108,HLA-A*24:02,27198675,FWLFWGLTY,FWLSWGLTY,0,0,184.0,176.0,False,Conserved,-2,FWLFWGLTY,-2,FWLFWGLTY,3,0.6931471805599453,FWLSWGLTY,0.10518000000000005,FWLFWGLTY,FWLFWGLTY,FWLSWGLTY,Negative,9,9,9,9,9,9,"1,8",0.89482,3,0.6931471805599453,substitution,0.0,0.4918574108818011,Negative,1,cedar,2.665,FWLSWGLTY,1.3108,FWLSWGLTY,True,0.5054118451313092
FWLFWGLTYI,HLA-A2402,2.665,0,9,0.0324,0.8752,1.3108,HLA-A*24:02,27198675,FWLFWGLTY,FWLSWGLTY,0,0,185.0,176.0,False,Conserved,-2,FLFWGLTYI,-2,FWLFWGLTY,3,0.6931471805599453,FWLSWGLTY,0.10518000000000005,FWLFWGLTYI,FWLFWGLTY,FWLSWGLTY,Negative,10,9,9,9,9,10,"1,8",0.89482,3,0.6931471805599453,substitution,0.0,0.4918574108818011,Negative,1,cedar,4.0142,FWLSWGLTYI,2.3179,FWLSWGLTI,True,0.5220390501954333
FWLFWGLTYI,HLA-A0201,0.3158,0,9,0.0324,0.8752,0.5715,HLA-A*02:01,27198675,WLFWGLTYI,WLSWGLTYI,1,1,185.0,176.0,False,Conserved,-2,FLFWGLTYI,-2,WLFWGLTYI,2,0.6931471805599453,WLSWGLTYI,0.09152300000000002,FWLFWGLTYI,WLFWGLTYI,WLSWGLTYI,Negative,10,9,9,9,9,10,"1,3,8",0.908477,3,0.6931471805599453,substitution,0.0,1.8096896770107662,Negative,1,cedar,0.6774,FWLSWGLTYI,1.25,FLSWGLTYI,True,0.5752203674262446
FYPGMLQRR,HLA-A2402,2.308,0,9,0.8457,0.4358,7.9377,HLA-A*24:02,27198675,FYPGMLQRR,FHPGMLQRR,0,0,260.0,252.0,True,Conserved,2,FYPGMLQRR,2,FYPGMLQRR,1,0.6931471805599453,FHPGMLQRR,0.05080499999999999,FYPGMLQRR,FYPGMLQRR,FHPGMLQRR,Negative,9,9,9,9,9,9,"1,8",0.949195,1,0.6931471805599453,substitution,0.0,3.4392114384748704,Negative,1,cedar,2.308,FHPGMLQRR,7.9377,FHPGMLQRR,True,0.1269875646608787
GLAMAGSLV,HLA-A0201,2.0938,0,9,0.2812,0.7703,2.2578,HLA-A*02:01,27198675,GLAMAGSLV,GLAMAGSPV,0,0,156.0,148.0,False,Conserved,-3,GLAMAGSLV,-3,GLAMAGSLV,7,1.3862943611198906,GLAMAGSPV,0.05798499999999995,GLAMAGSLV,GLAMAGSLV,GLAMAGSPV,Negative,9,9,9,9,9,9,"1,3,8",0.942015,7,1.3862943611198906,substitution,0.0,1.0783264877256664,Negative,1,cedar,2.0938,GLAMAGSPV,2.2578,GLAMAGSPV,True,0.11315124735642226
GLAMAGSLVF,HLA-A2402,2.2992,0,9,0.0407,0.7639,2.1132,HLA-A*24:02,27198675,LAMAGSLVF,LAMAGSPVF,1,1,157.0,148.0,False,Conserved,-3,GLMAGSLVF,-3,LAMAGSLVF,6,1.3862943611198906,LAMAGSPVF,0.08187599999999995,GLAMAGSLVF,LAMAGSLVF,LAMAGSPVF,Negative,10,9,9,9,9,10,"1,8",0.918124,7,1.3862943611198906,substitution,0.0,0.9191022964509394,Negative,1,cedar,5.3695,GLAMAGSPVF,5.8567,GLMAGSPVF,True,0.12828954080077246
GLAPGLPSV,HLA-A0201,0.0023,0,9,0.0078,0.9241,2.1608,HLA-A*02:01,"33262196,33262196",GLAPGLPSV,GLAPGLPSG,0,0,41.0,33.0,True,Improved,-3,GLAPGLPSV,-3,GLAPGLPSV,8,1.3862943611198906,GLAPGLPSG,0.03042199999999995,GLAPGLPSV,GLAPGLPSV,GLAPGLPSG,Negative,9,9,9,9,9,9,"1,3,8",0.969578,8,1.3862943611198906,substitution,0.0,939.4782608695652,"Negative,Negative",2,cedar,0.0023,GLAPGLPSG,2.1608,GLAPGLPSG,True,0.22607420143361223
GLFGCLFECGI,HLA-A0201,1.2188,0,9,0.4686,0.6787,1.2188,HLA-A*02:01,31511069,GLFGCLFEC,GLFGCLFEC,0,0,390.0,380.0,False,Conserved,-1,GLFGCLFEI,9,GLFGCLFEC,-1,,GLFGCLFEC,0.0,GLFGCLFECGI,GLFGCLFEC,GLFGCLFEC,Negative,11,9,9,9,9,11,"1,3,8",1.0,10,1.0986122886681098,substitution,0.0,1.0,Negative,1,cedar,2.4678,GLFGCLFECGT,6.3418,GLFGCLFET,True,0.2373189809475198
GLKQFSFPR,HLA-A1101,2.1262,0,9,0.0596,0.783,22.0,HLA-A*11:01,"34270940,34270940",GLKQFSFPR,GLKQFSFPL,0,0,194.0,186.0,True,Conserved,-2,GLKQFSFPR,-2,GLKQFSFPR,8,1.3862943611198906,GLKQFSFPL,0.029471000000000025,GLKQFSFPR,GLKQFSFPR,GLKQFSFPL,Negative,9,9,9,9,9,9,"0,1,8",0.970529,8,1.3862943611198906,substitution,0.0,10.347098109302982,"Negative,Negative",2,cedar,2.1262,GLKQFSFPL,22.0,GLKQFSFPL,True,0.06877776628955895
GLNVPVQSNK,HLA-A0301,0.0782,0,9,0.1939,0.641,1.0782,HLA-A*03:01,"30556813,30556813",GLNVPVQSNK,RNVPVQSNK,0,1,226.0,217.0,True,Improved,-2,GLNPVQSNK,-8,GLNPVQSNK,"0,1,2",1.791759469228055,RNVPVQSNK,0.058181999999999956,GLNVPVQSNK,GLNVPVQSNK,RNVPVQSNK,Negative,10,10,9,10,9,10,"0,1,8",0.941818,1,1.3862943611198906,substitution,0.0,13.78772378516624,"Negative,Negative",2,cedar,0.0782,GRNVPVQSNK,3.9933,GNVPVQSNK,True,0.1335828605706821
GPLDRKSRDL,HLA-B0702,0.3891,0,9,0.9976,0.3963,0.7116,HLA-B*07:02,27198675,GPLDRKSRDL,GPLDRESRDL,0,0,504.0,495.0,True,Conserved,1,GPLDRKSRL,-3,GPLDRKSRL,"5,6,7",1.791759469228055,GPLDRSRDL,0.045771000000000006,GPLDRKSRDL,GPLDRKSRDL,GPLDRESRDL,Negative,10,10,10,10,10,10,"1,8",0.954229,5,0.6931471805599453,substitution,0.0,1.8288357748650732,Negative,1,cedar,0.3891,GPLDRESRDL,0.7116,GPLDRSRDL,True,0.08964205273411886
GSLHSGTAK,HLA-A1101,0.1043,0,9,0.1814,0.6857,3.6146,HLA-A*11:01,"34244308,34244308",GSLHSGTAK,GFLHSGTAK,0,0,120.0,112.0,True,Improved,-2,GSLHSGTAK,-2,GSLHSGTAK,1,0.6931471805599453,GFLHSGTAK,0.056625999999999954,GSLHSGTAK,GSLHSGTAK,GFLHSGTAK,Negative,9,9,9,9,9,9,"0,1,8",0.943374,1,0.6931471805599453,substitution,0.0,34.65580057526366,"Negative,Negative",2,cedar,0.1043,GFLHSGTAK,3.6146,GFLHSGTAK,True,0.08894110634800476
HELMTLHGF,HLA-B1801,0.0411,0,9,0.0218,0.7049,0.249,HLA-B*18:01,31243155,HELMTLHGF,HELMTLDGF,0,0,316.0,308.0,False,Conserved,-1,HELMTLHGF,-1,HELMTLHGF,6,0.6931471805599453,HELMTLDGF,0.08236500000000002,HELMTLHGF,HELMTLHGF,HELMTLDGF,Negative,9,9,9,9,9,9,"1,8",0.917635,6,0.6931471805599453,substitution,0.0,6.0583941605839415,Negative,1,cedar,0.0411,HELMTLDGF,0.249,HELMTLDGF,True,0.4643265015008366
HELMTLHGFM,HLA-B1801,0.0411,0,9,0.3392,0.5686,0.249,HLA-B*18:01,31243155,HELMTLHGF,HELMTLDGF,0,0,317.0,308.0,False,Conserved,-1,HELMTLHGM,-1,HELMTLHGF,6,0.6931471805599453,HELMTLDGF,0.08236500000000002,HELMTLHGFM,HELMTLHGF,HELMTLDGF,Negative,10,9,9,9,9,10,"1,8",0.917635,6,0.6931471805599453,substitution,0.0,6.0583941605839415,Negative,1,cedar,2.1693,HELMTLDGFM,4.4916,HEMTLDGFM,True,0.25867442137721636
HIYEGQITAL,HLA-A0201,0.242,0,9,1.1234,0.6363,2.9299,HLA-A*02:01,31511069,HIYEGQITA,DIYEGQITA,0,0,523.0,514.0,False,Improved,-1,HIYEGITAL,-1,HIYEGQITA,0,0.6931471805599453,DIYEGQITA,0.03306100000000001,HIYEGQITAL,HIYEGQITA,DIYEGQITA,Negative,10,9,9,9,9,10,"1,3,8",0.966939,0,0.6931471805599453,substitution,0.0,12.10702479338843,Negative,1,cedar,0.4618,DIYEGQITAL,4.3097,DIYEGQITL,True,0.15108351170626666
HIYIGIHMCV,HLA-A0201,3.1718,0,9,0.3713,0.5547,3.6497,HLA-A*02:01,27198675,HIYIGIHMCV,HIYIGIHICV,0,0,,,True,Conserved,1,HIYIGIHMV,-15,HIYIGIHMV,"3,4,5,6,7",-1.0,HIYGIHICV,0.034970999999999974,HIYIGIHMCV,HIYIGIHMCV,HIYIGIHICV,Negative,10,10,10,10,10,10,"1,3,8",0.965029,7,1.0986122886681098,substitution,0.0,1.1506715429724446,Negative,1,cedar,3.1718,HIYIGIHICV,3.6497,HIYGIHICV,True,0.38291731420749153
HLRAWFVSL,HLA-B0801,0.0844,0,9,0.0283,0.7157,0.0382,HLA-B*08:01,33479501,HLRAWFVSL,HPRAWFVSL,0,0,658.0,650.0,True,Conserved,-3,HLRAWFVSL,-3,HLRAWFVSL,1,1.3862943611198906,HPRAWFVSL,0.07697500000000002,HLRAWFVSL,HLRAWFVSL,HPRAWFVSL,Negative,9,9,9,9,9,9,"1,4,8",0.923025,1,1.3862943611198906,substitution,0.0,0.45260663507109,Negative,1,cedar,0.0844,HPRAWFVSL,0.0382,HPRAWFVSL,True,0.2917763736919097
HLYDIPGSTY,HLA-A0301,0.3278,0,9,0.0925,0.7235,0.3418,HLA-A*03:01,31511069,HLYDIPGSTY,HLYDTPGSTY,0,0,548.0,539.0,False,Conserved,-1,HLYDPGSTY,-1,HLYDIPSTY,4,1.0986122886681098,HLYDTPSTY,0.06458600000000003,HLYDIPGSTY,HLYDIPGSTY,HLYDTPGSTY,Negative,10,10,10,10,10,10,"0,1,8",0.935414,4,1.0986122886681098,substitution,0.0,1.0427089688834656,Negative,1,cedar,0.3278,HLYDTPGSTY,0.3418,HLYDTPSTY,True,0.18748644982202914
HPAPPAPPPA,HLA-B5601,0.0073,0,9,0.0241,0.5998,0.0083,HLA-B*56:01,33479501,HPAPPAPPPA,LPAPPAPPPA,0,0,537.0,528.0,False,Conserved,-3,HPAPPPPPA,-3,HPAPPPPPA,0,0.6931471805599453,LPAPPPPPA,0.017789999999999973,HPAPPAPPPA,HPAPPAPPPA,LPAPPAPPPA,Negative,10,10,10,10,10,10,"1,8",0.98221,0,0.6931471805599453,substitution,0.0,1.1369863013698631,Negative,1,cedar,0.0073,LPAPPAPPPA,0.0083,LPAPPPPPA,True,0.34200317974448313
HSCVMASLR,HLA-A6801,0.8403,1,9,0.2208,0.5987,2.4522,HLA-A*68:01,"28678784,28678784,28678784",HSCVMASLR,HPCVMASLR,0,0,553.0,545.0,True,Conserved,-1,HSCVMASLR,-1,HSCVMASLR,1,1.3862943611198906,HPCVMASLR,0.054790000000000005,HSCVMASLR,HSCVMASLR,HPCVMASLR,Positive,9,9,9,9,9,9,"0,1,8",0.94521,1,1.3862943611198906,substitution,1.0,2.918243484469832,"Positive_all,Positive_all,Positive_all",3,cedar,0.8403,HPCVMASLR,2.4522,HPCVMASLR,True,0.12483352983803504
IASPIKELL,HLA-C1202,0.0786,0,9,0.285,0.6014,0.5288,HLA-C*12:02,"31351799,31351799",IASPIKELL,IASAIKELL,0,0,142.0,134.0,False,Improved,-1,IASPIKELL,-1,IASPIKELL,3,1.3862943611198906,IASAIKELL,0.073596,IASPIKELL,IASPIKELL,IASAIKELL,Negative,9,9,9,9,9,9,"1,8",0.926404,3,1.3862943611198906,substitution,0.0,6.727735368956743,"Negative,Negative",2,cedar,0.0786,IASAIKELL,0.5288,IASAIKELL,True,0.21966220391142835
IIGSVSKEK,HLA-A0301,0.4133,0,9,0.6167,0.5109,31.1,HLA-A*03:01,33479501,IIGSVSKEK,IIGSVSKEE,0,0,216.0,208.0,True,Improved,1,IIGSVSKEK,1,IIGSVSKEK,8,0.6931471805599453,IIGSVSKEE,0.014287999999999967,IIGSVSKEK,IIGSVSKEK,IIGSVSKEE,Negative,9,9,9,9,9,9,"0,1,8",0.985712,8,0.6931471805599453,substitution,0.0,75.24800387127995,Negative,1,cedar,0.4133,IIGSVSKEE,31.1,IIGSVSKEE,True,0.10583897713711629
ILCSIQGVK,HLA-A1101,2.523,0,9,0.4821,0.5456,1.1055,HLA-A*11:01,"34270940,34270940",ILCSIQGVK,ILCSIQGFK,0,0,975.0,967.0,False,Conserved,-1,ILCSIQGVK,-1,ILCSIQGVK,7,0.6931471805599453,ILCSIQGFK,0.047792999999999974,ILCSIQGVK,ILCSIQGVK,ILCSIQGFK,Negative,9,9,9,9,9,9,"0,1,8",0.952207,7,0.6931471805599453,substitution,0.0,0.4381688466111771,"Negative,Negative",2,cedar,2.523,ILCSIQGFK,1.1055,ILCSIQGFK,True,0.15414188629374448
ILFEEANGRL,HLA-A0201,0.4464,0,9,0.6106,0.706,20.9195,HLA-A*02:01,33479501,ILFEEANGRL,IPFEEANGRL,0,0,592.0,583.0,True,Improved,-3,ILFEEANRL,-3,ILFEEANRL,1,1.3862943611198906,IPFEEANRL,0.04928900000000003,ILFEEANGRL,ILFEEANGRL,IPFEEANGRL,Negative,10,10,10,10,10,10,"1,3,8",0.950711,1,1.3862943611198906,substitution,0.0,46.86267921146953,Negative,1,cedar,0.4464,IPFEEANGRL,20.9195,IPFEEANRL,True,0.13961576222588415
ILSPSAHEL,HLA-A0201,0.0237,1,9,0.0823,0.8344,0.0368,HLA-A*02:01,31685621,ILSPSAHEL,ILPPSAHEL,0,0,106.0,98.0,False,Conserved,-1,ILSPSAHEL,-1,ILSPSAHEL,2,1.3862943611198906,ILPPSAHEL,0.06781899999999996,ILSPSAHEL,ILSPSAHEL,ILPPSAHEL,Positive,9,9,9,9,9,9,"1,3,8",0.932181,2,1.3862943611198906,substitution,1.0,1.5527426160337554,Positive_all,1,cedar,0.0237,ILPPSAHEL,0.0368,ILPPSAHEL,True,0.16428241229351054
ILTSSDGGEPV,HLA-A0201,1.5602,0,9,2.1317,0.5516,1.5602,HLA-A*02:01,31511069,ILTSSDGGEPV,ILTASDGGEPV,0,0,221.0,211.0,False,Conserved,1,ILSDGGEPV,4,ILSDGGEPV,-1,,ILSDGGEPV,0.022772000000000014,ILTSSDGGEPV,ILTSSDGGEPV,ILTASDGGEPV,Negative,11,11,11,11,11,11,"1,3,8",0.977228,3,1.3862943611198906,substitution,0.0,1.0,Negative,1,cedar,1.5602,ILTASDGGEPV,1.5602,ILSDGGEPV,True,0.05460665898656426
IMPNFPPQA,HLA-A0201,0.2028,0,9,0.6959,0.4622,8.1245,HLA-A*02:01,31511069,IMPNFPPQA,IMPNFPPQG,0,0,640.0,632.0,True,Improved,0,IMPNFPPQA,0,IMPNFPPQA,8,1.3862943611198906,IMPNFPPQG,0.021321999999999952,IMPNFPPQA,IMPNFPPQA,IMPNFPPQG,Negative,9,9,9,9,9,9,"1,3,8",0.978678,8,1.3862943611198906,substitution,0.0,40.06163708086785,Negative,1,cedar,0.2028,IMPNFPPQG,8.1245,IMPNFPPQG,True,0.2560595961472941
IMQTLAGELY,HLA-A2902,0.4219,1,9,0.1415,0.6948,0.1602,HLA-A*29:02,27312342,MQTLAGELY,MQTPAGELY,1,1,774.0,765.0,False,Conserved,-3,IMQTAGELY,-3,MQTLAGELY,3,1.3862943611198906,MQTPAGELY,0.10342300000000004,IMQTLAGELY,MQTLAGELY,MQTPAGELY,Positive,10,9,9,9,9,10,"1,8",0.896577,4,1.3862943611198906,substitution,1.0,0.37971083195069927,Positive_all,1,cedar,0.4473,IMQTPAGELY,0.2025,IMQPAGELY,True,0.14547197212935814
IMSKELWPV,HLA-A0201,0.1763,0,9,0.0107,0.949,0.3024,HLA-A*02:01,31511069,IMSKELWPV,IISKELWPV,0,0,1874.0,1866.0,True,Conserved,1,IMSKELWPV,1,IMSKELWPV,1,1.0986122886681098,IISKELWPV,0.030132999999999965,IMSKELWPV,IMSKELWPV,IISKELWPV,Negative,9,9,9,9,9,9,"1,3,8",0.969867,1,1.0986122886681098,substitution,0.0,1.715258082813386,Negative,1,cedar,0.1763,IISKELWPV,0.3024,IISKELWPV,True,0.20398133812529412
IPATGQAKEL,HLA-B0702,0.2571,0,9,0.353,0.2913,0.3265,HLA-B*07:02,27198675,IPATGQAKEL,IPATGQAEEL,0,0,1243.0,1234.0,False,Conserved,1,IPATGQAEL,4,IPATGQAEL,-1,,IPATGQAEL,0.032313999999999954,IPATGQAKEL,IPATGQAKEL,IPATGQAEEL,Negative,10,10,10,10,10,10,"1,8",0.967686,7,0.6931471805599453,substitution,0.0,1.2699338778685336,Negative,1,cedar,0.2571,IPATGQAEEL,0.3265,IPATGQAEL,True,0.08073107595069959
IRLYQFRLIVI,HLA-C0702,1.7845,1,9,1.3121,0.3189,2.4505,HLA-C*07:02,32226429,IRLYQFRLI,LYQFRLIVI,0,2,14.0,4.0,True,Conserved,-3,IYQFRLIVI,0,IRLYQFRLI,"0,1,2,3,4,5,6,7",3.1354942159291497,LYQFRLIVI,0.145652,IRLYQFRLIVI,IRLYQFRLI,LYQFRLIVI,Positive,11,9,9,9,9,11,"1,8",0.854348,1,0.6931471805599453,substitution,1.0,1.3732137853740543,Positive_all,1,cedar,20.3913,IWLYQFRLIVI,29.0,IYQFRLIVI,True,0.3692126364209072
ISLNNAVIEL,HLA-C1502,0.4937,1,9,0.5235,0.7209,0.0163,HLA-C*15:02,"29643231,29643231,29643231",SLNNAVIEL,SSNNAVIEL,1,1,598.0,589.0,True,Conserved,-2,ILNNAVIEL,-2,SLNNAVIEL,1,0.6931471805599453,SSNNAVIEL,0.04544400000000004,ISLNNAVIEL,SLNNAVIEL,SSNNAVIEL,Positive,10,9,9,9,9,10,"1,8",0.954556,2,0.6931471805599453,substitution,0.6666666666666666,0.033016001620417255,"Positive_all,Negative,Positive_all",3,cedar,1.8802,ISSNNAVIEL,1.7144,ISNNAVIEL,True,0.13779559057435758
ITAEIFMEK,HLA-A1101,0.0072,0,9,0.0144,0.827,0.0132,HLA-A*11:01,33208106,ITAEIFMEK,ITAETFMEK,0,0,60.0,52.0,False,Conserved,-1,ITAEIFMEK,-1,ITAEIFMEK,4,1.0986122886681098,ITAETFMEK,0.063801,ITAEIFMEK,ITAEIFMEK,ITAETFMEK,Negative,9,9,9,9,9,9,"0,1,8",0.936199,4,1.0986122886681098,substitution,0.0,1.8333333333333335,Negative,1,cedar,0.0072,ITAETFMEK,0.0132,ITAETFMEK,True,0.40951838851384825
KEIRAIFLF,HLA-A2402,1.2557,0,9,0.0115,0.7266,0.2714,HLA-A*24:02,"34270940,34270940",KEIRAIFLF,KQIRAIFLF,0,0,121.0,113.0,True,Conserved,2,KEIRAIFLF,2,KEIRAIFLF,1,0.6931471805599453,KQIRAIFLF,0.02525299999999997,KEIRAIFLF,KEIRAIFLF,KQIRAIFLF,Negative,9,9,9,9,9,9,"1,8",0.974747,1,0.6931471805599453,substitution,0.0,0.2161344270128215,"Negative,Negative",2,cedar,1.2557,KQIRAIFLF,0.2714,KQIRAIFLF,True,0.20827821173390115
KENSLIIQF,HLA-B1801,0.0585,1,9,0.019,0.7011,0.0621,HLA-B*18:01,32226429,KENSLIIQF,KENSLITQF,0,0,1172.0,1164.0,False,Conserved,-1,KENSLIIQF,-1,KENSLIIQF,6,1.0986122886681098,KENSLITQF,0.05012000000000005,KENSLIIQF,KENSLIIQF,KENSLITQF,Positive,9,9,9,9,9,9,"1,8",0.94988,6,1.0986122886681098,substitution,1.0,1.0615384615384615,Positive_all,1,cedar,0.0585,KENSLITQF,0.0621,KENSLITQF,True,0.2780510485937291
KFGDLTNNF,HLA-A2402,0.044,0,9,0.1496,0.6077,0.1306,HLA-A*24:02,33479501,KFGDLTNNF,KFGDLTDNF,0,0,342.0,334.0,False,Conserved,1,KFGDLTNNF,1,KFGDLTNNF,6,0.6931471805599453,KFGDLTDNF,0.053046999999999955,KFGDLTNNF,KFGDLTNNF,KFGDLTDNF,Negative,9,9,9,9,9,9,"1,8",0.946953,6,0.6931471805599453,substitution,0.0,2.9681818181818183,Negative,1,cedar,0.044,KFGDLTDNF,0.1306,KFGDLTDNF,True,0.29798090054583715
KIDLHKYVTV,HLA-A0201,2.2135,0,9,1.1208,0.2514,2.8001,HLA-A*02:01,31511069,KIDLHKYVTV,KIDLHKYLTV,0,0,1046.0,1037.0,False,Conserved,1,KIDHKYVTV,1,KIDHKYVTV,6,1.791759469228055,KIDHKYLTV,0.028258000000000005,KIDLHKYVTV,KIDLHKYVTV,KIDLHKYLTV,Negative,10,10,10,10,10,10,"1,3,8",0.971742,7,1.791759469228055,substitution,0.0,1.2650101648972216,Negative,1,cedar,2.2135,KIDLHKYLTV,2.8001,KIDHKYLTV,True,0.17868042689717645
KIIGSVSKEK,HLA-A0301,0.0416,0,9,0.1415,0.6675,0.8419,HLA-A*03:01,33479501,KIIGSVSKEK,KIIGSVSK,0,0,216.0,207.0,True,Improved,1,KIIGSVSKK,-10,KIIGSVSKK,"3,4,5,6,7",,KII-GSVSK,0.071415,KIIGSVSKEK,KIIGSVSKEK,KIIGSVSK,Negative,10,10,8,10,8,10,"0,1,8",0.928585,9,0.6931471805599453,substitution,0.0,20.23798076923077,Negative,1,cedar,0.0416,KIIGSVSKEE,11.9173,KIIGSVSKE,True,0.15937597345222507
KLKNPKRYQIM,HLA-B0702,1.4296,0,9,4.2618,0.3411,2.5181,HLA-B*07:02,27198675,NPKRYQIM,NPGRYQIM,3,3,131.0,121.0,False,Conserved,-2,KLKNPKRYM,-2,NPK-RYQIM,2,-1.0,NPG-RYQIM,0.09515099999999999,KLKNPKRYQIM,NPKRYQIM,NPGRYQIM,Negative,11,8,8,8,8,11,"1,8",0.904849,5,-1.0,substitution,0.0,1.7614017907106883,Negative,1,cedar,8.7431,KLKNPGRYQIM,5.9535,KLKNPGQIM,True,0.10895633407129483
KLLSGEMAIEL,HLA-A0201,0.094,0,9,0.4474,0.6839,0.5507,HLA-A*02:01,31511069,KLLSGEMAI,ILSGEMAIEL,0,1,337.0,327.0,True,Improved,2,KLLSGEIEL,-7,KLLSGEMAI,"0,2,3,4,5,6,7,8",2.6390573296152584,ILSEMAIEL,0.09579400000000005,KLLSGEMAIEL,KLLSGEMAI,ILSGEMAIEL,Negative,11,9,10,9,10,11,"1,3,8",0.904206,1,1.3862943611198906,substitution,0.0,5.858510638297872,Negative,1,cedar,0.1767,KILSGEMAIEL,1.3461,KILSGEIEL,True,0.14181659019662649
KLVEHFCPEF,HLA-A0201,3.5458,0,9,0.072,0.738,4.8474,HLA-A*02:01,31511069,KLVEHFCPEF,KLVEHFCAEF,0,0,170.0,161.0,False,Conserved,-1,KLVEHFPEF,-1,KLVEHFPEF,6,1.3862943611198906,KLVEHFAEF,0.06880900000000001,KLVEHFCPEF,KLVEHFCPEF,KLVEHFCAEF,Negative,10,10,10,10,10,10,"1,3,8",0.931191,7,1.3862943611198906,substitution,0.0,1.3670821817361387,Negative,1,cedar,3.5458,KLVEHFCAEF,4.8474,KLVEHFAEF,True,0.1684358694204876
KLYEEAGDVFL,HLA-A0201,0.0372,0,9,0.2074,0.7491,0.4779,HLA-A*02:01,31511069,KLYEEAGDVFL,KLYEEAGDV,0,0,1095.0,1085.0,True,Conserved,0,KLYEGDVFL,-9,KLYEGDVFL,"4,5,6,7,8",2.6390573296152584,KLYEEAGDV,0.06701500000000005,KLYEEAGDVFL,KLYEEAGDVFL,KLYEEAGDV,Negative,11,11,9,11,9,11,"1,3,8",0.932985,10,1.791759469228055,substitution,0.0,12.846774193548388,Negative,1,cedar,0.0372,KLYEEAGDVFF,0.887,KLYEGDVFF,True,0.3590868489001735
KLYGLDWAEL,HLA-A0201,0.2829,1,9,0.1323,0.7861,15.9956,HLA-A*02:01,"27198675,27198675,27198675,27198675,27198675,27198675",KLYGLDWAEL,KPYGLDWAEL,0,0,1276.0,1267.0,True,Improved,-3,KLYGLDWEL,-3,KLYGLDWEL,1,1.3862943611198906,KPYGLDWEL,0.056725000000000025,KLYGLDWAEL,KLYGLDWAEL,KPYGLDWAEL,Positive,10,10,10,10,10,10,"1,3,8",0.943275,1,1.3862943611198906,substitution,0.6666666666666666,56.54153411099328,"Positive_all,Positive_all,Positive_all,Positive_all,Negative,Negative",6,cedar,0.2829,KPYGLDWAEL,15.9956,KPYGLDWEL,True,0.18880733967323393
KMANDIRFL,HLA-A0201,0.2843,0,9,0.18,0.7965,0.989,HLA-A*02:01,31511069,KMANDIRFL,KIANDIRFL,0,0,302.0,294.0,True,Conserved,1,KMANDIRFL,1,KMANDIRFL,1,1.0986122886681098,KIANDIRFL,0.03017599999999998,KMANDIRFL,KMANDIRFL,KIANDIRFL,Negative,9,9,9,9,9,9,"1,3,8",0.969824,1,1.0986122886681098,substitution,0.0,3.478719662328526,Negative,1,cedar,0.2843,KIANDIRFL,0.989,KIANDIRFL,True,0.23209212244497357
KNRSSGTVSA,HLA-A3001,1.2106,0,9,0.3178,0.6263,3.9324,HLA-A*30:01,29895573,KNRSSGTVSA,KNHSSGTVSA,0,0,428.0,419.0,True,Improved,0,KNRSSTVSA,0,KNRSSTVSA,2,0.6931471805599453,KNHSSTVSA,0.051615999999999995,KNRSSGTVSA,KNRSSGTVSA,KNHSSGTVSA,Negative,10,10,10,10,10,10,"0,1,2,8",0.948384,2,0.6931471805599453,substitution,0.0,3.248306624814142,Negative,1,cedar,1.2106,KNHSSGTVSA,3.9324,KNHSSTVSA,True,0.057166352830842544
KPASKQLHNEV,HLA-B0702,0.434,0,9,0.7571,0.4421,0.4872,HLA-B*07:02,31511069,KPASKQLHNEV,KPASKQFHNEV,0,0,28.0,18.0,False,Conserved,0,KPASKHNEV,4,KPASKHNEV,-1,,KPASKHNEV,0.04591900000000004,KPASKQLHNEV,KPASKQLHNEV,KPASKQFHNEV,Negative,11,11,11,11,11,11,"1,8",0.954081,6,1.791759469228055,substitution,0.0,1.1225806451612903,Negative,1,cedar,0.434,KPASKQFHNEV,0.4872,KPASKHNEV,True,0.07246741673553807
KPSPLAPAA,HLA-B0702,0.2156,0,9,0.029,0.5893,0.0684,HLA-B*07:02,33479501,KPSPLAPAA,KPSPPAPAA,0,0,499.0,491.0,False,Conserved,-3,KPSPLAPAA,-3,KPSPLAPAA,4,1.3862943611198906,KPSPPAPAA,0.09046699999999996,KPSPLAPAA,KPSPLAPAA,KPSPPAPAA,Negative,9,9,9,9,9,9,"1,8",0.909533,4,1.3862943611198906,substitution,0.0,0.3172541743970315,Negative,1,cedar,0.2156,KPSPPAPAA,0.0684,KPSPPAPAA,True,0.09214998386213474
KPSPLAPAAL,HLA-B0702,0.0165,0,9,0.0369,0.7696,0.0093,HLA-B*07:02,33479501,KPSPLAPAAL,KPSPPAPAAL,0,0,500.0,491.0,False,Conserved,-3,KPSPAPAAL,-1,KPSPAPAAL,4,1.3862943611198906,KPSPPPAAL,0.07807900000000001,KPSPLAPAAL,KPSPLAPAAL,KPSPPAPAAL,Negative,10,10,10,10,10,10,"1,8",0.921921,4,1.3862943611198906,substitution,0.0,0.5636363636363636,Negative,1,cedar,0.0165,KPSPPAPAAL,0.0093,KPSPPPAAL,True,0.1660207585827247
KSKIPRPVL,HLA-B0702,0.5243,0,9,0.0703,0.7365,11.4018,HLA-B*07:02,27198675,KSKIPRPVL,KSKIPRPVS,0,0,1058.0,1050.0,True,Improved,-2,KSKIPRPVL,-2,KSKIPRPVL,8,0.6931471805599453,KSKIPRPVS,0.02494300000000005,KSKIPRPVL,KSKIPRPVL,KSKIPRPVS,Negative,9,9,9,9,9,9,"1,8",0.975057,8,0.6931471805599453,substitution,0.0,21.746709898912837,Negative,1,cedar,0.5243,KSKIPRPVS,11.4018,KSKIPRPVS,True,0.17247288548754044
KVINLSPFK,HLA-A0301,0.0187,0,9,0.0098,0.8427,6.5161,HLA-A*03:01,34518289,KVINLSPFK,KVINLSPFE,0,0,1296.0,1288.0,True,Improved,1,KVINLSPFK,1,KVINLSPFK,8,0.6931471805599453,KVINLSPFE,0.017630000000000035,KVINLSPFK,KVINLSPFK,KVINLSPFE,Negative,9,9,9,9,9,9,"0,1,8",0.98237,8,0.6931471805599453,substitution,0.0,348.45454545454544,Negative,1,cedar,0.0187,KVINLSPFE,6.5161,KVINLSPFE,True,0.27977531367118874
KYPRKGHVV,HLA-A2402,0.2382,0,9,0.5457,0.4449,3.0761,HLA-A*24:02,"34270940,34270940",KYPRKGHVV,KYPRKGHV,0,0,542.0,534.0,True,Improved,-2,KYPRKGHVV,-6,KYPRKGHVV,7,,KYPRKGH-V,0.05341700000000005,KYPRKGHVV,KYPRKGHVV,KYPRKGHV,Negative,9,9,8,9,8,9,"1,8",0.946583,8,0.6931471805599453,substitution,0.0,12.91393786733837,"Negative,Negative",2,cedar,0.2382,KYPRKGHVE,6.6175,KYPRKGHVE,True,0.19503332962440925
LAMAGSLVF,HLA-B0702,2.0774,0,9,0.011,0.868,1.6491,HLA-B*07:02,27198675,LAMAGSLVF,LAMAGSPVF,0,0,157.0,149.0,False,Conserved,-3,LAMAGSLVF,-3,LAMAGSLVF,6,1.3862943611198906,LAMAGSPVF,0.08187599999999995,LAMAGSLVF,LAMAGSLVF,LAMAGSPVF,Negative,9,9,9,9,9,9,"1,8",0.918124,6,1.3862943611198906,substitution,0.0,0.7938288244921536,Negative,1,cedar,2.0774,LAMAGSPVF,1.6491,LAMAGSPVF,True,0.2180666700654927
LAMAGSLVF,HLA-A2402,2.2992,0,9,0.011,0.868,2.1132,HLA-A*24:02,27198675,LAMAGSLVF,LAMAGSPVF,0,0,157.0,149.0,False,Conserved,-3,LAMAGSLVF,-3,LAMAGSLVF,6,1.3862943611198906,LAMAGSPVF,0.08187599999999995,LAMAGSLVF,LAMAGSLVF,LAMAGSPVF,Negative,9,9,9,9,9,9,"1,8",0.918124,6,1.3862943611198906,substitution,0.0,0.9191022964509394,Negative,1,cedar,2.2992,LAMAGSPVF,2.1132,LAMAGSPVF,True,0.20234776269961294
LFYALGIVF,HLA-A2402,0.6277,0,9,0.303,0.6272,0.3851,HLA-A*24:02,27198675,FYALGIVF,SYALGIVF,1,1,266.0,258.0,True,Conserved,-2,LFYALGIVF,-2,FYALGIV-F,0,0.6931471805599453,SYALGIV-F,0.041049,LFYALGIVF,FYALGIVF,SYALGIVF,Negative,9,8,8,8,8,9,"1,8",0.958951,1,0.6931471805599453,substitution,0.0,0.6135096383622749,Negative,1,cedar,0.637,LSYALGIVF,3.6432,LSYALGIVF,True,0.3429783178695901
LGSLHSGTAK,HLA-A1101,0.1043,0,9,0.9097,0.5142,2.9353,HLA-A*11:01,"34244308,34244308",GSLHSGTAK,LGFLHSGTAK,1,0,120.0,111.0,True,Improved,-2,LSLHSGTAK,-4,GSLHSGTAK,"0,1,2",2.0794415416798357,LGFHSGTAK,0.08612200000000003,LGSLHSGTAK,GSLHSGTAK,LGFLHSGTAK,Negative,10,9,10,9,10,10,"0,1,8",0.913878,2,0.6931471805599453,substitution,0.0,28.14285714285714,"Negative,Negative",2,cedar,1.3332,LGFLHSGTAK,2.9353,LGFHSGTAK,True,0.06415570099553684
LLASYDEISV,HLA-A0201,0.6644,0,9,0.1052,0.8235,10.1427,HLA-A*02:01,31511069,LLASYDEISV,LLASYDEI,0,0,385.0,376.0,True,Improved,-3,LLASDEISV,-4,LLASDEISV,"4,5,6,7,8",1.791759469228055,LLASYD-EI,0.075955,LLASYDEISV,LLASYDEISV,LLASYDEI,Negative,10,10,8,10,8,10,"1,3,8",0.924045,9,1.3862943611198906,substitution,0.0,15.265954244431065,Negative,1,cedar,0.6644,LLASYDEISG,30.2727,LLASDEISG,True,0.12950018322493634
LLCRRSRAAL,HLA-B0801,1.6141,0,9,0.4955,0.5087,3.4957,HLA-B*08:01,33479501,LCRRSRAAL,LLCRRSRAA,1,0,722.0,713.0,True,Conserved,-2,LLRRSRAAL,-8,LCRRSRAAL,"1,2,4,5,6,8",2.6390573296152584,LLCRRSRAA,0.07344700000000004,LLCRRSRAAL,LCRRSRAAL,LLCRRSRAA,Negative,10,9,9,9,9,10,"1,4,8",0.926553,9,0.6931471805599453,substitution,0.0,2.1657270305433367,Negative,1,cedar,2.4187,LLCRRSRAAS,38.5833,LLRRSRAAS,True,0.09877469259412973
LLDDECAFYT,HLA-A0201,4.6309,0,9,0.4617,0.3623,3.1319,HLA-A*02:01,31511069,LLDDECAFY,RLDDECAFYT,0,0,536.0,527.0,True,Conserved,-2,LLDDECAFY,-3,LLDDECAFY,"0,5,6,7,8",1.791759469228055,RLDDEAFYT,0.06600399999999995,LLDDECAFY,LLDDECAFY,RLDDECAFYT,Negative,10,9,10,9,10,10,"1,3,8",0.933996,0,1.3862943611198906,substitution,0.0,0.676304821956855,Negative,1,cedar,4.7203,RLDDECAFYT,3.1319,RLDDEAFYT,True,0.17114667309876955
LLFGYSFAT,HLA-A0201,0.7101,1,9,0.0835,0.8996,4.9825,HLA-A*02:01,"35193931,35193931",LLFGYSFAT,LLFGYSFA,0,0,356.0,348.0,True,Improved,-1,LLFGYSFAT,-6,LLFGYSFAT,"7,8",0.0,LLFGYSF-A,0.047070999999999974,LLFGYSFAT,LLFGYSFAT,LLFGYSFA,Positive,9,9,8,9,8,9,"1,3,8",0.952929,8,0.6931471805599453,substitution,0.5,7.016617377834108,"Positive_all,Negative",2,cedar,0.7101,LLFGYSFAK,5.4046,LLFGYSFAK,True,0.24888315396249464
LLGPNSFEV,HLA-A0201,0.0336,1,9,0.0281,0.9306,0.4383,HLA-A*02:01,"34696226,34696226,34696226,34696226,34696226,34696226,34696226,34696226,34696226,34696226,34696226,34696226",LLGPNSFEV,LLGRNSFEV,0,0,272.0,264.0,True,Conserved,-2,LLGPNSFEV,-2,LLGPNSFEV,3,1.3862943611198906,LLGRNSFEV,0.10828099999999996,LLGPNSFEV,LLGPNSFEV,LLGRNSFEV,Positive,9,9,9,9,9,9,"1,3,8",0.891719,3,1.3862943611198906,substitution,0.5,13.04464285714286,"Positive_all,Negative,Positive_all,Negative,Positive_all,Positive_all,Positive_all,Negative,Negative,Negative,Positive_all,Negative",12,cedar,0.0336,LLGRNSFEV,0.4383,LLGRNSFEV,True,0.20791743394431905
LLIQKFTDV,HLA-A0201,0.3094,0,9,0.0757,0.8448,0.1163,HLA-A*02:01,31511069,LLIQKFTDV,LLIQKLTDV,0,0,1045.0,1037.0,False,Conserved,0,LLIQKFTDV,0,LLIQKFTDV,5,1.791759469228055,LLIQKLTDV,0.056220999999999965,LLIQKFTDV,LLIQKFTDV,LLIQKLTDV,Negative,9,9,9,9,9,9,"1,3,8",0.943779,5,1.791759469228055,substitution,0.0,0.37588881706528765,Negative,1,cedar,0.3094,LLIQKLTDV,0.1163,LLIQKLTDV,True,0.2046124507305491
LLLCGVQAV,HLA-A0210,0.4448,0,9,0.0343,0.9259,0.7285,HLA-A*02:10,33208106,LLLCGVQAV,LLLCGVLAV,0,0,714.0,706.0,False,Conserved,-2,LLLCGVQAV,-2,LLLCGVQAV,6,0.6931471805599453,LLLCGVLAV,0.06706999999999996,LLLCGVQAV,LLLCGVQAV,LLLCGVLAV,Negative,9,9,9,9,9,9,"1,3,8",0.93293,6,0.6931471805599453,substitution,0.0,1.6378147482014391,Negative,1,cedar,0.4448,LLLCGVLAV,0.7285,LLLCGVLAV,True,0.23432644969326732
LLYPHSLSS,HLA-A0201,0.8557,0,9,0.6551,0.6962,1.4044,HLA-A*02:01,27198675,LLYPHSLSS,LLYPHGLSS,0,0,475.0,467.0,False,Conserved,0,LLYPHSLSS,0,LLYPHSLSS,5,0.6931471805599453,LLYPHGLSS,0.06948600000000005,LLYPHSLSS,LLYPHSLSS,LLYPHGLSS,Negative,9,9,9,9,9,9,"1,3,8",0.930514,5,0.6931471805599453,substitution,0.0,1.641229402828094,Negative,1,cedar,0.8557,LLYPHGLSS,1.4044,LLYPHGLSS,True,0.10878540955312292
LMFWASSSI,HLA-A0201,1.9625,1,9,0.0093,0.4924,2.5049,HLA-A*02:01,30418433,LMFWASSSI,LMLWASSSI,0,0,284.0,276.0,False,Conserved,0,LMFWASSSI,0,LMFWASSSI,2,1.791759469228055,LMLWASSSI,0.04919399999999996,LMFWASSSI,LMFWASSSI,LMLWASSSI,Positive,9,9,9,9,9,9,"1,3,8",0.950806,2,1.791759469228055,substitution,1.0,1.2763821656050958,Positive_all,1,cedar,1.9625,LMLWASSSI,2.5049,LMLWASSSI,True,0.11297615496488062
LMMEHPSLQAI,HLA-A0201,0.5334,0,9,0.676,0.3192,0.5532,HLA-A*02:01,31511069,LMMEHPSLQA,LMMEHPGLQA,0,0,595.0,585.0,False,Conserved,0,LEHPSLQAI,4,LMMEHPLQA,-1,,LMMEHPLQA,0.058479999999999976,LMMEHPSLQAI,LMMEHPSLQA,LMMEHPGLQA,Negative,11,10,10,10,10,11,"1,3,8",0.94152,6,0.6931471805599453,substitution,0.0,1.0371203599550056,Negative,1,cedar,1.4401,LMMEHPGLQAI,0.944,LMMEGLQAI,True,0.09253941062743805
LMVPHSPSL,HLA-A0201,0.0619,1,9,0.2941,0.7669,0.5552,HLA-A*02:01,30418433,LMVPHSPSL,LMVLHSPSL,0,0,35.0,27.0,True,Improved,-3,LMVPHSPSL,-3,LMVPHSPSL,3,1.3862943611198906,LMVLHSPSL,0.10223199999999999,LMVPHSPSL,LMVPHSPSL,LMVLHSPSL,Positive,9,9,9,9,9,9,"1,3,8",0.897768,3,1.3862943611198906,substitution,1.0,8.969305331179322,Positive_all,1,cedar,0.0619,LMVLHSPSL,0.5552,LMVLHSPSL,True,0.22818242371358333
LPALKIWEEL,HLA-B0702,0.8357,0,9,0.2055,0.3494,0.2277,HLA-B*07:02,31511069,LPALKIWEEL,LPALKIREEL,0,0,637.0,628.0,True,Conserved,-3,LPALKIEEL,-8,LPALKIEEL,"3,4,5",0.6931471805599453,LPAKIREEL,0.10459399999999996,LPALKIWEEL,LPALKIWEEL,LPALKIREEL,Negative,10,10,10,10,10,10,"1,8",0.895406,6,0.6931471805599453,substitution,0.0,0.2724661960033505,Negative,1,cedar,0.8357,LPALKIREEL,0.2277,LPAKIREEL,True,0.15198575190242633
LPGEKGHPGL,HLA-B0702,0.3233,0,9,0.3922,0.5416,2.6523,HLA-B*07:02,27198675,LPGEKGHPGL,LPGEKGHPG,0,0,615.0,606.0,True,Improved,-3,LPGEKGHPL,-4,LPGEKGHPL,8,-1.0,LPGEKGHPG,0.039920999999999984,LPGEKGHPGL,LPGEKGHPGL,LPGEKGHPG,Negative,10,10,9,10,9,10,"1,8",0.960079,9,1.3862943611198906,substitution,0.0,8.203835446953294,Negative,1,cedar,0.3233,LPGEKGHPGP,5.9601,LPGEKGHPP,True,0.13891154490671126
LPQQFHLKIL,HLA-B0702,0.3785,0,9,0.336,0.5624,0.2536,HLA-B*07:02,27198675,LPQQFHLKI,LPQQFHLKTL,0,0,,,True,Conserved,-1,LPQQHLKIL,-5,LPQQFHLKI,"4,5,6,7,8",2.0794415416798357,LPQQHLKTL,0.04876400000000003,LPQQFHLKIL,LPQQFHLKI,LPQQFHLKTL,Negative,10,9,10,9,10,10,"1,8",0.951236,8,1.0986122886681098,substitution,0.0,0.6700132100396301,Negative,1,cedar,0.5517,LPQQFHLKTL,0.2536,LPQQHLKTL,True,0.2340741801333191
LPRAKKLIL,HLA-B0801,0.0167,1,9,0.044,0.6897,0.0357,HLA-B*08:01,"31685621,31685621,31685621",LPRAKKLIL,LPRAKELIL,0,0,291.0,283.0,False,Conserved,1,LPRAKKLIL,1,LPRAKKLIL,5,0.6931471805599453,LPRAKELIL,0.04696800000000001,LPRAKKLIL,LPRAKKLIL,LPRAKELIL,Positive,9,9,9,9,9,9,"1,4,8",0.953032,5,0.6931471805599453,substitution,1.0,2.137724550898204,"Positive_all,Positive_all,Positive_all",3,cedar,0.0167,LPRAKELIL,0.0357,LPRAKELIL,True,0.3135591926775726
LQFEYTFEI,HLA-A0210,0.0422,0,9,0.0064,0.7019,0.0226,HLA-A*02:10,33208106,LQFEYTFEI,LQFEYPFEI,0,0,113.0,105.0,False,Conserved,-1,LQFEYTFEI,-1,LQFEYTFEI,5,1.3862943611198906,LQFEYPFEI,0.09073200000000003,LQFEYTFEI,LQFEYTFEI,LQFEYPFEI,Negative,9,9,9,9,9,9,"1,3,8",0.909268,5,1.3862943611198906,substitution,0.0,0.5355450236966824,Negative,1,cedar,0.0422,LQFEYPFEI,0.0226,LQFEYPFEI,True,0.3109754116708164
LQTIKDIASPI,HLA-B5201,2.6924,1,9,1.2657,0.2077,1.135,HLA-B*52:01,"31351799,31351799",TIKDIASPI,TIKDIASAI,2,2,138.0,128.0,False,Conserved,-1,LQKDIASPI,-1,TIKDIASPI,7,1.3862943611198906,TIKDIASAI,0.046972000000000014,LQTIKDIASPI,TIKDIASPI,TIKDIASAI,Positive,11,9,9,9,9,11,"1,8",0.953028,9,1.3862943611198906,substitution,0.5,0.42155697518942203,"Negative,Positive_all",2,cedar,7.0457,LQTIKDIASAI,3.6822,LQKDIASAI,True,0.0972979777558048
LRLNHPAQL,HLA-B2705,0.1512,0,9,0.0465,0.5651,0.0761,HLA-B*27:05,33479501,LRLNHPAQL,LRLNPPAQL,0,0,201.0,193.0,False,Conserved,-2,LRLNHPAQL,-2,LRLNHPAQL,4,0.6931471805599453,LRLNPPAQL,0.12452399999999997,LRLNHPAQL,LRLNHPAQL,LRLNPPAQL,Negative,9,9,9,9,9,9,"1,8",0.875476,4,0.6931471805599453,substitution,0.0,0.5033068783068783,Negative,1,cedar,0.1512,LRLNPPAQL,0.0761,LRLNPPAQL,True,0.17195447748479137
LSHSFNWRK,HLA-A1101,0.3125,0,9,0.1429,0.7073,0.0327,HLA-A*11:01,31511069,LSHSFNWRK,SSHSFNWRK,0,0,68.0,60.0,True,Conserved,-2,LSHSFNWRK,-2,LSHSFNWRK,0,0.6931471805599453,SSHSFNWRK,0.025328000000000017,LSHSFNWRK,LSHSFNWRK,SSHSFNWRK,Negative,9,9,9,9,9,9,"0,1,8",0.974672,0,0.6931471805599453,substitution,0.0,0.10464,Negative,1,cedar,0.3125,SSHSFNWRK,0.0327,SSHSFNWRK,True,0.17165936858526265
LSYTWNIPV,HLA-A0201,3.9378,0,9,0.0841,0.6999,7.8006,HLA-A*02:01,27198675,LSYTWNIPV,LGYTWNIPV,0,0,583.0,575.0,True,Conserved,0,LSYTWNIPV,0,LSYTWNIPV,1,0.6931471805599453,LGYTWNIPV,0.04766899999999996,LSYTWNIPV,LSYTWNIPV,LGYTWNIPV,Negative,9,9,9,9,9,9,"1,3,8",0.952331,1,0.6931471805599453,substitution,0.0,1.9809538320889837,Negative,1,cedar,3.9378,LGYTWNIPV,7.8006,LGYTWNIPV,True,0.3131990393122519
LTFLERPREK,HLA-A1101,0.984,0,9,0.7693,0.4846,0.8323,HLA-A*11:01,27198675,LTFLERPREK,LTFLEKTREK,0,0,103.0,94.0,True,Conserved,1,LTFERPREK,1,LTFERPREK,"4,5",1.791759469228055,LTFEKTREK,0.09656699999999996,LTFLERPREK,LTFLERPREK,LTFLEKTREK,Negative,10,10,10,10,10,10,"0,1,8",0.903433,"5,6",1.791759469228055,substitution,0.0,0.8458333333333334,Negative,1,cedar,0.984,LTFLEKTREK,0.8323,LTFEKTREK,True,0.10852139341833084
LVRGVRLSF,HLA-B0702,0.4575,0,9,0.4058,0.605,3.1338,HLA-B*07:02,27198675,LVRGVRLSF,LVRGVRLSS,0,0,440.0,432.0,True,Improved,-2,LVRGVRLSF,-2,LVRGVRLSF,8,0.6931471805599453,LVRGVRLSS,0.027019000000000015,LVRGVRLSF,LVRGVRLSF,LVRGVRLSS,Negative,9,9,9,9,9,9,"1,8",0.972981,8,0.6931471805599453,substitution,0.0,6.84983606557377,Negative,1,cedar,0.4575,LVRGVRLSS,3.1338,LVRGVRLSS,True,0.16600106844871726
LYNGMEHLI,HLA-A2402,0.1066,1,9,0.0837,0.6649,0.2544,HLA-A*24:02,26048577,LYNGMEHLI,LYDGMEHLI,0,0,263.0,255.0,False,Conserved,1,LYNGMEHLI,1,LYNGMEHLI,2,0.6931471805599453,LYDGMEHLI,0.05596800000000002,LYNGMEHLI,LYNGMEHLI,LYDGMEHLI,Positive,9,9,9,9,9,9,"1,8",0.944032,2,0.6931471805599453,substitution,1.0,2.386491557223265,Positive_all,1,cedar,0.1066,LYDGMEHLI,0.2544,LYDGMEHLI,True,0.37777801543983863
LYTSEILSPI,HLA-A2402,1.2209,0,9,0.5156,0.4537,1.7983,HLA-A*24:02,27198675,LYTSEILSPI,LYTSEISSPI,0,0,1789.0,1780.0,False,Conserved,-2,LYTSEILSI,-2,LYTSEILSI,6,0.6931471805599453,LYTSEISSI,0.056684999999999985,LYTSEILSPI,LYTSEILSPI,LYTSEISSPI,Negative,10,10,10,10,10,10,"1,8",0.943315,6,0.6931471805599453,substitution,0.0,1.4729298058809075,Negative,1,cedar,1.2209,LYTSEISSPI,1.7983,LYTSEISSI,True,0.11788149825530637
MNLFVGFRF,HLA-A2402,2.6085,0,9,0.6421,0.5085,1.0067,HLA-A*24:02,27198675,MNLFVGFRF,MNPFVGFRF,0,0,292.0,284.0,False,Conserved,-3,MNLFVGFRF,-3,MNLFVGFRF,2,1.3862943611198906,MNPFVGFRF,0.096746,MNLFVGFRF,MNLFVGFRF,MNPFVGFRF,Negative,9,9,9,9,9,9,"1,8",0.903254,2,1.3862943611198906,substitution,0.0,0.38593061146252633,Negative,1,cedar,2.6085,MNPFVGFRF,1.0067,MNPFVGFRF,True,0.2019865235931533
MRMNQGVCC,HLA-B3906,0.4182,1,9,0.1179,0.479,0.2728,HLA-B*39:06,"28678784,28678784,28678784",MRMNQGVCC,MRMSQGVCC,0,0,567.0,559.0,False,Conserved,1,MRMNQGVCC,1,MRMNQGVCC,3,0.6931471805599453,MRMSQGVCC,0.05753200000000003,MRMNQGVCC,MRMNQGVCC,MRMSQGVCC,Positive,9,9,9,9,9,9,"1,8",0.942468,3,0.6931471805599453,substitution,1.0,0.6523194643711142,"Positive_all,Positive_all,Positive_all",3,cedar,0.4182,MRMSQGVCC,0.2728,MRMSQGVCC,True,0.24089879226928135
NIYVDALFK,HLA-A1101,0.2974,0,9,0.0963,0.7317,0.3377,HLA-A*11:01,31511069,NIYVDALFK,NIYVDALLK,0,0,552.0,544.0,False,Conserved,0,NIYVDALFK,0,NIYVDALFK,7,1.791759469228055,NIYVDALLK,0.035995,NIYVDALFK,NIYVDALFK,NIYVDALLK,Negative,9,9,9,9,9,9,"0,1,8",0.964005,7,1.791759469228055,substitution,0.0,1.1355077336919974,Negative,1,cedar,0.2974,NIYVDALLK,0.3377,NIYVDALLK,True,0.3306614034800186
NIYVDALFK,HLA-A0301,0.5609,0,9,0.0963,0.7317,0.539,HLA-A*03:01,31511069,NIYVDALFK,NIYVDALLK,0,0,552.0,544.0,False,Conserved,0,NIYVDALFK,0,NIYVDALFK,7,1.791759469228055,NIYVDALLK,0.035995,NIYVDALFK,NIYVDALFK,NIYVDALLK,Negative,9,9,9,9,9,9,"0,1,8",0.964005,7,1.791759469228055,substitution,0.0,0.9609556070600822,Negative,1,cedar,0.5609,NIYVDALLK,0.539,NIYVDALLK,True,0.2598133179929726
NLLGGNSFEVR,HLA-A3301,1.516,0,9,1.7871,0.3298,1.027,HLA-A*33:01,"34244308,34244308",NLLGGNSFEVR,NLLGRNSFEVR,0,0,273.0,263.0,False,Conserved,-2,NLLGGNSFR,-2,NLLGGNSFR,4,1.791759469228055,NLLGRNSFR,0.07571000000000006,NLLGGNSFEVR,NLLGGNSFEVR,NLLGRNSFEVR,Negative,11,11,11,11,11,11,"1,8",0.92429,4,1.791759469228055,substitution,0.0,0.6774406332453825,"Negative,Negative",2,cedar,1.516,NLLGRNSFEVR,1.027,NLLGRNSFR,True,0.11986813942273401
NPALCVQPHY,HLA-B3501,0.3563,0,9,0.2795,0.5664,1.2486,HLA-B*35:01,27198675,NPALCVQPHY,NPALCVQPH,0,0,168.0,159.0,True,Improved,2,NPALVQPHY,-4,NPALVQPHY,"4,5,6,7,8",1.791759469228055,NPALCVQPH,0.048319,NPALCVQPHY,NPALCVQPHY,NPALCVQPH,Negative,10,10,9,10,9,10,"1,8",0.951681,9,0.6931471805599453,substitution,0.0,3.504350266629245,Negative,1,cedar,0.3563,NPALCVQPHH,3.4546,NPALVQPHH,True,0.15695756466315572
NTATNLPSV,HLA-A0201,0.7152,0,9,0.0193,0.797,1.6188,HLA-A*02:01,31511069,NTATNLPSV,NTGTNLPSV,0,0,362.0,354.0,False,Conserved,0,NTATNLPSV,0,NTATNLPSV,2,1.3862943611198906,NTGTNLPSV,0.050053000000000014,NTATNLPSV,NTATNLPSV,NTGTNLPSV,Negative,9,9,9,9,9,9,"1,3,8",0.949947,2,1.3862943611198906,substitution,0.0,2.2634228187919465,Negative,1,cedar,0.7152,NTGTNLPSV,1.6188,NTGTNLPSV,True,0.07650039117410944
NTVILETLK,HLA-A1102,0.7976,1,9,0.0851,0.8029,0.8991,HLA-A*11:02,26631611,NTVILETLK,NTDILETLK,0,0,89.0,81.0,False,Conserved,-3,NTVILETLK,-3,NTVILETLK,2,0.6931471805599453,NTDILETLK,0.07480500000000001,NTVILETLK,NTVILETLK,NTDILETLK,Positive,9,9,9,9,9,9,"0,1,8",0.925195,2,0.6931471805599453,substitution,1.0,1.1272567703109329,Positive_all,1,cedar,0.7976,NTDILETLK,0.8991,NTDILETLK,True,0.21246830025773844
NVELRRNVL,HLA-B0801,0.0956,0,9,0.1785,0.5542,1.276,HLA-B*08:01,33479501,NVELRRNVL,NVELPRNVL,0,0,1375.0,1367.0,True,Improved,-2,NVELRRNVL,-2,NVELRRNVL,4,1.3862943611198906,NVELPRNVL,0.10800399999999999,NVELRRNVL,NVELRRNVL,NVELPRNVL,Negative,9,9,9,9,9,9,"1,4,8",0.891996,4,1.3862943611198906,substitution,0.0,13.347280334728033,Negative,1,cedar,0.0956,NVELPRNVL,1.276,NVELPRNVL,True,0.28975793081408097
NYWWRGQTL,HLA-A2402,0.1109,0,9,0.0127,0.8595,4.2083,HLA-A*24:02,"34270940,34270940",NYWWRGQTL,NYWWRGQNT,0,0,462.0,454.0,False,Improved,-1,NYWWRGQTL,-1,NYWWRGQTL,"7,8",0.6931471805599453,NYWWRGQNT,0.061305000000000054,NYWWRGQTL,NYWWRGQTL,NYWWRGQNT,Negative,9,9,9,9,9,9,"1,8",0.938695,"7,8",0.6931471805599453,substitution,0.0,37.9467989179441,"Negative,Negative",2,cedar,0.1109,NYWWRGQNT,4.2083,NYWWRGQNT,True,0.204015794210198
PLYRFSLLNK,HLA-A0301,1.3129,0,9,0.2292,0.6262,2.3427,HLA-A*03:01,31511069,PLYRFSLLNK,HYRFSLLNK,0,1,520.0,511.0,True,Conserved,-3,PLYRSLLNK,-8,PLYRSLLNK,"0,1,2,3",0.6931471805599453,HYRFSLLNK,0.06928900000000004,PLYRFSLLNK,PLYRFSLLNK,HYRFSLLNK,Negative,10,10,9,10,9,10,"0,1,8",0.930711,1,0.6931471805599453,substitution,0.0,1.7843704775687408,Negative,1,cedar,1.3129,PHYRFSLLNK,14.057,HYRFSLLNK,True,0.15881854790454522
PPSAEYESL,HLA-B0702,2.4787,0,9,1.85,0.1402,43.6,HLA-B*07:02,27198675,PPSAEYESL,PPSAEYESS,0,0,3324.0,3316.0,True,Conserved,-2,PPSAEYESL,-2,PPSAEYESL,8,0.6931471805599453,PPSAEYESS,0.02130399999999999,PPSAEYESL,PPSAEYESL,PPSAEYESS,Negative,9,9,9,9,9,9,"1,8",0.978696,8,0.6931471805599453,substitution,0.0,17.58986565538387,Negative,1,cedar,2.4787,PPSAEYESS,43.6,PPSAEYESS,True,0.10257149157894603
PPSAEYESLV,HLA-B0702,2.4787,0,9,8.4163,0.0754,14.2229,HLA-B*07:02,27198675,PPSAEYESL,PPSAEYESSV,0,0,3325.0,3316.0,True,Conserved,-2,PPSEYESLV,-3,PPSAEYESL,"2,3,4,5,6,8",2.4849066497880004,PPAEYESSV,0.04018699999999997,PPSAEYESLV,PPSAEYESL,PPSAEYESSV,Negative,10,9,10,9,10,10,"1,8",0.959813,8,0.6931471805599453,substitution,0.0,5.7380481704119095,Negative,1,cedar,25.1,PPSAEYESSV,14.2229,PPAEYESSV,True,0.09032272398564581
QLDIIPASV,HLA-A0201,0.111,1,9,0.4911,0.7994,0.4652,HLA-A*02:01,"35193931,35193931",QLDIIPASV,QLDIIPASI,0,0,1268.0,1260.0,True,Conserved,3,QLDIIPASV,3,QLDIIPASV,8,1.0986122886681098,QLDIIPASI,0.005309000000000008,QLDIIPASV,QLDIIPASV,QLDIIPASI,Positive,9,9,9,9,9,9,"1,3,8",0.994691,8,1.0986122886681098,substitution,0.5,4.190990990990991,"Positive_all,Negative",2,cedar,0.111,QLDIIPASI,0.4652,QLDIIPASI,True,0.21226610521234646
QLFYALGIV,HLA-A0201,3.3734,0,9,0.3823,0.7452,6.2185,HLA-A*02:01,27198675,QLFYALGIV,QLSYALGIV,0,0,265.0,257.0,False,Conserved,-2,QLFYALGIV,-2,QLFYALGIV,2,0.6931471805599453,QLSYALGIV,0.07675900000000002,QLFYALGIV,QLFYALGIV,QLSYALGIV,Negative,9,9,9,9,9,9,"1,3,8",0.923241,2,0.6931471805599453,substitution,0.0,1.8433924230746426,Negative,1,cedar,3.3734,QLSYALGIV,6.2185,QLSYALGIV,True,0.235298061764072
QLFYALGIVF,HLA-A2402,0.6277,0,9,0.1422,0.6966,0.3851,HLA-A*24:02,27198675,FYALGIVF,SYALGIVF,2,2,266.0,257.0,False,Conserved,-2,QLFYAGIVF,-2,FYALGIV-F,0,0.6931471805599453,SYALGIV-F,0.041049,QLFYALGIVF,FYALGIVF,SYALGIVF,Negative,10,8,8,8,8,10,"1,8",0.958951,2,0.6931471805599453,substitution,0.0,0.6135096383622749,Negative,1,cedar,1.7535,QLSYALGIVF,6.9804,QLSALGIVF,True,0.21980155842510093
QLQREQQHLK,HLA-A1101,1.107,0,9,0.6984,0.4979,1.9918,HLA-A*11:01,27198675,LQREQQHLK,QLQREQRHLK,1,0,130.0,121.0,True,Conserved,1,QLQEQQHLK,-2,LQREQQHLK,"0,1,2,5",2.0794415416798357,QLQEQRHLK,0.06905899999999998,QLQREQQHLK,LQREQQHLK,QLQREQRHLK,Negative,10,9,10,9,10,10,"0,1,8",0.930941,6,0.6931471805599453,substitution,0.0,1.7992773261065944,Negative,1,cedar,1.2714,QLQREQRHLK,1.9918,QLQEQRHLK,True,0.11637676185289027
QPSGVPTSL,HLA-A6801,8.6671,0,9,0.0815,0.4469,30.5789,HLA-A*68:01,30556813,QPSGVPTSL,QPSGVPTSG,0,0,477.0,469.0,True,Conserved,-4,QPSGVPTSL,-4,QPSGVPTSL,8,-1.0,QPSGVPTSG,0.030055000000000054,QPSGVPTSL,QPSGVPTSL,QPSGVPTSG,Negative,9,9,9,9,9,9,"0,1,8",0.969945,8,-1.0,substitution,0.0,3.528158207474242,Negative,1,cedar,8.6671,QPSGVPTSG,30.5789,QPSGVPTSG,True,0.0682884348621679
QPTGAPTPL,HLA-B3501,0.2626,0,9,0.0607,0.4682,4.9471,HLA-B*35:01,27198675,QPTGAPTPL,QPTGAPTPS,0,0,94.0,86.0,True,Improved,-2,QPTGAPTPL,-2,QPTGAPTPL,8,0.6931471805599453,QPTGAPTPS,0.024174999999999947,QPTGAPTPL,QPTGAPTPL,QPTGAPTPS,Negative,9,9,9,9,9,9,"1,8",0.975825,8,0.6931471805599453,substitution,0.0,18.838918507235338,Negative,1,cedar,0.2626,QPTGAPTPS,4.9471,QPTGAPTPS,True,0.11778080245641455
QPTGAPTPL,HLA-B0702,0.0465,0,9,0.0607,0.4682,2.2888,HLA-B*07:02,27198675,QPTGAPTPL,QPTGAPTPS,0,0,94.0,86.0,True,Improved,-2,QPTGAPTPL,-2,QPTGAPTPL,8,0.6931471805599453,QPTGAPTPS,0.024174999999999947,QPTGAPTPL,QPTGAPTPL,QPTGAPTPS,Negative,9,9,9,9,9,9,"1,8",0.975825,8,0.6931471805599453,substitution,0.0,49.22150537634409,Negative,1,cedar,0.0465,QPTGAPTPS,2.2888,QPTGAPTPS,True,0.18094796431680085
QQLDTAIRLTL,HLA-B3901,0.1645,0,9,1.3658,0.2027,0.1599,HLA-B*39:01,24323902,QQLDTAIRL,EQLDTAIRL,0,0,696.0,686.0,False,Conserved,2,QQLDTALTL,2,QQLDTAIRL,0,0.6931471805599453,EQLDTAIRL,0.013417000000000012,QQLDTAIRLTL,QQLDTAIRL,EQLDTAIRL,Negative,11,9,9,9,9,11,"1,8",0.986583,0,0.6931471805599453,substitution,0.0,0.9720364741641336,Negative,1,cedar,1.0012,EQLDTAIRLTL,0.749,EQLDTAITL,True,0.14692096357574277
QSDETDQFLV,HLA-A0101,0.4425,0,9,0.4145,0.3761,0.5753,HLA-A*01:01,33479501,QSDETDQFL,QSDKTDQFL,0,0,36.0,27.0,False,Conserved,1,QSDETQFLV,1,QSDETDQFL,3,0.6931471805599453,QSDKTDQFL,0.04843399999999998,QSDETDQFLV,QSDETDQFL,QSDKTDQFL,Negative,10,9,9,9,9,10,"1,2,8",0.951566,3,0.6931471805599453,substitution,0.0,1.3001129943502825,Negative,1,cedar,0.8755,QSDKTDQFLV,1.2964,QSDTDQFLV,True,0.11907511262738647
QTNPVTLQY,HLA-A2902,0.0019,1,9,0.0698,0.748,0.0086,HLA-A*29:02,"27312342,27312342",QTNPVTLQY,QTDPVTLQY,0,0,620.0,612.0,False,Conserved,1,QTNPVTLQY,1,QTNPVTLQY,2,0.6931471805599453,QTDPVTLQY,0.05147400000000002,QTNPVTLQY,QTNPVTLQY,QTDPVTLQY,Positive,9,9,9,9,9,9,"1,8",0.948526,2,0.6931471805599453,substitution,1.0,4.526315789473684,"Positive_all,Positive_all",2,cedar,0.0019,QTDPVTLQY,0.0086,QTDPVTLQY,True,0.291905948487324
QTRKNKKLAL,HLA-B0801,0.0973,0,9,0.6061,0.4303,2.4722,HLA-B*08:01,33479501,TRKNKKLAL,QTRKNKKL,1,0,3236.0,3227.0,True,Improved,-3,QTKNKKLAL,-9,TRKNKKLAL,"0,1,2,3,5,6,7",1.6094379124341003,QTR-KNKKL,0.11448599999999998,QTRKNKKLAL,TRKNKKLAL,QTRKNKKL,Negative,10,9,8,9,8,10,"1,4,8",0.885514,9,1.3862943611198906,substitution,0.0,25.408016443987666,Negative,1,cedar,0.6435,QTRKNKKLAP,17.2132,QTRKKKLAP,True,0.09486400235425205
QTYTLSQCF,HLA-B1501,0.6042,0,9,0.7656,0.2042,2.8963,HLA-B*15:01,27198675,QTYTLSQCF,QTCTLSQCF,0,0,602.0,594.0,False,Improved,-2,QTYTLSQCF,-2,QTYTLSQCF,2,0.6931471805599453,QTCTLSQCF,0.10629999999999995,QTYTLSQCF,QTYTLSQCF,QTCTLSQCF,Negative,9,9,9,9,9,9,"1,8",0.8937,2,0.6931471805599453,substitution,0.0,4.793611386957961,Negative,1,cedar,0.6042,QTCTLSQCF,2.8963,QTCTLSQCF,True,0.1171881141861783
QVTDFLAPL,HLA-A0201,1.5857,1,9,0.0867,0.6957,4.3019,HLA-A*02:01,"34696226,34696226,34696226,34696226,34696226,34696226,34696226,34696226,34696226,34696226,34696226,34696226",QVTDFLAPL,EVTDFLAPL,0,0,4098.0,4090.0,False,Conserved,2,QVTDFLAPL,2,QVTDFLAPL,0,0.6931471805599453,EVTDFLAPL,0.013735000000000053,QVTDFLAPL,QVTDFLAPL,EVTDFLAPL,Positive,9,9,9,9,9,9,"1,3,8",0.986265,0,0.6931471805599453,substitution,0.5,2.7129343507599164,"Positive_all,Negative,Positive_all,Negative,Positive_all,Positive_all,Positive_all,Negative,Negative,Negative,Positive_all,Negative",12,cedar,1.5857,EVTDFLAPL,4.3019,EVTDFLAPL,True,0.09407247159872632
QVTEILPSV,HLA-A0201,0.0628,0,9,0.0283,0.7836,0.1913,HLA-A*02:01,27198675,QVTEILPSV,QVTGILPSV,0,0,138.0,130.0,True,Conserved,-2,QVTEILPSV,-2,QVTEILPSV,3,0.6931471805599453,QVTGILPSV,0.08777800000000002,QVTEILPSV,QVTEILPSV,QVTGILPSV,Negative,9,9,9,9,9,9,"1,3,8",0.912222,3,0.6931471805599453,substitution,0.0,3.0461783439490446,Negative,1,cedar,0.0628,QVTGILPSV,0.1913,QVTGILPSV,True,0.2006758906312981
RESAFWLFW,HLA-A2402,2.4995,0,9,0.0068,0.8173,1.9434,HLA-A*24:02,27198675,RESAFWLFW,RESAFWLSW,0,0,270.0,262.0,False,Conserved,-2,RESAFWLFW,-2,RESAFWLFW,7,0.6931471805599453,RESAFWLSW,0.065249,RESAFWLFW,RESAFWLFW,RESAFWLSW,Negative,9,9,9,9,9,9,"1,8",0.934751,7,0.6931471805599453,substitution,0.0,0.7775155031006202,Negative,1,cedar,2.4995,RESAFWLSW,1.9434,RESAFWLSW,True,0.15572406611683015
RESFDPSAFM,HLA-B4002,0.2422,0,9,0.1358,0.6518,0.1065,HLA-B*40:02,33479501,RESFDPSAFM,RESFDPSAFL,0,0,1110.0,1101.0,True,Conserved,2,REFDPSAFM,2,REFDPSAFM,8,0.6931471805599453,REFDPSAFL,0.008313000000000015,RESFDPSAFM,RESFDPSAFM,RESFDPSAFL,Negative,10,10,10,10,10,10,"1,8",0.991687,9,0.6931471805599453,substitution,0.0,0.439719240297275,Negative,1,cedar,0.2422,RESFDPSAFL,0.1065,REFDPSAFL,True,0.10854068357501238
RFQQLDTAIRL,HLA-C1403,0.6447,0,9,0.8898,0.2314,1.4706,HLA-C*14:03,24323902,RFQQLDTAI,RFEQLDTAI,0,0,694.0,684.0,False,Conserved,2,RQLDTAIRL,2,RFQQLDTAI,2,0.6931471805599453,RFEQLDTAI,0.037715000000000054,RFQQLDTAIRL,RFQQLDTAI,RFEQLDTAI,Negative,11,9,9,9,9,11,"1,8",0.962285,2,0.6931471805599453,substitution,0.0,2.281060958585388,Negative,1,cedar,2.3826,RFEQLDTAIRL,3.5315,RFLDTAIRL,True,0.10878972484639983
RFREELEGPPL,HLA-B0702,4.2771,0,9,0.4773,0.4768,4.3029,HLA-B*07:02,27198675,RFREELEGPPL,RFREEFEGPPL,0,0,689.0,679.0,False,Conserved,0,REELEGPPL,4,RFREEGPPL,-1,,RFREEGPPL,0.04895099999999997,RFREELEGPPL,RFREELEGPPL,RFREEFEGPPL,Negative,11,11,11,11,11,11,"1,8",0.951049,5,1.791759469228055,substitution,0.0,1.0060321245703865,Negative,1,cedar,4.2771,RFREEFEGPPL,4.3029,RFREEGPPL,True,0.12955096526214077
RGRNSATSADK,HLA-A3001,0.3887,0,9,0.7911,0.5345,0.3887,HLA-A*30:01,24323902,RGRNSATSA,RGRNSATSA,0,0,46.0,36.0,False,Conserved,1,RGRNSATSK,4,RGRNSATSA,-1,,RGRNSATSA,0.0,RGRNSATSADK,RGRNSATSA,RGRNSATSA,Negative,11,9,9,9,9,11,"0,1,2,8",1.0,10,0.6931471805599453,substitution,0.0,1.0,Negative,1,cedar,0.4452,RGRNSATSADE,17.4544,RGRNSATSE,True,0.09527544608484807
RIAQKIGLI,HLA-A2402,8.8046,0,9,0.9424,0.2273,9.4951,HLA-A*24:02,27198675,RIAQKIGLI,RIAQRIGLI,0,0,77.0,69.0,False,Conserved,2,RIAQKIGLI,2,RIAQKIGLI,4,0.6931471805599453,RIAQRIGLI,0.039125999999999994,RIAQKIGLI,RIAQKIGLI,RIAQRIGLI,Negative,9,9,9,9,9,9,"1,8",0.960874,4,0.6931471805599453,substitution,0.0,1.0784249142493696,Negative,1,cedar,8.8046,RIAQRIGLI,9.4951,RIAQRIGLI,True,0.1465286361565252
RILCSIQGVK,HLA-A1101,1.2221,0,9,0.1037,0.6927,0.7082,HLA-A*11:01,"34270940,34270940",RILCSIQGVK,RILCSIQGFK,0,0,975.0,966.0,False,Conserved,-1,RILSIQGVK,-1,RILSIQGVK,7,0.6931471805599453,RILSIQGFK,0.034791000000000016,RILCSIQGVK,RILCSIQGVK,RILCSIQGFK,Negative,10,10,10,10,10,10,"0,1,8",0.965209,8,0.6931471805599453,substitution,0.0,0.5794943130676704,"Negative,Negative",2,cedar,1.2221,RILCSIQGFK,0.7082,RILSIQGFK,True,0.14863135355106843
RILNEGHISHF,HLA-B1501,0.161,0,9,1.5285,0.4412,1.47,HLA-B*15:01,27198675,ILNEGHISHF,RIPNEGHISHF,1,0,103.0,93.0,True,Improved,-3,RILNEGSHF,-13,ILNEGHISF,"0,1,2,3,4,5,6,7",2.1972245773362196,RIPGHISHF,0.07189000000000001,RILNEGHISHF,ILNEGHISHF,RIPNEGHISHF,Negative,11,10,11,10,11,11,"1,8",0.92811,2,1.3862943611198906,substitution,0.0,9.130434782608695,Negative,1,cedar,1.0445,RIPNEGHISHF,1.47,RIPGHISHF,True,0.1459565083151368
RINLKKRRDSL,HLA-B0702,1.5868,0,9,0.5112,0.4475,0.8572,HLA-B*07:02,27198675,NLKKRRDSL,NLRKRRDSL,2,2,231.0,221.0,False,Conserved,2,RLKKRRDSL,2,NLKKRRDSL,2,0.6931471805599453,NLRKRRDSL,0.028596999999999984,RINLKKRRDSL,NLKKRRDSL,NLRKRRDSL,Negative,11,9,9,9,9,11,"1,8",0.971403,4,0.6931471805599453,substitution,0.0,0.5402067053188807,Negative,1,cedar,3.0759,RINLRKRRDSL,2.4088,RIRKRRDSL,True,0.08965920842627628
RLFDEGKLKA,HLA-A0201,0.3885,0,9,1.71,0.5793,6.5744,HLA-A*02:01,31511069,RLFDEGKLKA,RFDEGKLKA,0,1,159.0,150.0,True,Improved,-2,RLFDGKLKA,-1,RLFDGKLKA,"1,2,3",2.302585092994046,RFDEGKLKA,0.05561400000000005,RLFDEGKLKA,RLFDEGKLKA,RFDEGKLKA,Negative,10,10,9,10,9,10,"1,3,8",0.944386,1,1.3862943611198906,substitution,0.0,16.92252252252252,Negative,1,cedar,0.3885,RRFDEGKLKA,15.92,RFDEGKLKA,True,0.13474529111444056
RLFKGYEGSLIK,HLA-A0301,0.0292,0,9,0.04,0.7483,0.1472,HLA-A*03:01,27869121,RLFKGYEGSLIK,KGYEGSLIK,0,3,63.0,52.0,True,Conserved,-3,RLYEGSLIK,-2,RLYEGSLIK,"0,1",0.6931471805599453,KGYEGSLIK,0.07976700000000003,RLFKGYEGSLIK,RLFKGYEGSLIK,KGYEGSLIK,Negative,12,12,9,12,9,12,"0,1,8",0.920233,1,1.3862943611198906,substitution,0.0,5.041095890410959,Negative,1,cedar,0.0292,RPFKGYEGSLIK,1.4494,RGYEGSLIK,True,0.3099745513138439
RLFNGNSRGSV,HLA-A0201,0.3768,0,9,0.6862,0.6914,2.8185,HLA-A*02:01,31511069,RLFNGNSRGSV,RLSNGNSRGSV,0,0,56.0,46.0,False,Improved,-2,RLFNGNSSV,-2,RLFNGNSSV,2,0.6931471805599453,RLSNGNSSV,0.043889999999999985,RLFNGNSRGSV,RLFNGNSRGSV,RLSNGNSRGSV,Negative,11,11,11,11,11,11,"1,3,8",0.95611,2,0.6931471805599453,substitution,0.0,7.480095541401273,Negative,1,cedar,0.3768,RLSNGNSRGSV,2.8185,RLSNGNSSV,True,0.09703050548545554
RLKCPFYGK,HLA-A0301,0.118,0,9,0.0271,0.8024,0.0549,HLA-A*03:01,34518289,RLKCPFYGK,RLKCPFHGK,0,0,590.0,582.0,False,Conserved,2,RLKCPFYGK,2,RLKCPFYGK,6,0.6931471805599453,RLKCPFHGK,0.07505600000000001,RLKCPFYGK,RLKCPFYGK,RLKCPFHGK,Negative,9,9,9,9,9,9,"0,1,8",0.924944,6,0.6931471805599453,substitution,0.0,0.4652542372881356,Negative,1,cedar,0.118,RLKCPFHGK,0.0549,RLKCPFHGK,True,0.23722628311208036
RLMVAVEEA,HLA-A0201,0.5126,1,9,0.5772,0.653,1.4798,HLA-A*02:01,31324690,RLMVAVEEA,RLVVAVEEA,0,0,368.0,360.0,False,Conserved,1,RLMVAVEEA,1,RLMVAVEEA,2,0.0,RLVVAVEEA,0.03497399999999995,RLMVAVEEA,RLMVAVEEA,RLVVAVEEA,Positive,9,9,9,9,9,9,"1,3,8",0.965026,2,0.0,substitution,1.0,2.886851346078814,Positive_all,1,cedar,0.5126,RLVVAVEEA,1.4798,RLVVAVEEA,True,0.19134187223077015
RMLRRRAQK,HLA-A0301,0.1451,0,9,0.0476,0.7624,8.2182,HLA-A*03:01,34518289,RMLRRRAQK,RMLRRRAQE,0,0,62.0,54.0,True,Improved,1,RMLRRRAQK,1,RMLRRRAQK,8,0.6931471805599453,RMLRRRAQE,0.013302999999999954,RMLRRRAQK,RMLRRRAQK,RMLRRRAQE,Negative,9,9,9,9,9,9,"0,1,8",0.986697,8,0.6931471805599453,substitution,0.0,56.63818056512749,Negative,1,cedar,0.1451,RMLRRRAQE,8.2182,RMLRRRAQE,True,0.13996181498342686
RSHAGAVHK,HLA-A0301,0.0765,0,9,0.0145,0.8238,0.0741,HLA-A*03:01,31511069,RSHAGAVHK,RSHDGAVHK,0,0,335.0,327.0,False,Conserved,-2,RSHAGAVHK,-2,RSHAGAVHK,3,0.6931471805599453,RSHDGAVHK,0.08341699999999996,RSHAGAVHK,RSHAGAVHK,RSHDGAVHK,Negative,9,9,9,9,9,9,"0,1,8",0.916583,3,0.6931471805599453,substitution,0.0,0.9686274509803922,Negative,1,cedar,0.0765,RSHDGAVHK,0.0741,RSHDGAVHK,True,0.1734953792220587
RSSHIFPSL,HLA-B1501,3.6464,0,9,0.0154,0.6948,5.1029,HLA-B*15:01,27198675,RSSHIFPSL,RSSRIFPSL,0,0,633.0,625.0,False,Conserved,0,RSSHIFPSL,0,RSSHIFPSL,3,0.6931471805599453,RSSRIFPSL,0.08805600000000002,RSSHIFPSL,RSSHIFPSL,RSSRIFPSL,Negative,9,9,9,9,9,9,"1,8",0.911944,3,0.6931471805599453,substitution,0.0,1.3994350592365072,Negative,1,cedar,3.6464,RSSRIFPSL,5.1029,RSSRIFPSL,True,0.07635492420157568
RTAKQNPLTK,HLA-A0301,0.0498,0,9,0.0906,0.7196,6.586,HLA-A*03:01,30556813,RTAKQNPLTK,RTAKQNPLTE,0,0,234.0,225.0,True,Improved,1,RTKQNPLTK,1,RTAKQPLTK,"2,3,4,8",1.3862943611198906,RTKQNPLTE,0.011657000000000028,RTAKQNPLTK,RTAKQNPLTK,RTAKQNPLTE,Negative,10,10,10,10,10,10,"0,1,8",0.988343,9,0.6931471805599453,substitution,0.0,132.24899598393577,Negative,1,cedar,0.0498,RTAKQNPLTE,6.586,RTKQNPLTE,True,0.1525092495241712
RTAKQNPLTKK,HLA-A0301,0.0257,0,9,0.2857,0.6045,0.0342,HLA-A*03:01,30556813,RTAKQNPLTKK,RTAKQNPLTEK,0,0,235.0,225.0,False,Conserved,1,RTANPLTKK,1,RTANPLTKK,7,0.6931471805599453,RTANPLTEK,0.017437999999999954,RTAKQNPLTKK,RTAKQNPLTKK,RTAKQNPLTEK,Negative,11,11,11,11,11,11,"0,1,8",0.982562,9,0.6931471805599453,substitution,0.0,1.3307392996108949,Negative,1,cedar,0.0257,RTAKQNPLTEK,0.0342,RTANPLTEK,True,0.17992291635519495
RTQDAEFLK,HLA-A1101,0.0356,1,9,0.1511,0.6476,1.7961,HLA-A*11:01,"34172517,34172517,34172517",RTQDAEFLK,PTQDAEFLK,0,0,108.0,100.0,True,Improved,-2,RTQDAEFLK,-2,RTQDAEFLK,0,1.3862943611198906,PTQDAEFLK,0.03361999999999998,RTQDAEFLK,RTQDAEFLK,PTQDAEFLK,Positive,9,9,9,9,9,9,"0,1,8",0.96638,0,1.3862943611198906,substitution,0.6666666666666666,50.45224719101124,"Positive_all,Positive_all,Negative",3,cedar,0.0356,PTQDAEFLK,1.7961,PTQDAEFLK,True,0.284897684572002
RVADETYKAFL,HLA-A0201,1.0317,0,9,1.8774,0.4802,1.1805,HLA-A*02:01,31511069,RVADETYKA,RVADQTYKA,0,0,117.0,107.0,False,Conserved,2,RVADETAFL,2,RVADETYKA,4,0.6931471805599453,RVADQTYKA,0.04476899999999995,RVADETYKAFL,RVADETYKA,RVADQTYKA,Negative,11,9,9,9,9,11,"1,3,8",0.955231,4,0.6931471805599453,substitution,0.0,1.1442279732480372,Negative,1,cedar,1.6912,RVADQTYKAFL,2.1077,RVADQTYFL,True,0.08733988842421915
RVMDISYLNL,HLA-A0201,0.7307,0,9,0.33,0.548,0.5039,HLA-A*02:01,27198675,VMDISYLNL,VMDIPYLNL,1,1,435.0,426.0,False,Conserved,-1,RVMDISLNL,-1,VMDISYLNL,4,1.3862943611198906,VMDIPYLNL,0.08847099999999997,RVMDISYLNL,VMDISYLNL,VMDIPYLNL,Negative,10,9,9,9,9,10,"1,3,8",0.911529,5,1.3862943611198906,substitution,0.0,0.6896127001505405,Negative,1,cedar,0.9611,RVMDIPYLNL,0.5096,RVMDIPLNL,True,0.1572967467954558
RVSTLRVSL,HLA-B0702,0.1394,1,9,0.2985,0.6315,4.3146,HLA-B*07:02,27827318,RVSTLRVSL,RVSTLRVSP,0,0,377.0,369.0,True,Improved,-3,RVSTLRVSL,-3,RVSTLRVSL,8,1.3862943611198906,RVSTLRVSP,0.02906900000000001,RVSTLRVSL,RVSTLRVSL,RVSTLRVSP,Positive,9,9,9,9,9,9,"1,8",0.970931,8,1.3862943611198906,substitution,1.0,30.951219512195127,Positive_all,1,cedar,0.1394,RVSTLRVSP,4.3146,RVSTLRVSP,True,0.13991863509398592
RWVFSGMRPW,HLA-A2402,1.2499,0,9,0.1623,0.6373,1.128,HLA-A*24:02,"34270940,34270940",RWVFSGMRPW,RWAFSGMRPW,0,0,302.0,293.0,True,Conserved,0,RVFSGMRPW,-10,RWFSGMRPW,"2,3,4,5,6,7",2.1972245773362196,RWAFSGMRW,0.042354,RWVFSGMRPW,RWVFSGMRPW,RWAFSGMRPW,Negative,10,10,10,10,10,10,"1,8",0.957646,2,1.3862943611198906,substitution,0.0,0.902472197775822,"Negative,Negative",2,cedar,1.2499,RWAFSGMRPW,1.128,RWAFSGMRW,True,0.08226560839103464
RYAGLMVPPL,HLA-A2402,1.2591,0,9,0.2706,0.5376,0.5824,HLA-A*24:02,31511069,RYAGLMVPPL,RYPGLMVPPL,0,0,330.0,321.0,False,Conserved,-1,RYAGLVPPL,-1,RYAGLVPPL,2,1.3862943611198906,RYPGLVPPL,0.05866099999999996,RYAGLMVPPL,RYAGLMVPPL,RYPGLMVPPL,Negative,10,10,10,10,10,10,"1,8",0.941339,2,1.3862943611198906,substitution,0.0,0.46255261694861405,Negative,1,cedar,1.2591,RYPGLMVPPL,0.5824,RYPGLVPPL,True,0.11628858170935838
RYLYHRVDVIF,HLA-A0201,0.1942,1,9,0.2364,0.5542,4.8562,HLA-A*02:01,30700903,YLYHRVDVI,DLYHRVDVI,1,1,798.0,788.0,False,Improved,-3,RYLYHDVIF,-3,YLYHRVDVI,0,0.6931471805599453,DLYHRVDVI,0.03857299999999997,RYLYHRVDVIF,YLYHRVDVI,DLYHRVDVI,Positive,11,9,9,9,9,11,"1,3,8",0.961427,1,0.6931471805599453,substitution,1.0,25.00617919670443,Positive_all,1,cedar,29.48,RDLYHRVDVIF,35.8462,RLYHRVDVI,True,0.3000169755201918
RYYRVSILL,HLA-C0702,0.1296,1,9,0.0385,0.7263,4.0568,HLA-C*07:02,32226429,RYYRVSILL,NPRRVSILL,0,0,285.0,277.0,False,Improved,-5,RYYRVSILL,-5,RYYRVSILL,"0,1,2",-1.0,NPRRVSILL,0.15878899999999996,RYYRVSILL,RYYRVSILL,NPRRVSILL,Positive,9,9,9,9,9,9,"1,8",0.841211,"0,1,2",-1.0,substitution,1.0,31.302469135802472,Positive_all,1,cedar,0.1296,NPRRVSILL,4.0568,NPRRVSILL,True,0.3427860980449513
RYYVGHKAKF,HLA-A2402,0.0238,1,9,0.0781,0.6725,0.1438,HLA-A*24:02,"30906664,30906664,30906664,30906664,30906664,30906664,30906664,30906664,30906664,30906664,30906664,30906664",YYVGHKAKF,YYVGHKGKF,1,1,19.0,10.0,False,Conserved,0,RYYVGHAKF,0,YYVGHKAKF,6,1.3862943611198906,YYVGHKGKF,0.053451000000000026,RYYVGHKAKF,YYVGHKAKF,YYVGHKGKF,Positive,10,9,9,9,9,10,"1,8",0.946549,7,1.3862943611198906,substitution,0.5833333333333334,6.042016806722689,"Positive_all,Negative,Positive_all,Negative,Positive_all,Positive_all,Negative,Negative,Positive_all,Negative,Positive_all,Positive_all",12,cedar,0.0972,RYYVGHKGKF,0.2273,RYYVGHKKF,True,0.28855852601638776
RYYVGHKAKF,HLA-A0201,22.3538,1,9,0.0781,0.6725,32.9444,HLA-A*02:01,34104546,YYVGHKAKF,YYVGHKGKF,1,1,19.0,10.0,False,Conserved,0,RYYVGHAKF,0,YYVGHKAKF,6,1.3862943611198906,YYVGHKGKF,0.053451000000000026,RYYVGHKAKF,YYVGHKAKF,YYVGHKGKF,Positive,10,9,9,9,9,10,"1,3,8",0.946549,7,1.3862943611198906,substitution,1.0,1.4737717971888449,Positive_all,1,cedar,43.5714,RYYVGHKGKF,55.9091,RYYGHKGKF,True,0.11943125449252248
SAFWLFWGL,HLA-A0201,4.4756,0,9,0.0914,0.6887,3.3557,HLA-A*02:01,27198675,SAFWLFWGL,SAFWLSWGL,0,0,271.0,263.0,False,Conserved,-2,SAFWLFWGL,-2,SAFWLFWGL,5,0.6931471805599453,SAFWLSWGL,0.10277899999999995,SAFWLFWGL,SAFWLFWGL,SAFWLSWGL,Negative,9,9,9,9,9,9,"1,3,8",0.897221,5,0.6931471805599453,substitution,0.0,0.7497765662704442,Negative,1,cedar,4.4756,SAFWLSWGL,3.3557,SAFWLSWGL,True,0.4644693758181108
SCMGGMNWR,HLA-A6801,1.8766,1,9,1.5216,0.3541,1.2956,HLA-A*68:01,32571843,SCMGGMNWR,SCMGGMNRR,0,0,25.0,17.0,False,Conserved,-3,SCMGGMNWR,-3,SCMGGMNWR,7,0.6931471805599453,SCMGGMNRR,0.08913099999999996,SCMGGMNWR,SCMGGMNWR,SCMGGMNRR,Positive,9,9,9,9,9,9,"0,1,8",0.910869,7,0.6931471805599453,substitution,1.0,0.6903975274432484,Positive_all,1,cedar,1.8766,SCMGGMNRR,1.2956,SCMGGMNRR,True,0.26445263586512335
SISCHVFCL,HLA-A0206,3.7028,1,9,0.5909,0.7821,4.9276,HLA-A*02:06,"34193879,34193879,34193879",SISCHVFCL,SISCHVLCL,0,0,159.0,151.0,False,Conserved,0,SISCHVFCL,0,SISCHVFCL,6,1.791759469228055,SISCHVLCL,0.056678000000000006,SISCHVFCL,SISCHVFCL,SISCHVLCL,Positive,9,9,9,9,9,9,"1,3,8",0.943322,6,1.791759469228055,substitution,1.0,1.3307767095171221,"Positive_all,Positive_all,Positive_all",3,cedar,3.7028,SISCHVLCL,4.9276,SISCHVLCL,True,0.21383070216399122
SLDQPVTALNV,HLA-A0201,0.0483,0,9,2.8791,0.5531,0.0483,HLA-A*02:01,31511069,SLDQPVTAL,SLDQPVTAL,0,0,240.0,230.0,False,Conserved,1,SLDQPVTNV,4,SLDQPVTAL,-1,,SLDQPVTAL,0.0,SLDQPVTALNV,SLDQPVTAL,SLDQPVTAL,Negative,11,9,9,9,9,11,"1,3,8",1.0,10,1.791759469228055,substitution,0.0,1.0,Negative,1,cedar,0.6682,SLDQPVTALNL,0.8088,SLDQPVTNL,True,0.09047032809740625
SLDTAKVRL,HLA-A0201,0.215,0,9,0.1046,0.5455,2.853,HLA-A*02:01,33479501,SLDTAKVRL,PLDTAKVRL,0,0,41.0,33.0,False,Improved,-1,SLDTAKVRL,-1,SLDTAKVRL,0,1.3862943611198906,PLDTAKVRL,0.02459,SLDTAKVRL,SLDTAKVRL,PLDTAKVRL,Negative,9,9,9,9,9,9,"1,3,8",0.97541,0,1.3862943611198906,substitution,0.0,13.269767441860466,Negative,1,cedar,0.215,PLDTAKVRL,2.853,PLDTAKVRL,True,0.10078859690191665
SLIEEDLTEV,HLA-A0201,0.0204,0,9,0.0607,0.8465,0.1262,HLA-A*02:01,31511069,SLIEEDLTEV,SLTEEDLTEV,0,0,16.0,7.0,True,Conserved,-1,SLIEDLTEV,1,SLIEDLTEV,"2,4",1.9459101490553132,SLTEELTEV,0.03814600000000001,SLIEEDLTEV,SLIEEDLTEV,SLTEEDLTEV,Negative,10,10,10,10,10,10,"1,3,8",0.961854,2,1.0986122886681098,substitution,0.0,6.186274509803922,Negative,1,cedar,0.0204,SLTEEDLTEV,0.1262,SLTEELTEV,True,0.2482965636460405
SLIHYTAQI,HLA-A0201,0.1443,0,9,0.0535,0.856,0.2869,HLA-A*02:01,24323902,SLIHYTAQI,SLIHSTAQI,0,0,158.0,150.0,False,Conserved,-2,SLIHYTAQI,-2,SLIHYTAQI,4,0.6931471805599453,SLIHSTAQI,0.087777,SLIHYTAQI,SLIHYTAQI,SLIHSTAQI,Negative,9,9,9,9,9,9,"1,3,8",0.912223,4,0.6931471805599453,substitution,0.0,1.988218988218988,Negative,1,cedar,0.1443,SLIHSTAQI,0.2869,SLIHSTAQI,True,0.22047533997881322
SLPSNVLSSL,HLA-A0201,0.9341,0,9,0.0379,0.5969,0.3366,HLA-A*02:01,33479501,SLPSNVLSSL,SLPSNVLPSL,0,0,142.0,133.0,False,Conserved,-1,SLPSNVSSL,-1,SLSNVLSSL,6,1.3862943611198906,SLSNVLPSL,0.05125000000000002,SLPSNVLSSL,SLPSNVLSSL,SLPSNVLPSL,Negative,10,10,10,10,10,10,"1,3,8",0.94875,7,1.3862943611198906,substitution,0.0,0.36034685793812227,Negative,1,cedar,0.9341,SLPSNVLPSL,0.3366,SLSNVLPSL,True,0.07662718109052725
SLVAAWYSGV,HLA-A0201,2.0545,0,9,0.0947,0.835,2.9006,HLA-A*02:01,31511069,LVAAWYSGV,SLAAAWYSGV,1,0,294.0,285.0,True,Conserved,0,SLAAWYSGV,-4,LVAAWYSGV,"0,1,4,5,6,7",2.4849066497880004,SLAAAWYSV,0.05353300000000005,SLVAAWYSGV,LVAAWYSGV,SLAAAWYSGV,Negative,10,9,10,9,10,10,"1,3,8",0.946467,2,1.3862943611198906,substitution,0.0,1.4118276953029933,Negative,1,cedar,3.9107,SLAAAWYSGV,2.9006,SLAAAWYSV,True,0.14001410494217673
SLYNFLNLT,HLA-A0201,0.6045,0,9,0.3028,0.7652,0.9079,HLA-A*02:01,27198675,SLYNFLNLT,SLYNLLNLT,0,0,713.0,705.0,False,Conserved,0,SLYNFLNLT,0,SLYNFLNLT,4,1.791759469228055,SLYNLLNLT,0.059338,SLYNFLNLT,SLYNFLNLT,SLYNLLNLT,Negative,9,9,9,9,9,9,"1,3,8",0.940662,4,1.791759469228055,substitution,0.0,1.5019023986765923,Negative,1,cedar,0.6045,SLYNLLNLT,0.9079,SLYNLLNLT,True,0.20507821662552772
SLYNFLNLTAL,HLA-A0201,0.564,0,9,0.6973,0.7649,0.6106,HLA-A*02:01,27198675,SLYNFLNLTA,SLYNLLNLTAL,0,0,715.0,705.0,True,Conserved,0,SLYNNLTAL,-5,SLYNFLLTA,"4,6,7,8",1.3862943611198906,SLYNNLTAL,0.06932300000000002,SLYNFLNLTAL,SLYNFLNLTA,SLYNLLNLTAL,Negative,11,10,11,10,11,11,"1,3,8",0.930677,4,1.791759469228055,substitution,0.0,1.0826241134751775,Negative,1,cedar,0.5836,SLYNLLNLTAL,0.6106,SLYNNLTAL,True,0.19326430121960347
SPAFTESPV,HLA-B3501,1.9416,0,9,0.1401,0.4607,1.5119,HLA-B*35:01,27198675,SPAFTESPV,SPASTESPV,0,0,196.0,188.0,False,Conserved,-2,SPAFTESPV,-2,SPAFTESPV,3,0.6931471805599453,SPASTESPV,0.08626,SPAFTESPV,SPAFTESPV,SPASTESPV,Negative,9,9,9,9,9,9,"1,8",0.91374,3,0.6931471805599453,substitution,0.0,0.7786876802637,Negative,1,cedar,1.9416,SPASTESPV,1.5119,SPASTESPV,True,0.049039526650733634
SPAFTESPV,HLA-B0702,0.2896,0,9,0.1401,0.4607,0.2324,HLA-B*07:02,27198675,SPAFTESPV,SPASTESPV,0,0,196.0,188.0,False,Conserved,-2,SPAFTESPV,-2,SPAFTESPV,3,0.6931471805599453,SPASTESPV,0.08626,SPAFTESPV,SPAFTESPV,SPASTESPV,Negative,9,9,9,9,9,9,"1,8",0.91374,3,0.6931471805599453,substitution,0.0,0.8024861878453038,Negative,1,cedar,0.2896,SPASTESPV,0.2324,SPASTESPV,True,0.09066245064513395
SPAPPRRRRSA,HLA-B0702,0.112,0,9,0.5653,0.3046,0.4986,HLA-B*07:02,31511069,SPAPPRRRRSA,SPAPPRRRRRA,0,0,536.0,526.0,False,Conserved,-1,SPAPPRRSA,-1,SPAPPRRSA,7,1.791759469228055,SPAPPRRRA,0.017322999999999977,SPAPPRRRRSA,SPAPPRRRRSA,SPAPPRRRRRA,Negative,11,11,11,11,11,11,"1,8",0.982677,9,1.791759469228055,substitution,0.0,4.451785714285714,Negative,1,cedar,0.112,SPAPPRRRRRA,0.4986,SPAPPRRRA,True,0.10130616922380985
SQFARVPGYV,HLA-A0201,1.4376,0,9,0.0477,0.4214,1.6951,HLA-A*02:01,33479501,SQFARVPGYV,SQFARVPGF,0,0,289.0,280.0,True,Conserved,3,SQFARVPYV,-4,SQFARVPYV,"7,8",0.6931471805599453,SQFARVPGF,0.054763000000000006,SQFARVPGYV,SQFARVPGYV,SQFARVPGF,Negative,10,10,9,10,9,10,"1,3,8",0.945237,8,0.6931471805599453,substitution,0.0,1.1791179744017808,Negative,1,cedar,1.4376,SQFARVPGFV,1.8523,SQFARVPFV,True,0.08918816871302555
SSCMGGMNLR,HLA-A1101,0.7472,0,9,0.3313,0.7103,0.8785,HLA-A*11:01,"34244308,34244308",SSCMGGMNLR,SSCMGGMNR,0,0,249.0,240.0,True,Conserved,-2,SSMGGMNLR,-12,SSMGGMNLR,"2,3,5,6,7",-1.0,SSCMGGMNR,0.05432300000000001,SSCMGGMNLR,SSCMGGMNLR,SSCMGGMNR,Negative,10,10,9,10,9,10,"0,1,8",0.945677,8,1.3862943611198906,substitution,0.0,1.175722698072805,"Negative,Negative",2,cedar,0.7472,SSCMGGMNRR,0.991,SSMGGMNRR,True,0.1461387897734316
STGDATPLPV,HLA-A0211,4.5763,1,9,0.6595,0.4933,8.8642,HLA-A*02:11,"29643231,29643231",STGDATPLPV,STGHATPLPV,0,0,1011.0,1002.0,True,Conserved,-1,STGDATPPV,-11,STGDATPLV,"2,3,4,5,6,7",2.8903717578961645,STHATPLPV,0.07899900000000004,STGDATPLPV,STGDATPLPV,STGHATPLPV,Positive,10,10,10,10,10,10,"1,8",0.921001,3,0.6931471805599453,substitution,0.5,1.9369796560540176,"Negative,Positive_all",2,cedar,4.5763,STGHATPLPV,8.8642,STHATPLPV,True,0.060443780961733876
STPLPGTRVR,HLA-A1101,0.8484,1,9,1.7173,0.4706,0.7577,HLA-A*11:01,"34244308,34244308",STPLPGTRVR,STPPPGTRVR,0,0,158.0,149.0,True,Conserved,-3,STLPGTRVR,-11,STLPGTRVR,"2,4,5,6,7",1.791759469228055,STPPPGTRR,0.09653400000000001,STPLPGTRVR,STPLPGTRVR,STPPPGTRVR,Positive,10,10,10,10,10,10,"0,1,8",0.903466,3,1.3862943611198906,substitution,0.5,0.8930928807166431,"Positive_all,Negative",2,cedar,0.8484,STPPPGTRVR,0.7577,STPPPGTRR,True,0.07899332134325679
SVFTLTADR,HLA-A1101,0.6712,0,9,0.0745,0.8109,8.3855,HLA-A*11:01,27198675,SVFTLTADR,SVFTLTALS,0,0,138.0,130.0,False,Improved,-5,SVFTLTADR,-5,SVFTLTADR,"7,8",1.791759469228055,SVFTLTALS,0.06784400000000002,SVFTLTADR,SVFTLTADR,SVFTLTALS,Negative,9,9,9,9,9,9,"0,1,8",0.932156,"7,8",1.791759469228055,substitution,0.0,12.493295589988081,Negative,1,cedar,0.6712,SVFTLTALS,8.3855,SVFTLTALS,True,0.14896681940202114
TELERFLEY,HLA-B4402,0.0155,0,9,0.0092,0.7984,0.0159,HLA-B*44:02,33479501,TELERFLEY,TELERSLEY,0,0,202.0,194.0,False,Conserved,-2,TELERFLEY,-2,TELERFLEY,5,0.6931471805599453,TELERSLEY,0.086561,TELERFLEY,TELERFLEY,TELERSLEY,Negative,9,9,9,9,9,9,"1,8",0.913439,5,0.6931471805599453,substitution,0.0,1.0258064516129033,Negative,1,cedar,0.0155,TELERSLEY,0.0159,TELERSLEY,True,0.35917188143602347
TFITIGDTNF,HLA-A2402,0.3781,0,9,0.4181,0.4859,0.5022,HLA-A*24:02,"34270940,34270940",TFITIGDTNF,TFITIGDRNF,0,0,57.0,48.0,False,Conserved,-1,TFITIGDTF,-1,TFITIGDTF,7,0.6931471805599453,TFITIGDRF,0.054849999999999954,TFITIGDTNF,TFITIGDTNF,TFITIGDRNF,Negative,10,10,10,10,10,10,"1,8",0.94515,7,0.6931471805599453,substitution,0.0,1.3282200476064534,"Negative,Negative",2,cedar,0.3781,TFITIGDRNF,0.5022,TFITIGDRF,True,0.2485248209559778
TIQKFLSLK,HLA-A0301,0.0972,1,9,0.0481,0.7133,0.0724,HLA-A*03:01,31511069,TIQKFLSLK,TIKKFLSLK,0,0,118.0,110.0,False,Conserved,1,TIQKFLSLK,1,TIQKFLSLK,2,0.6931471805599453,TIKKFLSLK,0.03854400000000002,TIQKFLSLK,TIQKFLSLK,TIKKFLSLK,Positive,9,9,9,9,9,9,"0,1,8",0.961456,2,0.6931471805599453,substitution,1.0,0.7448559670781894,Positive_all,1,cedar,0.0972,TIKKFLSLK,0.0724,TIKKFLSLK,True,0.34339462695118045
TLPEEFHEF,HLA-A2402,0.0712,1,9,0.1079,0.477,0.2189,HLA-A*24:02,33537174,TLPEEFHEF,TLPEEFHDF,0,0,117.0,109.0,False,Conserved,2,TLPEEFHEF,2,TLPEEFHEF,7,1.3862943611198906,TLPEEFHDF,0.035380999999999996,TLPEEFHEF,TLPEEFHEF,TLPEEFHDF,Positive,9,9,9,9,9,9,"1,8",0.964619,7,1.3862943611198906,substitution,1.0,3.074438202247191,Positive_all,1,cedar,0.0712,TLPEEFHDF,0.2189,TLPEEFHDF,True,0.27039966917280456
TLQELSHAL,HLA-A0201,0.0335,0,9,0.1234,0.8163,6.9625,HLA-A*02:01,30556813,TLQELSHAL,RQELSHAL,0,1,22.0,14.0,True,Improved,-2,TLQELSHAL,-9,TLQELSHAL,"0,1,2",0.0,RQ-ELSHAL,0.07691800000000004,TLQELSHAL,TLQELSHAL,RQELSHAL,Negative,9,9,8,9,8,9,"1,3,8",0.923082,1,1.3862943611198906,substitution,0.0,207.83582089552237,Negative,1,cedar,0.0335,TRQELSHAL,9.7071,TRQELSHAL,True,0.15194990653909884
TPKTEPRRRK,HLA-B0702,4.727,0,9,14.1594,0.0861,3.6913,HLA-B*07:02,27198675,TPKTEPRRRK,TPKAEPRRRK,0,0,30.0,21.0,False,Conserved,0,TPKEPRRRK,-1,TPKEPRRRK,2,-1.0,TPAEPRRRK,0.04238900000000001,TPKTEPRRRK,TPKTEPRRRK,TPKAEPRRRK,Negative,10,10,10,10,10,10,"1,8",0.957611,3,1.3862943611198906,substitution,0.0,0.7808969748254706,Negative,1,cedar,4.727,TPKAEPRRRK,3.6913,TPAEPRRRK,True,0.10195443175099163
TPLPGTRVRA,HLA-B5401,0.0572,1,9,0.1514,0.4551,0.6338,HLA-B*54:01,"34244308,34244308",TPLPGTRVRA,TPPPGTRVRA,0,0,159.0,150.0,False,Improved,-3,TPLPGTRVA,-3,TPLPGTVRA,2,1.3862943611198906,TPPPGTVRA,0.08163200000000004,TPLPGTRVRA,TPLPGTRVRA,TPPPGTRVRA,Positive,10,10,10,10,10,10,"1,8",0.918368,2,1.3862943611198906,substitution,0.5,11.08041958041958,"Positive_all,Negative",2,cedar,0.0572,TPPPGTRVRA,0.6338,TPPPGTVRA,True,0.22423955609347201
TRKNKKLAL,HLA-B0801,0.0973,0,9,0.1358,0.4415,4.7159,HLA-B*08:01,33479501,TRKNKKLAL,TRKNKKLAP,0,0,3236.0,3228.0,True,Improved,-3,TRKNKKLAL,-3,TRKNKKLAL,8,1.3862943611198906,TRKNKKLAP,0.027088,TRKNKKLAL,TRKNKKLAL,TRKNKKLAP,Negative,9,9,9,9,9,9,"1,4,8",0.972912,8,1.3862943611198906,substitution,0.0,48.467625899280584,Negative,1,cedar,0.0973,TRKNKKLAP,4.7159,TRKNKKLAP,True,0.12282496798461226
TSDYLSQSY,HLA-A0101,0.0019,1,9,0.0085,0.819,0.0017,HLA-A*01:01,"29545564,29545564",TSDYLSQSY,TSDYVSQSY,0,0,174.0,166.0,False,Conserved,1,TSDYLSQSY,1,TSDYLSQSY,4,1.791759469228055,TSDYVSQSY,0.040139000000000036,TSDYLSQSY,TSDYLSQSY,TSDYVSQSY,Positive,9,9,9,9,9,9,"1,2,8",0.959861,4,1.791759469228055,substitution,0.5,0.8947368421052632,"Positive_all,Negative",2,cedar,0.0019,TSDYVSQSY,0.0017,TSDYVSQSY,True,0.25578936043307515
VAKGFISRM,HLA-C1203,0.0195,0,9,0.0613,0.7371,0.3798,HLA-C*12:03,30556813,VAKGFISRM,VAEGFISRM,0,0,320.0,312.0,False,Conserved,1,VAKGFISRM,1,VAKGFISRM,2,0.6931471805599453,VAEGFISRM,0.045211,VAKGFISRM,VAKGFISRM,VAEGFISRM,Negative,9,9,9,9,9,9,"1,8",0.954789,2,0.6931471805599453,substitution,0.0,19.47692307692308,Negative,1,cedar,0.0195,VAEGFISRM,0.3798,VAEGFISRM,True,0.30564155399121395
VGADGVGKSAL,HLA-C0102,3.6696,0,9,2.62,0.1495,2.3552,HLA-C*01:02,30556813,GADGVGKSAL,AGGVGKSAL,1,2,19.0,9.0,True,Conserved,-1,GADGVGSAL,-9,GADGVGSAL,"0,1,2,3,4,5",2.8903717578961645,AGGVGKSAL,0.06817200000000001,GADGVGKSAL,GADGVGKSAL,AGGVGKSAL,Negative,11,10,9,10,9,11,"1,2,8",0.931828,3,0.6931471805599453,substitution,0.0,0.6418138216699367,Negative,1,cedar,4.0727,VGAGGVGKSAL,5.5482,VGAGGVSAL,True,0.09793578447592514
VLNPFIYML,HLA-A0201,0.014,1,9,0.018,0.9389,0.0047,HLA-A*02:01,30418433,VLNPFIYML,VLNPFIYTL,0,0,292.0,284.0,False,Conserved,-1,VLNPFIYML,-1,VLNPFIYML,7,0.0,VLNPFIYTL,0.04830599999999996,VLNPFIYML,VLNPFIYML,VLNPFIYTL,Positive,9,9,9,9,9,9,"1,3,8",0.951694,7,0.0,substitution,1.0,0.33571428571428574,Positive_all,1,cedar,0.014,VLNPFIYTL,0.0047,VLNPFIYTL,True,0.686440135898085
VLSNDVCAQV,HLA-A0201,0.6558,1,9,0.1947,0.7928,2.2698,HLA-A*02:01,"19483644,19483644,19483644,19483644,19483644",VLSNDVCAQV,ISNDVCAQV,0,1,188.0,179.0,True,Improved,2,VLSNDVAQV,-1,VLSNDVAQV,"0,1,2,3,4,5",2.3978952727983707,ISNDVCAQV,0.03963399999999995,VLSNDVCAQV,VLSNDVCAQV,ISNDVCAQV,Positive,10,10,9,10,9,10,"1,3,8",0.960366,1,1.3862943611198906,substitution,0.6,3.4611161939615736,"Positive_all,Negative,Positive_all,Negative,Positive_all",5,cedar,0.6558,VISNDVCAQV,2.6365,VISNDVAQV,True,0.14254142428626962
VLWDYVYQL,HLA-A0201,0.0036,1,9,0.0083,0.906,0.0065,HLA-A*02:01,"31921104,31921104,31921104,31921104",VLWDYVYQL,LLWDYVYQL,0,0,156.0,148.0,False,Conserved,1,VLWDYVYQL,1,VLWDYVYQL,0,1.791759469228055,LLWDYVYQL,0.01396799999999998,VLWDYVYQL,VLWDYVYQL,LLWDYVYQL,Positive,9,9,9,9,9,9,"1,3,8",0.986032,0,1.791759469228055,substitution,1.0,1.8055555555555556,"Positive_all,Positive_all,Positive_all,Positive_all",4,cedar,0.0036,LLWDYVYQL,0.0065,LLWDYVYQL,True,0.5802297867853481
VLWDYVYQLL,HLA-A0201,0.0036,1,9,0.1013,0.8004,0.0065,HLA-A*02:01,"31921104,31921104,31921104",VLWDYVYQL,LLWDYVYQL,0,0,157.0,148.0,False,Conserved,1,VLWDYVQLL,1,VLWDYVYQL,0,1.791759469228055,LLWDYVYQL,0.01396799999999998,VLWDYVYQLL,VLWDYVYQL,LLWDYVYQL,Positive,10,9,9,9,9,10,"1,3,8",0.986032,0,1.791759469228055,substitution,1.0,1.8055555555555556,"Positive_all,Positive_all,Positive_all",3,cedar,0.2129,LLWDYVYQLL,0.3489,LLWDYVYQL,True,0.5140097142825997
VMDISYLNL,HLA-A0201,0.7307,0,9,0.0801,0.299,0.5039,HLA-A*02:01,27198675,VMDISYLNL,VMDIPYLNL,0,0,435.0,427.0,False,Conserved,-1,VMDISYLNL,-1,VMDISYLNL,4,1.3862943611198906,VMDIPYLNL,0.08847099999999997,VMDISYLNL,VMDISYLNL,VMDIPYLNL,Negative,9,9,9,9,9,9,"1,3,8",0.911529,4,1.3862943611198906,substitution,0.0,0.6896127001505405,Negative,1,cedar,0.7307,VMDIPYLNL,0.5039,VMDIPYLNL,True,0.191534908290404
VMYNWKMVI,HLA-A0201,0.9583,0,9,0.0091,0.5018,0.5844,HLA-A*02:01,31511069,VMYNWKMVI,VMYNWTMVI,0,0,259.0,251.0,False,Conserved,-1,VMYNWKMVI,-1,VMYNWKMVI,5,0.6931471805599453,VMYNWTMVI,0.07510899999999998,VMYNWKMVI,VMYNWKMVI,VMYNWTMVI,Negative,9,9,9,9,9,9,"1,3,8",0.924891,5,0.6931471805599453,substitution,0.0,0.6098299071272044,Negative,1,cedar,0.9583,VMYNWTMVI,0.5844,VMYNWTMVI,True,0.3392012940597347
VPRFVFKLY,HLA-B0702,0.305,0,9,0.9261,0.3919,0.1212,HLA-B*07:02,27198675,VPRFVFKL,VPRFVSKL,0,0,3303.0,3295.0,False,Conserved,-2,VPRFVFKLY,-2,VPR-FVFKL,6,0.6931471805599453,VPR-FVSKL,0.09653199999999995,VPRFVFKLY,VPRFVFKL,VPRFVSKL,Negative,9,8,8,8,8,9,"1,8",0.903468,5,0.6931471805599453,substitution,0.0,0.3973770491803279,Negative,1,cedar,1.2756,VPRFVSKLY,0.8971,VPRFVSKLY,True,0.23558592157455552
VPRFVFKLYY,HLA-B3501,0.4181,0,9,0.9248,0.4597,0.2156,HLA-B*35:01,27198675,VPRFVFKLY,VPRFVSKLY,0,0,3304.0,3295.0,False,Conserved,-2,VRFVFKLYY,-2,VPRFVFKLY,5,0.6931471805599453,VPRFVSKLY,0.09184999999999999,VPRFVFKLYY,VPRFVFKLY,VPRFVSKLY,Negative,10,9,9,9,9,10,"1,8",0.90815,5,0.6931471805599453,substitution,0.0,0.5156661085864626,Negative,1,cedar,0.9604,VPRFVSKLYY,0.4871,VPFVSKLYY,True,0.2194733722497769
VPSRSDGDSSF,HLA-B3501,0.3616,0,9,1.4458,0.3238,12.0916,HLA-B*35:01,27198675,VPSRSDGDSSF,VPSRSDGDSSS,0,0,527.0,517.0,True,Improved,-2,VPSDGDSSF,-2,VPSDGDSSF,8,0.6931471805599453,VPSDGDSSS,0.013229999999999964,VPSRSDGDSSF,VPSRSDGDSSF,VPSRSDGDSSS,Negative,11,11,11,11,11,11,"1,8",0.98677,10,0.6931471805599453,substitution,0.0,33.4391592920354,Negative,1,cedar,0.3616,VPSRSDGDSSS,12.0916,VPSDGDSSS,True,0.08153659051353365
VQKVASKIPF,HLA-B1501,0.4907,0,9,0.0694,0.7399,4.8241,HLA-B*15:01,33479501,VQKVASKIPF,VQKVASKI,0,0,218.0,209.0,True,Improved,-2,VQKASKIPF,-12,VQKASKIPF,"3,4,5,6,7,8",0.0,VQK-VASKI,0.07471099999999997,VQKVASKIPF,VQKVASKIPF,VQKVASKI,Negative,10,10,8,10,8,10,"1,8",0.925289,9,0.6931471805599453,substitution,0.0,9.83105767271245,Negative,1,cedar,0.4907,VQKVASKIPS,23.0,VQKVASIPS,True,0.11731171285797931
VSQPVAPSY,HLA-A0101,0.0889,0,9,0.1162,0.6456,0.685,HLA-A*01:01,30556813,VSQPVAPSY,VPQPVAPSY,0,0,285.0,277.0,True,Improved,-1,VSQPVAPSY,-1,VSQPVAPSY,1,1.3862943611198906,VPQPVAPSY,0.04989500000000002,VSQPVAPSY,VSQPVAPSY,VPQPVAPSY,Negative,9,9,9,9,9,9,"1,2,8",0.950105,1,1.3862943611198906,substitution,0.0,7.705286839145107,Negative,1,cedar,0.0889,VPQPVAPSY,0.685,VPQPVAPSY,True,0.15898999755194645
VTFGSLPPA,HLA-A0201,1.5709,0,9,0.1602,0.6365,11.6885,HLA-A*02:01,"35193931,35193931",VTFGSLPPA,VNFGSLPPA,0,0,1999.0,1991.0,True,Improved,0,VTFGSLPPA,0,VTFGSLPPA,1,0.6931471805599453,VNFGSLPPA,0.04354999999999998,VTFGSLPPA,VTFGSLPPA,VNFGSLPPA,Negative,9,9,9,9,9,9,"1,3,8",0.95645,1,0.6931471805599453,substitution,0.0,7.440639124069005,"Negative,Negative",2,cedar,1.5709,VNFGSLPPA,11.6885,VNFGSLPPA,True,0.13061657416947173
WLEWWHVQPTL,HLA-A0201,1.5783,0,9,1.0136,0.5837,3.8899,HLA-A*02:01,27198675,WLEWWHVQPTL,WLEWRHVQPTL,0,0,456.0,446.0,False,Conserved,-3,WLWHVQPTL,-3,WLWHVQPTL,2,-1.0,WLEHVQPTL,0.12101200000000001,WLEWWHVQPTL,WLEWWHVQPTL,WLEWRHVQPTL,Negative,11,11,11,11,11,11,"1,3,8",0.878988,4,0.6931471805599453,substitution,0.0,2.464613825001584,Negative,1,cedar,1.5783,WLEWRHVQPTL,3.8899,WLEHVQPTL,True,0.29212931057828945
WLFGMDLNKI,HLA-A0201,1.282,0,9,0.3939,0.7423,2.2249,HLA-A*02:01,31511069,WLFGMDLNKI,WLFGMDLNKM,0,0,904.0,895.0,True,Conserved,1,WLFGDLNKI,1,WLFGDLNKI,8,1.0986122886681098,WLFGDLNKM,0.010821999999999998,WLFGMDLNKI,WLFGMDLNKI,WLFGMDLNKM,Negative,10,10,10,10,10,10,"1,3,8",0.989178,9,1.0986122886681098,substitution,0.0,1.735491419656786,Negative,1,cedar,1.282,WLFGMDLNKM,2.2249,WLFGDLNKM,True,0.1359113232870589
WLFWGLTYI,HLA-A0201,0.3158,0,9,0.014,0.9444,0.5715,HLA-A*02:01,27198675,WLFWGLTYI,WLSWGLTYI,0,0,185.0,177.0,False,Conserved,-2,WLFWGLTYI,-2,WLFWGLTYI,2,0.6931471805599453,WLSWGLTYI,0.09152300000000002,WLFWGLTYI,WLFWGLTYI,WLSWGLTYI,Negative,9,9,9,9,9,9,"1,3,8",0.908477,2,0.6931471805599453,substitution,0.0,1.8096896770107662,Negative,1,cedar,0.3158,WLSWGLTYI,0.5715,WLSWGLTYI,True,0.5872019742389651
WLLLCIPGL,HLA-A0206,2.3956,0,9,0.138,0.7832,2.8313,HLA-A*02:06,34193879,WLLLCIPGL,WLLLCNPGL,0,0,500.0,492.0,False,Conserved,-3,WLLLCIPGL,-3,WLLLCIPGL,5,0.6931471805599453,WLLLCNPGL,0.10481200000000002,WLLLCIPGL,WLLLCIPGL,WLLLCNPGL,Negative,9,9,9,9,9,9,"1,3,8",0.895188,5,0.6931471805599453,substitution,0.0,1.1818751043579898,Negative,1,cedar,2.3956,WLLLCNPGL,2.8313,WLLLCNPGL,True,0.41219857017163875
WVAPDSHIF,HLA-B1501,0.4493,0,9,0.0761,0.7192,0.4365,HLA-B*15:01,27198675,WVAPDSHIF,WVAPDGHIF,0,0,85.0,77.0,False,Conserved,0,WVAPDSHIF,0,WVAPDSHIF,5,0.6931471805599453,WVAPDGHIF,0.07469599999999998,WVAPDSHIF,WVAPDSHIF,WVAPDGHIF,Negative,9,9,9,9,9,9,"1,8",0.925304,5,0.6931471805599453,substitution,0.0,0.9715112397062097,Negative,1,cedar,0.4493,WVAPDGHIF,0.4365,WVAPDGHIF,True,0.1816503708802243
YILKYSVFL,HLA-A0201,0.1928,1,9,0.0627,0.7002,0.231,HLA-A*02:01,"31685621,31685621,31685621",YILKYSVFL,YISKYSVFL,0,0,2234.0,2226.0,False,Conserved,-2,YILKYSVFL,-2,YILKYSVFL,2,0.6931471805599453,YISKYSVFL,0.06408199999999997,YILKYSVFL,YILKYSVFL,YISKYSVFL,Positive,9,9,9,9,9,9,"1,3,8",0.935918,2,0.6931471805599453,substitution,1.0,1.1981327800829875,"Positive_all,Positive_all,Positive_all",3,cedar,0.1928,YISKYSVFL,0.231,YISKYSVFL,True,0.315591197961423
YIRARIFLI,HLA-A0201,3.2625,0,9,0.0214,0.7297,18.9516,HLA-A*02:01,31511069,YIRARIFLI,DIRARIFLI,0,0,663.0,655.0,False,Conserved,-3,YIRARIFLI,-3,YIRARIFLI,0,0.6931471805599453,DIRARIFLI,0.03401399999999999,YIRARIFLI,YIRARIFLI,DIRARIFLI,Negative,9,9,9,9,9,9,"1,3,8",0.965986,0,0.6931471805599453,substitution,0.0,5.808919540229884,Negative,1,cedar,3.2625,DIRARIFLI,18.9516,DIRARIFLI,True,0.20954254005745954
YLLNIPGPIYI,HLA-A0201,0.0468,0,9,0.1149,0.7943,0.4711,HLA-A*02:01,31511069,YLLNIPGPIYI,YLLNIPGPIDI,0,0,1735.0,1725.0,False,Conserved,-3,YLLPGPIYI,-3,YLLPGPIYI,7,0.6931471805599453,YLLPGPIDI,0.043672000000000044,YLLNIPGPIYI,YLLNIPGPIYI,YLLNIPGPIDI,Negative,11,11,11,11,11,11,"1,3,8",0.956328,9,0.6931471805599453,substitution,0.0,10.066239316239317,Negative,1,cedar,0.0468,YLLNIPGPIDI,0.4711,YLLPGPIDI,True,0.5915557601967966
YLRKRQVLIFL,HLA-A0201,2.3311,0,9,0.1385,0.5789,15.1644,HLA-A*02:01,31511069,YLRKRQVLI,DLRKRQVLI,0,0,17.0,7.0,False,Conserved,-3,YLRKRQVLL,-3,YLRKRQVLI,0,0.6931471805599453,DLRKRQVLI,0.03198999999999996,YLRKRQVLIFL,YLRKRQVLI,DLRKRQVLI,Negative,11,9,9,9,9,11,"1,3,8",0.96801,0,0.6931471805599453,substitution,0.0,6.505255029814251,Negative,1,cedar,5.6776,DLRKRQVLIFL,27.9355,DLRQVLIFL,True,0.19947660932913702
YLYHRVDVIF,HLA-A0201,0.1942,1,9,0.1136,0.6357,4.8562,HLA-A*02:01,30700903,YLYHRVDVI,DLYHRVDVI,0,0,798.0,789.0,False,Improved,-3,YYHRVDVIF,-3,YLYHRVDVI,0,0.6931471805599453,DLYHRVDVI,0.03857299999999997,YLYHRVDVIF,YLYHRVDVI,DLYHRVDVI,Positive,10,9,9,9,9,10,"1,3,8",0.961427,0,0.6931471805599453,substitution,1.0,25.00617919670443,Positive_all,1,cedar,5.294,DLYHRVDVIF,23.0182,DLYHVDVIF,True,0.36260944894121383
YMMNSVQENF,HLA-B4402,3.6503,1,9,0.0092,0.8338,5.7756,HLA-B*44:02,32226429,MMNSVQENF,MMNSVLENF,1,1,343.0,334.0,False,Conserved,-2,YMMNSVQEF,-2,MMNSVQENF,5,0.6931471805599453,MMNSVLENF,0.07724900000000001,YMMNSVQENF,MMNSVQENF,MMNSVLENF,Positive,10,9,9,9,9,10,"1,8",0.922751,6,0.6931471805599453,substitution,1.0,1.5822261184012272,Positive_all,1,cedar,9.9081,YMMNSVLENF,14.473,YMMNSVLEF,True,0.10839065665330867
YMSHRELSAWV,HLA-A0201,1.1586,0,9,0.3615,0.8261,1.9972,HLA-A*02:01,31511069,YMSHRELSA,YMSHRELPA,0,0,131.0,121.0,False,Conserved,-1,YMSELSAWV,-1,YMSHRELSA,7,1.3862943611198906,YMSHRELPA,0.05075700000000005,YMSHRELSAWV,YMSHRELSA,YMSHRELPA,Negative,11,9,9,9,9,11,"1,3,8",0.949243,7,1.3862943611198906,substitution,0.0,1.7238045917486622,Negative,1,cedar,2.802,YMSHRELPAWV,2.3707,YMSELPAWV,True,0.07952930947961272
YMYLRQLFHI,HLA-A0201,1.8054,1,9,0.0611,0.697,2.444,HLA-A*02:01,"33262196,33262196",YMYLRQLFHI,YMYLRQLFRI,0,0,283.0,274.0,True,Conserved,0,YYLRQLFHI,-1,YMYRQLFHI,"2,7",0.6931471805599453,YMLRQLFRI,0.03848600000000002,YMYLRQLFHI,YMYLRQLFHI,YMYLRQLFRI,Positive,10,10,10,10,10,10,"1,3,8",0.961514,8,0.6931471805599453,substitution,1.0,1.3537166278940955,"Positive_all,Positive_all",2,cedar,1.8054,YMYLRQLFRI,2.444,YMLRQLFRI,True,0.3161290348086209
YPAPQPPVL,HLA-B0801,0.0836,0,9,0.0061,0.7668,0.1456,HLA-B*08:01,30556813,YPAPQPPVL,SPAPQPPVL,0,0,414.0,406.0,False,Conserved,-2,YPAPQPPVL,-2,YPAPQPPVL,0,0.6931471805599453,SPAPQPPVL,0.02693000000000001,YPAPQPPVL,YPAPQPPVL,SPAPQPPVL,Negative,9,9,9,9,9,9,"1,4,8",0.97307,0,0.6931471805599453,substitution,0.0,1.7416267942583734,Negative,1,cedar,0.0836,SPAPQPPVL,0.1456,SPAPQPPVL,True,0.39619841308517334
YSYWSIILGY,HLA-B1501,1.6328,0,9,0.0177,0.8212,4.8758,HLA-B*15:01,27198675,YSYWSIILGY,YPYWSIILGY,0,0,579.0,570.0,True,Conserved,-1,YYWSIILGY,-1,YSYSIILGY,1,1.3862943611198906,YPYSIILGY,0.04332899999999995,YSYWSIILGY,YSYWSIILGY,YPYWSIILGY,Negative,10,10,10,10,10,10,"1,8",0.956671,1,1.3862943611198906,substitution,0.0,2.9861587457128858,Negative,1,cedar,1.6328,YPYWSIILGY,4.8758,YPYSIILGY,True,0.326305921799509
YYNFEGDIALL,HLA-A2402,0.6247,0,9,0.6703,0.4146,0.7584,HLA-A*24:02,"34270940,34270940",YYNFEGDIALL,SYNFEGDIALL,0,0,575.0,565.0,False,Conserved,-2,YYNGDIALL,-2,YYNGDIALL,0,0.6931471805599453,SYNGDIALL,0.01804300000000003,YYNFEGDIALL,YYNFEGDIALL,SYNFEGDIALL,Negative,11,11,11,11,11,11,"1,8",0.981957,0,0.6931471805599453,substitution,0.0,1.2140227309108371,"Negative,Negative",2,cedar,0.6247,SYNFEGDIALL,0.7584,SYNGDIALL,True,0.20162834136211483
